### Random Forest prediction
genome	codon	ori_aa	rea_aa	fitch	Fisher_pval	Gene_frac	N._rea	N._used	Cod._count	Sub._count	G._len	codon_lik	id	prediction	probability
candub	AGT	S	L	0.0	0.0339500143606	0.125	0.0327868852459	0.786885245902	0.181547619048	0.0119047619048	6160.0	-1.86502609993	9.0	0.0	0.0
candub	TCC	S	L	0.0	0.0339500143606	0.166666666667	0.0588235294118	0.676470588235	0.10119047619	0.0119047619048	6160.0	-1.49540078844	31.0	0.0	0.0
zygro	TCG	S	L	0.0	0.0510750705214	0.153846153846	0.0689655172414	0.724137931034	0.0779569892473	0.00806451612903	6158.0	-1.58615384615	30.0	0.0	0.0
zygro	TCT	S	L	0.0	0.0510750705214	0.0625	0.010101010101	0.79797979798	0.266129032258	0.00806451612903	6158.0	-1.85707824514	29.0	0.0	0.0
ogapa	TCT	S	L	0.0	0.616375239416	0.0714285714286	0.0123456790123	0.753086419753	0.231428571429	0.00857142857143	6151.0	-1.8893214683	29.0	0.0	0.0
ogapa	AGC	S	L	0.0	0.616375239416	0.0769230769231	0.0204081632653	0.571428571429	0.14	0.00857142857143	6151.0	-1.96494464945	11.0	0.0	0.0
ogapa	TCC	S	L	0.0	0.616375239416	0.0714285714286	0.0138888888889	0.805555555556	0.205714285714	0.00857142857143	6151.0	-1.83738317757	31.0	0.0	0.0
canta	TCG	S	L	0.0	0.193584786745	0.0714285714286	0.0178571428571	0.803571428571	0.164705882353	0.00588235294118	6108.0	-1.87349879904	30.0	0.0	0.0
canta	AGT	S	L	0.0	0.193584786745	0.0769230769231	0.0232558139535	0.651162790698	0.126470588235	0.00588235294118	6108.0	-2.0577540107	9.0	0.0	0.0
cybja	AGT	S	L	0.0	0.268482466091	0.0714285714286	0.02	0.7	0.147492625369	0.00294985250737	5899.0	-1.89596412556	9.0	0.0	0.0
meygui	TCG	S	L	1.0	0.617349498451	0.133333333333	0.0277777777778	0.583333333333	0.209302325581	0.00872093023256	5676.0	-1.85330836454	30.0	0.0	0.0
meygui	TCT	S	L	1.0	0.617349498451	0.0666666666667	0.0125	0.675	0.232558139535	0.00872093023256	5676.0	-1.82449209932	29.0	0.0	0.0
clalu	TCC	S	L	0.0	0.368179671136	0.125	0.0294117647059	0.75	0.217252396166	0.00958466453674	5703.0	-1.85676392573	31.0	0.0	0.0
clalu	TCA	S	L	0.0	0.368179671136	0.0714285714286	0.0227272727273	0.818181818182	0.140575079872	0.00958466453674	5703.0	-1.72745694022	28.0	0.0	0.0
pacta	AGT	S	L	0.0	0.613519817446	0.0625	0.0142857142857	0.628571428571	0.202898550725	0.00869565217391	5806.0	-1.93637532134	9.0	0.0	0.0
pacta	TCA	S	L	0.0	0.613519817446	0.133333333333	0.0168067226891	0.773109243697	0.344927536232	0.00869565217391	5806.0	-1.77099811676	28.0	0.0	0.0
klula	TCT	S	L	0.0	0.846007551396	0.0625	0.00900900900901	0.720720720721	0.306629834254	0.00276243093923	6161.0	-1.91493691494	29.0	0.0	0.0
canalb	TCG	S	L	0.0	0.152549977136	0.1	0.037037037037	0.555555555556	0.0803571428571	0.014880952381	6161.0	-1.86258278146	30.0	0.0	0.0
canalb	AGT	S	L	0.0	0.152549977136	0.125	0.0294117647059	0.779411764706	0.202380952381	0.014880952381	6161.0	-1.90453938585	9.0	0.0	0.0
canalb	TCC	S	L	0.0	0.152549977136	0.0833333333333	0.0322580645161	0.870967741935	0.0922619047619	0.014880952381	6161.0	-1.76149425287	31.0	0.0	0.0
canalb	TCA	S	L	0.0	0.152549977136	0.0625	0.00833333333333	0.75	0.357142857143	0.014880952381	6161.0	-1.84198645598	28.0	0.0	0.0
cangla	TCT	S	L	0.0	0.703475251174	0.133333333333	0.0175438596491	0.684210526316	0.303191489362	0.0132978723404	6142.0	-1.88822355289	29.0	0.0	0.0
cangla	AGT	S	L	0.0	0.703475251174	0.0714285714286	0.0172413793103	0.551724137931	0.154255319149	0.0132978723404	6142.0	-2.04862745098	9.0	0.0	0.0
cangla	AGC	S	L	0.0	0.703475251174	0.1	0.0294117647059	0.558823529412	0.0904255319149	0.0132978723404	6142.0	-1.99731543624	11.0	0.0	0.0
cangla	TCA	S	L	0.0	0.703475251174	0.0666666666667	0.0119047619048	0.666666666667	0.223404255319	0.0132978723404	6142.0	-1.77002164502	28.0	0.0	0.0
torde	TCG	S	L	0.0	0.547545158972	0.0833333333333	0.0204081632653	0.673469387755	0.130666666667	0.0133333333333	6162.0	-1.80925925926	30.0	0.0	0.0
torde	TCT	S	L	0.0	0.547545158972	0.0625	0.00869565217391	0.808695652174	0.306666666667	0.0133333333333	6162.0	-1.8431372549	29.0	0.0	0.0
torde	TCA	S	L	0.0	0.547545158972	0.125	0.037037037037	0.79012345679	0.216	0.0133333333333	6162.0	-1.65752658086	28.0	0.0	0.0
erecy	TCT	S	L	0.0	0.796137268671	0.0714285714286	0.00892857142857	0.839285714286	0.379661016949	0.00338983050847	4887.0	-1.88118022329	29.0	0.0	0.0
yarli	TCT	S	L	0.0	0.111903893072	0.0588235294118	0.00925925925926	0.648148148148	0.303370786517	0.00842696629213	6117.0	-1.84305497272	29.0	0.0	0.0
yarli	AGT	S	L	0.0	0.111903893072	0.0909090909091	0.03125	0.53125	0.0898876404494	0.00842696629213	6117.0	-1.84361549498	9.0	0.0	0.0
yarli	TCA	S	L	0.0	0.111903893072	0.0833333333333	0.0454545454545	0.590909090909	0.061797752809	0.00842696629213	6117.0	-1.69547325103	28.0	0.0	0.0
picpa	TCT	S	L	0.0	0.400548323869	0.142857142857	0.0222222222222	0.688888888889	0.263929618768	0.0117302052786	5902.0	-1.76319758673	29.0	0.0	0.0
picpa	AGC	S	L	0.0	0.400548323869	0.0769230769231	0.037037037037	0.555555555556	0.0791788856305	0.0117302052786	5902.0	-1.86643835616	11.0	0.0	0.0
picpa	TCC	S	L	0.0	0.400548323869	0.0666666666667	0.0166666666667	0.8	0.175953079179	0.0117302052786	5902.0	-1.88398203593	31.0	0.0	0.0
sacce	TCT	S	L	0.0	0.965661631059	0.0714285714286	0.0102040816327	0.816326530612	0.276056338028	0.00845070422535	6163.0	-1.8855560683	29.0	0.0	0.0
sacce	TCC	S	L	0.0	0.965661631059	0.0625	0.0185185185185	0.851851851852	0.152112676056	0.00845070422535	6163.0	-1.76788685524	31.0	0.0	0.0
sacce	TCA	S	L	0.0	0.965661631059	0.0625	0.0131578947368	0.855263157895	0.214084507042	0.00845070422535	6163.0	-1.83116883117	28.0	0.0	0.0
ashgo	TCT	S	L	0.0	0.125292401782	0.133333333333	0.0327868852459	0.83606557377	0.179411764706	0.00882352941176	6151.0	-1.72962962963	29.0	0.0	0.0
ashgo	TCA	S	L	0.0	0.125292401782	0.0714285714286	0.0277777777778	0.694444444444	0.105882352941	0.00882352941176	6151.0	-1.85245901639	28.0	0.0	0.0
debha	TCG	S	L	0.0	0.307850599881	0.0625	0.0126582278481	0.822784810127	0.221288515406	0.0112044817927	6165.0	-1.86678004535	30.0	0.0	0.0
debha	TCA	S	L	0.0	0.307850599881	0.2	0.0352941176471	0.729411764706	0.238095238095	0.0112044817927	6165.0	-1.74226254002	28.0	0.0	0.0
kazaf	TCG	S	L	0.0	0.741749663094	0.0714285714286	0.0277777777778	0.777777777778	0.102564102564	0.011396011396	6137.0	-1.88764044944	30.0	0.0	0.0
kazaf	TCT	S	L	0.0	0.741749663094	0.0588235294118	0.010752688172	0.795698924731	0.264957264957	0.011396011396	6137.0	-1.87772925764	29.0	0.0	0.0
kazaf	TCA	S	L	0.0	0.741749663094	0.0625	0.0208333333333	0.802083333333	0.273504273504	0.011396011396	6137.0	-1.80643634643	28.0	0.0	0.0
wican	TCA	S	L	0.0	0.564935042267	0.142857142857	0.0166666666667	0.75	0.380952380952	0.00634920634921	5128.0	-1.8379491018	28.0	0.0	0.0
cantro	TCT	S	L	0.0	0.680578934255	0.133333333333	0.0238095238095	0.785714285714	0.272727272727	0.012987012987	5377.0	-1.77074468085	29.0	0.0	0.0
cantro	TCC	S	L	0.0	0.680578934255	0.0909090909091	0.0285714285714	0.8	0.113636363636	0.012987012987	5377.0	-1.82070707071	31.0	0.0	0.0
cantro	TCA	S	L	0.0	0.680578934255	0.0588235294118	0.0104166666667	0.78125	0.311688311688	0.012987012987	5377.0	-1.89557109557	28.0	0.0	0.0
picme	TCG	S	L	0.0	0.839073831474	0.0625	0.0135135135135	0.635135135135	0.182266009852	0.0172413793103	6082.0	-1.76548406494	30.0	0.0	0.0
picme	TCT	S	L	0.0	0.839073831474	0.142857142857	0.020618556701	0.639175257732	0.238916256158	0.0172413793103	6082.0	-1.85914179104	29.0	0.0	0.0
picme	AGC	S	L	0.0	0.839073831474	0.0625	0.0238095238095	0.47619047619	0.103448275862	0.0172413793103	6082.0	-1.98358862144	11.0	0.0	0.0
picme	TCC	S	L	0.0	0.839073831474	0.0714285714286	0.0125	0.65	0.197044334975	0.0172413793103	6082.0	-1.87156477846	31.0	0.0	0.0
picme	TCA	S	L	0.0	0.839073831474	0.142857142857	0.0333333333333	0.6	0.147783251232	0.0172413793103	6082.0	-1.78959276018	28.0	0.0	0.0
lodelo	TCG	S	L	0.0	0.829586284921	0.0625	0.0166666666667	0.816666666667	0.191693290735	0.0159744408946	5494.0	-1.70067516879	30.0	0.0	0.0
lodelo	TCT	S	L	0.0	0.829586284921	0.153846153846	0.0408163265306	0.714285714286	0.156549520767	0.0159744408946	5494.0	-1.68516833485	29.0	0.0	0.0
lodelo	AGT	S	L	0.0	0.829586284921	0.0625	0.0138888888889	0.680555555556	0.230031948882	0.0159744408946	5494.0	-1.96328562539	9.0	0.0	0.0
lodelo	TCA	S	L	0.0	0.829586284921	0.0625	0.0126582278481	0.79746835443	0.252396166134	0.0159744408946	5494.0	-1.77903043968	28.0	0.0	0.0