### Random Forest prediction
genome	codon	ori_aa	rea_aa	fitch	Fisher pval	Gene frac	N. rea	N. used	Cod. count	Sub. count	G. len	codon_lik	id	prediction
Paracentrotus	GGG	G	S	0.0	0.93267658807	0.111111111111	0.0357142857143	0.821428571429	0.168674698795	0.0240963855422	1926.0	0.0468319559229	42.0	0.0
Paracentrotus	GGA	G	S	0.0	0.93267658807	0.25	0.0309278350515	0.927835051546	0.584337349398	0.0240963855422	1926.0	0.111471422781	40.0	0.0
Caenorhabditis	GGT	G	S	0.0	0.639456152724	0.333333333333	0.0882352941176	0.764705882353	0.53125	0.0703125	1865.0	0.22896393818	41.0	0.0
Caenorhabditis	GGA	G	S	0.0	0.639456152724	0.333333333333	0.0833333333333	0.777777777778	0.28125	0.0703125	1865.0	0.175660792952	40.0	0.0
Physcomitrella_patens	GGT	G	S	0.0	0.378947303005	0.0909090909091	0.0138888888889	0.986111111111	0.376963350785	0.00523560209424	1926.0	0.0978230917608	41.0	0.0
Schistosoma	GGT	G	S	0.0	0.419880710709	0.363636363636	0.0588235294118	0.611764705882	0.586206896552	0.0758620689655	1800.0	0.162566107151	41.0	0.0
Schistosoma	GGG	G	S	0.0	0.419880710709	0.3	0.0967741935484	0.645161290323	0.213793103448	0.0758620689655	1800.0	0.306340238544	42.0	0.0
Schistosoma	GGA	G	S	0.0	0.419880710709	0.333333333333	0.130434782609	0.434782608696	0.158620689655	0.0758620689655	1800.0	0.360807401177	40.0	0.0
Fasciola	GGT	G	S	0.0	0.543811799316	0.454545454545	0.0588235294118	0.576470588235	0.537974683544	0.0569620253165	1825.0	0.0494797687861	41.0	0.0
Fasciola	GGG	G	S	0.0	0.543811799316	0.166666666667	0.051724137931	0.706896551724	0.367088607595	0.0569620253165	1825.0	-0.0199335548173	42.0	0.0
Fasciola	GGA	G	S	0.0	0.543811799316	0.142857142857	0.1	0.5	0.0632911392405	0.0569620253165	1825.0	-0.322709163347	40.0	0.0
Dunaliella_salina	GGT	G	S	0.0	0.355932850026	0.428571428571	0.0294117647059	0.803921568627	0.766917293233	0.0300751879699	1392.0	0.0891146032963	41.0	0.0
Dunaliella_salina	GGA	G	S	0.0	0.355932850026	0.2	0.1	0.7	0.0751879699248	0.0300751879699	1392.0	0.0447470817121	40.0	0.0
Patiria	GGT	G	S	0.0	0.811109674218	0.111111111111	0.0384615384615	0.846153846154	0.154761904762	0.0416666666667	1926.0	0.0848765432099	41.0	0.0
Patiria	GGG	G	S	0.0	0.811109674218	0.166666666667	0.0625	0.84375	0.190476190476	0.0416666666667	1926.0	0.182656826568	42.0	0.0
Patiria	GGA	G	S	0.0	0.811109674218	0.25	0.0337078651685	0.932584269663	0.529761904762	0.0416666666667	1926.0	0.104401681044	40.0	0.0
Patiria	GGC	G	S	0.0	0.811109674218	0.125	0.047619047619	0.952380952381	0.125	0.0416666666667	1926.0	0.171508903468	43.0	0.0
Chaetosphaeridium_globosum	GGT	G	S	0.0	0.815872952303	0.0833333333333	0.00862068965517	0.974137931034	0.60103626943	0.0103626943005	1930.0	0.114417650077	41.0	0.0
Chaetosphaeridium_globosum	GGA	G	S	0.0	0.815872952303	0.0909090909091	0.0169491525424	0.966101694915	0.305699481865	0.0103626943005	1930.0	0.126755852843	40.0	0.0
Mesostigma_viride	GGT	G	S	7.0	0.404391534942	0.272727272727	0.0322580645161	0.956989247312	0.497326203209	0.0160427807487	1873.0	0.134762308998	41.0	0.0
Pseudendoclonium_akinetum	GGG	G	S	1.0	0.226190441254	0.0909090909091	0.0277777777778	0.916666666667	0.2	0.00555555555556	1930.0	0.147531891292	42.0	0.0
Lumbricus	GGG	G	S	0.0	0.434142114953	0.0909090909091	0.0196078431373	0.882352941176	0.349315068493	0.0342465753425	1920.0	0.0821705426357	42.0	0.0
Lumbricus	GGA	G	S	0.0	0.434142114953	0.25	0.0666666666667	0.822222222222	0.308219178082	0.0342465753425	1920.0	0.20079086116	40.0	0.0
Lumbricus	GGC	G	S	0.0	0.434142114953	0.142857142857	0.0416666666667	0.916666666667	0.164383561644	0.0342465753425	1920.0	0.177033492823	43.0	0.0
Halocynthia	GGT	G	S	0.0	0.829234329288	0.363636363636	0.0875	0.5625	0.559440559441	0.0839160839161	1893.0	0.198683568991	41.0	0.0
Halocynthia	GGG	G	S	0.0	0.829234329288	0.333333333333	0.102564102564	0.717948717949	0.272727272727	0.0839160839161	1893.0	0.324337831084	42.0	0.0
Halocynthia	GGA	G	S	0.0	0.829234329288	0.111111111111	0.0454545454545	0.727272727273	0.153846153846	0.0839160839161	1893.0	0.0944444444444	40.0	0.0
Limulus	GGT	G	S	0.0	0.594673185721	0.1	0.0333333333333	0.8	0.184049079755	0.0245398773006	1919.0	0.221704394141	41.0	0.0
Limulus	GGA	G	S	0.0	0.594673185721	0.166666666667	0.0253164556962	0.873417721519	0.484662576687	0.0245398773006	1919.0	0.0708955223881	40.0	0.0
Limulus	GGC	G	S	0.0	0.594673185721	0.125	0.0526315789474	0.894736842105	0.116564417178	0.0245398773006	1919.0	0.218367346939	43.0	0.0
Bracteacoccus_aerius	GGT	G	S	0.0	0.392218483306	0.181818181818	0.0289855072464	0.898550724638	0.40350877193	0.0233918128655	1789.0	0.0897691650043	41.0	0.0
Bracteacoccus_aerius	GGC	G	S	0.0	0.392218483306	0.2	0.0526315789474	0.868421052632	0.222222222222	0.0233918128655	1789.0	0.172143974961	43.0	0.0
Pycnococcus_provasolii	GGT	G	S	0.0	0.926453162455	0.25	0.037037037037	0.938271604938	0.413265306122	0.0357142857143	1930.0	0.166464744366	41.0	0.0
Pycnococcus_provasolii	GGG	G	S	0.0	0.926453162455	0.166666666667	0.046511627907	0.906976744186	0.219387755102	0.0357142857143	1930.0	0.227713625866	42.0	0.0
Pycnococcus_provasolii	GGA	G	S	0.0	0.926453162455	0.111111111111	0.0212765957447	0.914893617021	0.239795918367	0.0357142857143	1930.0	0.229928541404	40.0	0.0
Pycnococcus_provasolii	GGC	G	S	0.0	0.926453162455	0.0909090909091	0.04	0.96	0.127551020408	0.0357142857143	1930.0	0.139311449159	43.0	0.0
Polytoma_uvella	GGC	G	S	1.0	0.574285890938	0.428571428571	0.0333333333333	0.788888888889	0.642857142857	0.0214285714286	1394.0	0.0337735440572	43.0	0.0
Axinella	GGT	G	S	0.0	0.0134630564985	0.4	0.0909090909091	0.863636363636	0.227979274611	0.0259067357513	1924.0	0.327570921986	41.0	0.0
Axinella	GGA	G	S	0.0	0.0134630564985	0.1	0.0285714285714	0.914285714286	0.181347150259	0.0259067357513	1924.0	0.105558674902	40.0	0.0
Prototheca_wickerhamii	GGT	G	S	0.0	0.433974964135	0.0833333333333	0.020202020202	0.949494949495	0.515625	0.0104166666667	1924.0	0.152057245081	41.0	0.0
Terebratulina	GGA	G	S	0.0	0.718978005166	0.0833333333333	0.0119047619048	0.904761904762	0.545454545455	0.00649350649351	1915.0	0.0754144291385	40.0	0.0
Chlorokybus_atmophyticus	GGT	G	S	0.0	0.795811447828	0.0833333333333	0.0125	0.9625	0.40404040404	0.00505050505051	1930.0	0.0840233804189	41.0	0.0
Bfloridae	GGT	G	S	0.0	0.475887717201	0.142857142857	0.027027027027	0.864864864865	0.327433628319	0.0353982300885	1192.0	0.0669144981413	41.0	0.0
Bfloridae	GGG	G	S	0.0	0.475887717201	0.111111111111	0.0212765957447	0.829787234043	0.41592920354	0.0353982300885	1192.0	0.0594479830149	42.0	0.0
Bfloridae	GGA	G	S	0.0	0.475887717201	0.25	0.0869565217391	0.739130434783	0.203539823009	0.0353982300885	1192.0	0.240569991618	40.0	0.0
Katharina	GGT	G	S	0.0	0.397790070169	0.142857142857	0.0322580645161	0.741935483871	0.184523809524	0.0238095238095	1917.0	0.271820448878	41.0	0.0
Katharina	GGG	G	S	0.0	0.397790070169	0.2	0.0322580645161	0.854838709677	0.369047619048	0.0238095238095	1917.0	0.125672681228	42.0	0.0
Katharina	GGC	G	S	0.0	0.397790070169	0.166666666667	0.0454545454545	0.818181818182	0.130952380952	0.0238095238095	1917.0	0.0317604355717	43.0	0.0
Geodia	GGT	G	S	0.0	0.0267181942116	0.0909090909091	0.0185185185185	0.925925925926	0.272727272727	0.030303030303	1925.0	0.0887422075541	41.0	0.0
Geodia	GGG	G	S	0.0	0.0267181942116	0.181818181818	0.0535714285714	0.857142857143	0.282828282828	0.030303030303	1925.0	0.10640569395	42.0	0.0
Geodia	GGC	G	S	0.0	0.0267181942116	0.285714285714	0.111111111111	0.833333333333	0.0909090909091	0.030303030303	1925.0	0.338888888889	43.0	0.0
Metridium	GGT	G	S	0.0	0.461748214448	0.0833333333333	0.0178571428571	0.946428571429	0.291666666667	0.03125	1928.0	0.13912732475	41.0	0.0
Metridium	GGG	G	S	0.0	0.461748214448	0.0833333333333	0.0181818181818	0.945454545455	0.286458333333	0.03125	1928.0	0.0622788393489	42.0	0.0
Metridium	GGA	G	S	0.0	0.461748214448	0.3	0.0615384615385	0.938461538462	0.338541666667	0.03125	1928.0	0.249096385542	40.0	0.0
Chlamydomonas_reinhardtii	GGT	G	S	0.0	0.110550483203	0.142857142857	0.00900900900901	0.846846846847	0.810218978102	0.021897810219	1389.0	0.0313971742543	41.0	0.0
Chlamydomonas_reinhardtii	GGC	G	S	0.0	0.110550483203	0.333333333333	0.0909090909091	0.772727272727	0.160583941606	0.021897810219	1389.0	0.22515952598	43.0	0.0
Chara_vulgaris	GGG	G	S	0.0	0.0362694175296	0.125	0.0666666666667	0.866666666667	0.0773195876289	0.00515463917526	1930.0	0.272373540856	42.0	0.0
Acropora	GGT	G	S	0.0	0.441194544832	0.181818181818	0.0681818181818	0.886363636364	0.217821782178	0.0445544554455	1926.0	0.221877767936	41.0	0.0
Acropora	GGG	G	S	0.0	0.441194544832	0.25	0.030303030303	0.89898989899	0.490099009901	0.0445544554455	1926.0	0.0913806863528	42.0	0.0
Acropora	GGA	G	S	0.0	0.441194544832	0.1	0.0285714285714	0.971428571429	0.173267326733	0.0445544554455	1926.0	0.190449438202	40.0	0.0
Acropora	GGC	G	S	0.0	0.441194544832	0.222222222222	0.0833333333333	0.875	0.118811881188	0.0445544554455	1926.0	0.178600823045	43.0	0.0
Marchantia_polymorpha	GGA	G	S	0.0	0.409793751255	0.0833333333333	0.0140845070423	0.985915492958	0.364102564103	0.00512820512821	1930.0	0.112362714728	40.0	0.0
Trichinella	GGT	G	S	0.0	0.447715401512	0.125	0.0285714285714	0.657142857143	0.253623188406	0.0434782608696	1883.0	0.199778638628	41.0	0.0
Trichinella	GGG	G	S	0.0	0.447715401512	0.333333333333	0.1	0.65	0.144927536232	0.0434782608696	1883.0	0.117647058824	42.0	0.0
Trichinella	GGA	G	S	0.0	0.447715401512	0.2	0.0294117647059	0.764705882353	0.492753623188	0.0434782608696	1883.0	0.174779390834	40.0	0.0
Trichinella	GGC	G	S	0.0	0.447715401512	0.2	0.0666666666667	0.866666666667	0.108695652174	0.0434782608696	1883.0	0.249336870027	43.0	0.0
Bracteacoccus_minor	GGT	G	S	0.0	0.512850330278	0.0909090909091	0.02	0.8	0.331125827815	0.0264900662252	1686.0	0.00816167897396	41.0	0.0
Bracteacoccus_minor	GGA	G	S	0.0	0.512850330278	0.3	0.0545454545455	0.836363636364	0.364238410596	0.0264900662252	1686.0	0.121179039301	40.0	0.0
Chromochloris_zofingiensis	GGT	G	S	0.0	0.39790106862	0.454545454545	0.0526315789474	0.831578947368	0.703703703704	0.037037037037	1522.0	0.108345534407	41.0	0.0
Balanoglossus	GGA	G	S	0.0	0.708307384161	0.0833333333333	0.015873015873	0.888888888889	0.35593220339	0.0169491525424	1926.0	0.0739931314393	40.0	0.0
Balanoglossus	GGC	G	S	0.0	0.708307384161	0.181818181818	0.04	0.94	0.282485875706	0.0169491525424	1926.0	0.217601937828	43.0	0.0
Drosophila	GGT	G	S	0.0	0.113990353767	0.111111111111	0.0212765957447	0.829787234043	0.286585365854	0.030487804878	1919.0	0.186154495568	41.0	0.0
Drosophila	GGG	G	S	0.0	0.113990353767	0.333333333333	0.153846153846	0.769230769231	0.0792682926829	0.030487804878	1919.0	0.4671875	42.0	0.0
Drosophila	GGA	G	S	0.0	0.113990353767	0.181818181818	0.0194174757282	0.902912621359	0.628048780488	0.030487804878	1919.0	0.0984132980733	40.0	0.0
Myxine	GGT	G	S	1.0	0.127145604231	0.125	0.0666666666667	0.933333333333	0.0980392156863	0.0261437908497	1919.0	0.161028416779	41.0	0.0
Myxine	GGG	G	S	1.0	0.127145604231	0.181818181818	0.0526315789474	0.868421052632	0.248366013072	0.0261437908497	1919.0	0.136106831022	42.0	0.0
Myxine	GGC	G	S	1.0	0.127145604231	0.0833333333333	0.0243902439024	0.80487804878	0.267973856209	0.0261437908497	1919.0	0.0749516441006	43.0	0.0
Ciona	GGT	G	S	0.0	0.809737136125	0.25	0.125	0.625	0.372093023256	0.162790697674	1891.0	0.0817610062893	41.0	0.0
Ciona	GGG	G	S	0.0	0.809737136125	0.5	0.222222222222	0.555555555556	0.209302325581	0.162790697674	1891.0	0.702479338843	42.0	0.0
Ciona	GGA	G	S	0.0	0.809737136125	0.333333333333	0.166666666667	0.611111111111	0.418604651163	0.162790697674	1891.0	0.548245614035	40.0	0.0
Epigonichthys	GGT	G	S	0.0	0.672230477949	0.181818181818	0.0377358490566	0.849056603774	0.278947368421	0.0368421052632	1918.0	0.0398047315058	41.0	0.0
Epigonichthys	GGG	G	S	0.0	0.672230477949	0.181818181818	0.025641025641	0.807692307692	0.410526315789	0.0368421052632	1918.0	0.116613023026	42.0	0.0
Epigonichthys	GGA	G	S	0.0	0.672230477949	0.111111111111	0.030303030303	0.848484848485	0.173684210526	0.0368421052632	1918.0	0.139562389119	40.0	0.0
Epigonichthys	GGC	G	S	0.0	0.672230477949	0.0909090909091	0.0769230769231	0.846153846154	0.136842105263	0.0368421052632	1918.0	0.0795539033457	43.0	0.0
Daphnia	GGT	G	S	0.0	0.52024813128	0.125	0.047619047619	0.857142857143	0.12	0.04	1916.0	0.108798486282	41.0	0.0
Daphnia	GGG	G	S	0.0	0.52024813128	0.166666666667	0.0229885057471	0.793103448276	0.497142857143	0.04	1916.0	0.0293261696888	42.0	0.0
Daphnia	GGA	G	S	0.0	0.52024813128	0.3	0.0731707317073	0.829268292683	0.234285714286	0.04	1916.0	0.248702218027	40.0	0.0
Daphnia	GGC	G	S	0.0	0.52024813128	0.0909090909091	0.0384615384615	0.807692307692	0.148571428571	0.04	1916.0	0.0550458715596	43.0	0.0
Homo	GGT	G	S	0.0	0.194809441943	0.2	0.0526315789474	0.684210526316	0.113095238095	0.0238095238095	1920.0	-0.0335025380711	41.0	0.0
Homo	GGG	G	S	0.0	0.194809441943	0.125	0.0555555555556	0.833333333333	0.107142857143	0.0238095238095	1920.0	0.0	42.0	0.0
Homo	GGA	G	S	0.0	0.194809441943	0.0909090909091	0.0181818181818	0.854545454545	0.327380952381	0.0238095238095	1920.0	0.000718132854578	40.0	0.0
Homo	GGC	G	S	0.0	0.194809441943	0.0909090909091	0.0131578947368	0.934210526316	0.452380952381	0.0238095238095	1920.0	0.152594887684	43.0	0.0
Blanceolatum	GGG	G	S	0.0	0.470884646518	0.333333333333	0.0652173913043	0.804347826087	0.407079646018	0.0265486725664	1187.0	0.112061591104	42.0	0.0
Saccoglossus	GGT	G	S	0.0	0.713450261103	0.1	0.0277777777778	0.833333333333	0.209302325581	0.0116279069767	1924.0	0.101558301988	41.0	0.0
Saccoglossus	GGA	G	S	0.0	0.713450261103	0.0833333333333	0.0133333333333	0.893333333333	0.436046511628	0.0116279069767	1924.0	0.0277191129884	40.0	0.0
Nephroselmis_olivacea	GGT	G	S	0.0	0.832632037834	0.0833333333333	0.0131578947368	0.960526315789	0.38578680203	0.0152284263959	1929.0	0.143903715332	41.0	0.0
Nephroselmis_olivacea	GGA	G	S	0.0	0.832632037834	0.166666666667	0.0190476190476	0.961904761905	0.532994923858	0.0152284263959	1929.0	0.119722274348	40.0	0.0

### Alignment improvement:
