### Random Forest prediction
genome	codon	ori_aa	rea_aa	fitch	Fisher pval	Gene frac	N. rea	N. used	Cod. count	Sub. count	G. len	codon_lik	id	prediction
LmeyeA	AGC	S	T	0.0	0.0157894682328	0.5	0.333333333333	0.666666666667	0.029702970297	0.00990099009901	1456.0	1.36585365854	11.0	0.0
SpombA	TCT	S	T	0.0	0.141794478918	0.666666666667	0.178571428571	0.607142857143	0.261682242991	0.0934579439252	1452.0	1.13453079179	29.0	0.0
SpombA	AGT	S	T	0.0	0.141794478918	0.5	0.129032258065	0.548387096774	0.289719626168	0.0934579439252	1452.0	0.946194225722	9.0	0.0
SpombA	TCA	S	T	0.0	0.141794478918	0.142857142857	0.0227272727273	0.522727272727	0.411214953271	0.0934579439252	1452.0	0.45406278855	28.0	0.0
SpastA	TCA	S	T	0.0	0.70879110825	0.142857142857	0.0166666666667	0.866666666667	0.588235294118	0.00980392156863	1456.0	0.872293640054	28.0	0.0
AacerA	TCT	S	T	0.0	0.285714236392	0.5	0.0714285714286	0.785714285714	0.28	0.02	643.0	0.858050847458	29.0	0.0
CmetaD	TCT	S	T	0.0	0.783217135985	0.125	0.02	0.86	0.316455696203	0.0253164556962	2101.0	0.920410490308	29.0	0.0
CmetaD	AGT	S	T	0.0	0.783217135985	0.222222222222	0.0425531914894	0.936170212766	0.29746835443	0.0253164556962	2101.0	1.06177701206	9.0	0.0
CmetaD	TCA	S	T	0.0	0.783217135985	0.111111111111	0.0175438596491	0.964912280702	0.360759493671	0.0253164556962	2101.0	0.974120501415	28.0	0.0
CgigaA	AGC	S	T	0.0	0.831932715083	0.111111111111	0.0227272727273	0.886363636364	0.323529411765	0.00735294117647	1879.0	0.828691539674	11.0	0.0
CsantA	TCT	S	T	0.0	0.182417850973	0.25	0.05	0.65	0.243902439024	0.0365853658537	2073.0	0.694844789357	29.0	0.0
CsantA	AGT	S	T	0.0	0.182417850973	0.111111111111	0.0147058823529	0.691176470588	0.414634146341	0.0365853658537	2073.0	0.589488388336	9.0	0.0
CsantA	AGC	S	T	0.0	0.182417850973	0.222222222222	0.130434782609	0.695652173913	0.140243902439	0.0365853658537	2073.0	0.870059288538	11.0	0.0
CtropB	AGT	S	T	0.0	0.347584776644	0.1	0.0263157894737	0.868421052632	0.245161290323	0.0129032258065	2101.0	0.871337579618	9.0	0.0
CtropB	AGC	S	T	0.0	0.347584776644	0.142857142857	0.0434782608696	0.869565217391	0.148387096774	0.0129032258065	2101.0	1.02205128205	11.0	0.0
CtropA	AGT	S	T	0.0	0.277543669389	0.1	0.0526315789474	0.842105263158	0.245161290323	0.0129032258065	2101.0	0.978662420382	9.0	0.0
WpijpA	TCT	S	T	0.0	0.912883937943	0.166666666667	0.0357142857143	0.857142857143	0.254545454545	0.0454545454545	1456.0	0.862923806052	29.0	0.0
WpijpA	AGT	S	T	0.0	0.912883937943	0.25	0.0434782608696	0.826086956522	0.209090909091	0.0454545454545	1456.0	0.852785145889	9.0	0.0
WpijpA	TCA	S	T	0.0	0.912883937943	0.166666666667	0.0508474576271	0.881355932203	0.536363636364	0.0454545454545	1456.0	0.968690865302	28.0	0.0
BarxA	AGT	S	T	0.0	0.588396235721	1.0	0.0769230769231	0.846153846154	0.361111111111	0.111111111111	442.0	1.03216155572	9.0	0.0
BarxA	TCA	S	T	0.0	0.588396235721	1.0	0.142857142857	0.619047619048	0.583333333333	0.111111111111	442.0	1.01386962552	28.0	0.0
CoxycA	AGT	S	T	0.0	0.489583303581	1.0	0.133333333333	0.8	0.365853658537	0.0487804878049	442.0	1.07582631238	9.0	0.0
CsubhA	TCG	S	T	0.0	0.184036650549	0.125	0.047619047619	0.761904761905	0.12962962963	0.0185185185185	2098.0	0.880860452289	30.0	0.0
CsubhA	AGT	S	T	0.0	0.184036650549	0.2	0.111111111111	0.777777777778	0.0555555555556	0.0185185185185	2098.0	1.02022756005	9.0	0.0
CsubhA	AGC	S	T	0.0	0.184036650549	0.1	0.0175438596491	0.894736842105	0.351851851852	0.0185185185185	2098.0	0.874031392807	11.0	0.0
CsubhB	TCG	S	T	0.0	0.184036650549	0.125	0.047619047619	0.761904761905	0.12962962963	0.0185185185185	2098.0	0.880860452289	30.0	0.0
CsubhB	AGT	S	T	0.0	0.184036650549	0.2	0.111111111111	0.777777777778	0.0555555555556	0.0185185185185	2098.0	1.02022756005	9.0	0.0
CsubhB	AGC	S	T	0.0	0.184036650549	0.1	0.0175438596491	0.894736842105	0.351851851852	0.0185185185185	2098.0	0.874031392807	11.0	0.0
OanguA	AGT	S	T	0.0	0.445747307469	0.111111111111	0.0322580645161	0.774193548387	0.201298701299	0.0324675324675	2101.0	0.769565217391	9.0	0.0
OanguA	TCA	S	T	0.0	0.445747307469	0.272727272727	0.0512820512821	0.846153846154	0.506493506494	0.0324675324675	2101.0	0.962076124567	28.0	0.0
SarboA	TCA	S	T	0.0	0.711956422291	0.142857142857	0.0172413793103	0.896551724138	0.563106796117	0.00970873786408	1456.0	0.865381244522	28.0	0.0
CcastA	TCA	S	T	0.0	0.664835049118	0.166666666667	0.0151515151515	0.909090909091	0.653465346535	0.00990099009901	1455.0	0.872307692308	28.0	0.0
KtherA	AGC	S	T	0.0	0.0141447345328	1.0	1.0	0.0	0.00980392156863	0.0196078431373	1456.0	2.51041666667	11.0	0.0
KtherA	TCA	S	T	0.0	0.0141447345328	0.142857142857	0.015873015873	0.952380952381	0.617647058824	0.0196078431373	1456.0	0.974915034795	28.0	0.0
CnorvA	TCA	S	T	0.0	0.326088979792	0.181818181818	0.0454545454545	0.852272727273	0.571428571429	0.025974025974	2101.0	0.94036521517	28.0	0.0
CviswA	AGT	S	T	0.0	0.408450643441	0.0909090909091	0.0172413793103	0.844827586207	0.360248447205	0.00621118012422	2101.0	0.7556726094	9.0	0.0
MstarA	TCT	S	T	0.0	0.924313306177	0.1	0.0277777777778	0.777777777778	0.210526315789	0.0233918128655	2101.0	0.807972160709	29.0	0.0
MstarA	AGT	S	T	0.0	0.924313306177	0.2	0.03125	0.765625	0.374269005848	0.0233918128655	2101.0	0.728568850388	9.0	0.0
MstarA	TCA	S	T	0.0	0.924313306177	0.1	0.0144927536232	0.724637681159	0.40350877193	0.0233918128655	2101.0	0.632771164021	28.0	0.0
NbaciA	AGT	S	T	0.0	0.203662981911	0.2	0.0714285714286	0.785714285714	0.133333333333	0.0190476190476	1455.0	0.736610418195	9.0	0.0
NbaciA	TCA	S	T	0.0	0.203662981911	0.166666666667	0.02	0.84	0.47619047619	0.0190476190476	1455.0	0.890380313199	28.0	0.0
LstarA	TCT	S	T	0.0	0.948318927745	0.428571428571	0.0576923076923	0.75	0.393939393939	0.0454545454545	1779.0	0.861111111111	29.0	0.0
LstarA	AGT	S	T	0.0	0.948318927745	0.142857142857	0.0425531914894	0.723404255319	0.356060606061	0.0454545454545	1779.0	0.785553611597	9.0	0.0
LstarA	TCA	S	T	0.0	0.948318927745	0.125	0.037037037037	0.814814814815	0.204545454545	0.0454545454545	1779.0	0.796214256947	28.0	0.0
MfariA	TCT	S	T	0.0	0.260169517614	0.2	0.0555555555556	0.796296296296	0.3375	0.025	2101.0	0.920500317999	29.0	0.0
MfariA	AGT	S	T	0.0	0.260169517614	0.111111111111	0.0208333333333	0.916666666667	0.3	0.025	2101.0	0.941348973607	9.0	0.0
MfariB	AGT	S	T	0.0	0.871318777595	0.111111111111	0.0232558139535	0.883720930233	0.265432098765	0.0123456790123	2101.0	0.884176182708	9.0	0.0
MfariB	TCA	S	T	0.0	0.871318777595	0.1	0.012987012987	0.857142857143	0.475308641975	0.0123456790123	2101.0	0.848801742919	28.0	0.0
CalaiA	TCT	S	T	1.0	0.000312609918998	0.166666666667	0.0285714285714	0.885714285714	0.253623188406	0.0434782608696	1905.0	0.888253968254	29.0	0.0
CalaiA	AGT	S	T	1.0	0.000312609918998	0.111111111111	0.0612244897959	0.836734693878	0.355072463768	0.0434782608696	1905.0	0.91761095373	9.0	0.0
CalaiA	AGC	S	T	1.0	0.000312609918998	1.0	1.0	0.0	0.00724637681159	0.0434782608696	1905.0	2.84466019417	11.0	0.0
CalaiA	TCC	S	T	1.0	0.000312609918998	1.0	1.0	0.0	0.00724637681159	0.0434782608696	1905.0	4.68253968254	31.0	0.0
LanspB	AGT	S	T	0.0	0.0789473447984	0.2	0.0714285714286	0.857142857143	0.138613861386	0.00990099009901	1456.0	0.793430656934	9.0	0.0
CphanA	TCA	S	T	0.0	0.109043387325	0.5	0.0641025641026	0.74358974359	0.530612244898	0.0340136054422	2100.0	0.852311643836	28.0	0.0
CsojaA	AGT	S	T	0.0	0.40404033778	0.142857142857	0.0232558139535	0.860465116279	0.390909090909	0.00909090909091	1435.0	0.874742116121	9.0	0.0
CglabA	TCA	S	T	0.0	0.683333224003	0.142857142857	0.016393442623	0.918032786885	0.60396039604	0.00990099009901	1439.0	0.920194077296	28.0	0.0
ScryoA	TCT	S	T	0.0	0.0459690762463	0.333333333333	0.0689655172414	0.689655172414	0.266055045872	0.0733944954128	1454.0	0.926486106226	29.0	0.0
ScryoA	AGT	S	T	0.0	0.0459690762463	0.166666666667	0.03125	0.4375	0.293577981651	0.0733944954128	1454.0	0.423406279734	9.0	0.0
ScryoA	AGC	S	T	0.0	0.0459690762463	0.666666666667	0.333333333333	0.5	0.0550458715596	0.0733944954128	1454.0	1.6346483705	11.0	0.0
ScryoA	TCC	S	T	0.0	0.0459690762463	0.333333333333	0.333333333333	0.0	0.0275229357798	0.0733944954128	1454.0	0.829351535836	31.0	0.0
ScryoA	TCA	S	T	0.0	0.0459690762463	0.166666666667	0.0512820512821	0.666666666667	0.357798165138	0.0733944954128	1454.0	0.676225234619	28.0	0.0
CneerA	TCT	S	T	0.0	0.585389725555	0.0909090909091	0.0243902439024	0.853658536585	0.259493670886	0.0316455696203	2101.0	0.953040173724	29.0	0.0
CneerA	AGT	S	T	0.0	0.585389725555	0.1	0.0172413793103	0.913793103448	0.367088607595	0.0316455696203	2101.0	0.891981719983	9.0	0.0
CneerA	TCA	S	T	0.0	0.585389725555	0.222222222222	0.0566037735849	0.849056603774	0.335443037975	0.0316455696203	2101.0	1.00652906487	28.0	0.0
CsakeA	AGT	S	T	0.0	0.86237092527	0.125	0.0232558139535	0.906976744186	0.282894736842	0.0131578947368	2065.0	0.948493150685	9.0	0.0
CsakeA	TCA	S	T	0.0	0.86237092527	0.1	0.0140845070423	0.915492957746	0.467105263158	0.0131578947368	2065.0	0.944176319176	28.0	0.0
HuvarA	TCT	S	T	0.0	0.241055283598	0.5	0.111111111111	0.555555555556	0.25	0.0555555555556	1397.0	0.830991264717	29.0	0.0
HuvarA	AGT	S	T	0.0	0.241055283598	0.2	0.0645161290323	0.709677419355	0.287037037037	0.0555555555556	1397.0	0.783545543585	9.0	0.0
HuvarA	TCA	S	T	0.0	0.241055283598	0.166666666667	0.02	0.62	0.462962962963	0.0555555555556	1397.0	0.456197672044	28.0	0.0
CjiufA	AGT	S	T	0.0	0.582125254482	0.2	0.0434782608696	0.891304347826	0.2875	0.025	2080.0	1.0182238193	9.0	0.0
CjiufA	TCA	S	T	0.0	0.582125254482	0.222222222222	0.04	0.92	0.3125	0.025	2080.0	1.02773463501	28.0	0.0
CzempA	TCT	S	T	0.0	0.0140422712236	0.333333333333	0.0882352941176	0.588235294118	0.309090909091	0.1	1455.0	0.670146137787	29.0	0.0
CzempA	TCA	S	T	0.0	0.0140422712236	0.666666666667	0.210526315789	0.526315789474	0.345454545455	0.1	1455.0	1.23358248799	28.0	0.0
CmetaB	TCT	S	T	0.0	0.783217135985	0.125	0.02	0.86	0.316455696203	0.0253164556962	2101.0	0.920410490308	29.0	0.0
CmetaB	AGT	S	T	0.0	0.783217135985	0.222222222222	0.0425531914894	0.936170212766	0.29746835443	0.0253164556962	2101.0	1.06177701206	9.0	0.0
CmetaB	TCA	S	T	0.0	0.783217135985	0.111111111111	0.0175438596491	0.964912280702	0.360759493671	0.0253164556962	2101.0	0.974120501415	28.0	0.0
CmetaC	TCT	S	T	0.0	0.783217135985	0.125	0.02	0.86	0.316455696203	0.0253164556962	2101.0	0.920410490308	29.0	0.0
CmetaC	AGT	S	T	0.0	0.783217135985	0.222222222222	0.0425531914894	0.936170212766	0.29746835443	0.0253164556962	2101.0	1.06177701206	9.0	0.0
CmetaC	TCA	S	T	0.0	0.783217135985	0.111111111111	0.0175438596491	0.964912280702	0.360759493671	0.0253164556962	2101.0	0.974120501415	28.0	0.0
CmetaA	TCT	S	T	0.0	0.783217135985	0.125	0.02	0.86	0.316455696203	0.0253164556962	2101.0	0.920410490308	29.0	0.0
CmetaA	AGT	S	T	0.0	0.783217135985	0.222222222222	0.0425531914894	0.936170212766	0.29746835443	0.0253164556962	2101.0	1.06177701206	9.0	0.0
CmetaA	TCA	S	T	0.0	0.783217135985	0.111111111111	0.0175438596491	0.964912280702	0.360759493671	0.0253164556962	2101.0	0.974120501415	28.0	0.0
CmetaF	TCT	S	T	0.0	0.783217135985	0.125	0.02	0.86	0.316455696203	0.0253164556962	2101.0	0.920410490308	29.0	0.0
CmetaF	AGT	S	T	0.0	0.783217135985	0.222222222222	0.0425531914894	0.936170212766	0.29746835443	0.0253164556962	2101.0	1.06177701206	9.0	0.0
CmetaF	TCA	S	T	0.0	0.783217135985	0.111111111111	0.0175438596491	0.964912280702	0.360759493671	0.0253164556962	2101.0	0.974120501415	28.0	0.0
CfrijA	TCT	S	T	0.0	0.78071234628	0.0909090909091	0.025641025641	0.846153846154	0.240740740741	0.0246913580247	2101.0	0.875701210511	29.0	0.0
CfrijA	AGT	S	T	0.0	0.78071234628	0.1	0.0166666666667	0.9	0.37037037037	0.0246913580247	2101.0	0.889152810768	9.0	0.0
CfrijA	TCA	S	T	0.0	0.78071234628	0.2	0.0344827586207	0.844827586207	0.358024691358	0.0246913580247	2101.0	0.929580152672	28.0	0.0
CgallA	TCT	S	T	0.0	0.0923081819562	0.111111111111	0.0263157894737	0.710526315789	0.255033557047	0.0402684563758	2101.0	0.675998741743	29.0	0.0
CgallA	TCC	S	T	0.0	0.0923081819562	1.0	1.0	0.0	0.00671140939597	0.0402684563758	2101.0	4.16504854369	31.0	0.0
CgallA	TCA	S	T	0.0	0.0923081819562	0.4	0.0555555555556	0.791666666667	0.48322147651	0.0402684563758	2101.0	0.876387176326	28.0	0.0
CmetaE	TCT	S	T	0.0	0.783217135985	0.125	0.02	0.86	0.316455696203	0.0253164556962	2101.0	0.920410490308	29.0	0.0
CmetaE	AGT	S	T	0.0	0.783217135985	0.222222222222	0.0425531914894	0.936170212766	0.29746835443	0.0253164556962	2101.0	1.06177701206	9.0	0.0
CmetaE	TCA	S	T	0.0	0.783217135985	0.111111111111	0.0175438596491	0.964912280702	0.360759493671	0.0253164556962	2101.0	0.974120501415	28.0	0.0
PpastA	TCT	S	T	0.0	0.333736887289	0.125	0.0666666666667	0.933333333333	0.0892857142857	0.0357142857143	2101.0	1.10359231412	29.0	0.0
PpastA	TCA	S	T	0.0	0.333736887289	0.25	0.0480769230769	0.788461538462	0.619047619048	0.0357142857143	2101.0	0.940588622886	28.0	0.0
SjapoA	TCT	S	T	0.0	0.904428871433	0.142857142857	0.047619047619	0.619047619048	0.577981651376	0.0366972477064	1450.0	0.574646074646	29.0	0.0
SjapoA	AGT	S	T	0.0	0.904428871433	0.166666666667	0.0357142857143	0.392857142857	0.256880733945	0.0366972477064	1450.0	0.293946024799	9.0	0.0
CalbiE	AGT	S	T	0.0	0.407894686871	0.25	0.037037037037	0.777777777778	0.321428571429	0.0119047619048	1101.0	0.836802973978	9.0	0.0
CtetrA	AGT	S	T	0.0	0.453900648005	0.1	0.0169491525424	0.830508474576	0.36875	0.00625	2101.0	0.798920647611	9.0	0.0
MmagnB	AGT	S	T	0.0	0.445605711881	0.1	0.0227272727273	0.840909090909	0.268292682927	0.030487804878	2101.0	0.873400852878	9.0	0.0
MmagnB	AGC	S	T	0.0	0.445605711881	0.125	0.0526315789474	0.684210526316	0.115853658537	0.030487804878	2101.0	0.620649651972	11.0	0.0
MmagnB	TCA	S	T	0.0	0.445605711881	0.2	0.0545454545455	0.672727272727	0.335365853659	0.030487804878	2101.0	0.725893200154	28.0	0.0
MmagnA	AGT	S	T	0.0	0.553719398966	0.2	0.0434782608696	0.826086956522	0.280487804878	0.030487804878	2101.0	0.913945836497	9.0	0.0
MmagnA	TCA	S	T	0.0	0.553719398966	0.2	0.0545454545455	0.672727272727	0.335365853659	0.030487804878	2101.0	0.725893200154	28.0	0.0
CparaA	AGT	S	T	0.0	0.171668228006	0.125	0.025641025641	0.948717948718	0.319672131148	0.0245901639344	1659.0	1.01896176562	9.0	0.0
CparaA	TCA	S	T	0.0	0.171668228006	0.25	0.0625	0.9375	0.262295081967	0.0245901639344	1659.0	1.1593166468	28.0	0.0
CcoryA	AGT	S	T	0.0	0.346408024895	0.2	0.0363636363636	0.890909090909	0.345911949686	0.0125786163522	2101.0	1.01809665744	9.0	0.0
CparaC	AGT	S	T	0.0	0.391496548892	0.222222222222	0.04	0.92	0.3125	0.025	2101.0	1.01655933763	9.0	0.0
CparaC	TCA	S	T	0.0	0.391496548892	0.222222222222	0.0408163265306	0.918367346939	0.30625	0.025	2101.0	1.01968596203	28.0	0.0
CparaB	AGT	S	T	0.0	0.391496548892	0.222222222222	0.04	0.92	0.3125	0.025	2101.0	1.01655933763	9.0	0.0
CparaB	TCA	S	T	0.0	0.391496548892	0.222222222222	0.0408163265306	0.918367346939	0.30625	0.025	2101.0	1.01968596203	28.0	0.0
CparaE	AGT	S	T	0.0	0.391496548892	0.222222222222	0.04	0.92	0.3125	0.025	2101.0	1.01655933763	9.0	0.0
CparaE	TCA	S	T	0.0	0.391496548892	0.222222222222	0.0408163265306	0.918367346939	0.30625	0.025	2101.0	1.01968596203	28.0	0.0
CparaD	AGT	S	T	0.0	0.391496548892	0.222222222222	0.04	0.92	0.3125	0.025	2101.0	1.01655933763	9.0	0.0
CparaD	TCA	S	T	0.0	0.391496548892	0.222222222222	0.0408163265306	0.918367346939	0.30625	0.025	2101.0	1.01968596203	28.0	0.0
CparaF	AGT	S	T	0.0	0.391496548892	0.222222222222	0.04	0.92	0.3125	0.025	2101.0	1.01655933763	9.0	0.0
CparaF	TCA	S	T	0.0	0.391496548892	0.222222222222	0.0408163265306	0.918367346939	0.30625	0.025	2101.0	1.01968596203	28.0	0.0
MtetrA	TCG	S	T	0.0	0.475979750574	0.111111111111	0.0625	0.875	0.100628930818	0.0314465408805	2100.0	1.21299342105	30.0	0.0
MtetrA	AGT	S	T	0.0	0.475979750574	0.111111111111	0.0344827586207	0.793103448276	0.182389937107	0.0314465408805	2100.0	0.848283931357	9.0	0.0
MtetrA	AGC	S	T	0.0	0.475979750574	0.1	0.030303030303	0.818181818182	0.207547169811	0.0314465408805	2100.0	0.70703125	11.0	0.0
MtetrA	TCC	S	T	0.0	0.475979750574	0.125	0.0588235294118	0.647058823529	0.106918238994	0.0314465408805	2100.0	0.802578018996	31.0	0.0
CsaraA	AGT	S	T	0.0	0.818181755408	0.111111111111	0.0166666666667	0.85	0.375	0.00625	2101.0	0.805685358255	9.0	0.0
CsuavA	TCT	S	T	0.0	0.739877594498	0.111111111111	0.027027027027	0.891891891892	0.23125	0.0375	2101.0	0.928798474253	29.0	0.0
CsuavA	AGT	S	T	0.0	0.739877594498	0.222222222222	0.0526315789474	0.815789473684	0.2375	0.0375	2101.0	0.89674267101	9.0	0.0
CsuavA	TCA	S	T	0.0	0.739877594498	0.2	0.0375	0.85	0.5	0.0375	2101.0	0.903690492523	28.0	0.0
PkluyA	AGT	S	T	0.0	0.81793169567	0.1	0.0277777777778	0.777777777778	0.233766233766	0.025974025974	2101.0	0.670348058902	9.0	0.0
PkluyA	TCA	S	T	0.0	0.81793169567	0.166666666667	0.0265486725664	0.796460176991	0.733766233766	0.025974025974	2101.0	0.866727383121	28.0	0.0
PcanaA	TCT	S	T	0.0	0.93672797649	0.125	0.030303030303	0.848484848485	0.211538461538	0.0384615384615	2101.0	0.885228095583	29.0	0.0
PcanaA	AGT	S	T	0.0	0.93672797649	0.2	0.047619047619	0.809523809524	0.269230769231	0.0384615384615	2101.0	0.842968075928	9.0	0.0
PcanaA	TCA	S	T	0.0	0.93672797649	0.1	0.0375	0.875	0.512820512821	0.0384615384615	2101.0	0.909053554308	28.0	0.0
YlipoB	TCT	S	T	0.0	0.389389193576	0.125	0.025	0.75	0.27397260274	0.041095890411	2100.0	0.640122511485	29.0	0.0
YlipoB	TCA	S	T	0.0	0.389389193576	0.4	0.0757575757576	0.772727272727	0.452054794521	0.041095890411	2100.0	0.966771889018	28.0	0.0
YlipoA	TCT	S	T	0.0	0.389389193576	0.125	0.025	0.75	0.27397260274	0.041095890411	2100.0	0.640122511485	29.0	0.0
YlipoA	TCA	S	T	0.0	0.389389193576	0.4	0.0757575757576	0.772727272727	0.452054794521	0.041095890411	2100.0	0.966771889018	28.0	0.0
CjadiA	TCT	S	T	0.0	0.915892874223	0.111111111111	0.0384615384615	0.884615384615	0.163522012579	0.0314465408805	2100.0	0.995408631772	29.0	0.0
CjadiA	AGT	S	T	0.0	0.915892874223	0.111111111111	0.0263157894737	0.842105263158	0.238993710692	0.0314465408805	2100.0	0.822186495177	9.0	0.0
CjadiA	TCA	S	T	0.0	0.915892874223	0.166666666667	0.031914893617	0.840425531915	0.591194968553	0.0314465408805	2100.0	0.857596425212	28.0	0.0
AgossB	TCA	S	T	2.0	0.741758152599	0.166666666667	0.0172413793103	0.793103448276	0.542056074766	0.00934579439252	1456.0	0.725363206722	28.0	0.0
NdelpA	TCA	S	T	0.0	0.661110994108	0.142857142857	0.0153846153846	0.923076923077	0.637254901961	0.00980392156863	1439.0	0.922542987853	28.0	0.0
LelonA	TCT	S	T	0.0	0.951900113214	0.111111111111	0.0294117647059	0.911764705882	0.208588957055	0.0429447852761	2101.0	0.980982019364	29.0	0.0
LelonA	AGT	S	T	0.0	0.951900113214	0.222222222222	0.0416666666667	0.895833333333	0.294478527607	0.0429447852761	2101.0	0.931100939533	9.0	0.0
LelonA	TCA	S	T	0.0	0.951900113214	0.272727272727	0.0526315789474	0.894736842105	0.466257668712	0.0429447852761	2101.0	1.0653097086	28.0	0.0
LkluyF	AGT	S	T	0.0	0.0691489122963	0.2	0.0666666666667	0.8	0.148514851485	0.00990099009901	1456.0	0.795361527967	9.0	0.0
CalimA	TCT	S	T	0.0	0.328453546434	0.125	0.030303030303	0.69696969697	0.222972972973	0.0405405405405	2100.0	0.589432345591	29.0	0.0
CalimA	TCA	S	T	0.0	0.328453546434	0.5	0.0657894736842	0.776315789474	0.513513513514	0.0405405405405	2100.0	0.9233269316	28.0	0.0
BcaliA	TCT	S	T	0.0	0.375421610794	0.2	0.0606060606061	0.848484848485	0.214285714286	0.025974025974	2101.0	1.08459323254	29.0	0.0
BcaliA	TCA	S	T	0.0	0.375421610794	0.1	0.0243902439024	0.878048780488	0.532467532468	0.025974025974	2101.0	0.852291105121	28.0	0.0
SoctoA	TCT	S	T	0.0	0.4760361414	0.4	0.0540540540541	0.702702702703	0.339449541284	0.0733944954128	1454.0	0.907079646018	29.0	0.0
SoctoA	AGT	S	T	0.0	0.4760361414	0.5	0.09375	0.46875	0.293577981651	0.0733944954128	1454.0	0.763659466328	9.0	0.0
SoctoA	TCA	S	T	0.0	0.4760361414	0.333333333333	0.0833333333333	0.611111111111	0.330275229358	0.0733944954128	1454.0	0.729912602199	28.0	0.0
CdefoA	TCA	S	T	0.0	0.160696935207	0.5	0.0833333333333	0.777777777778	0.486486486486	0.0405405405405	2100.0	0.992042846213	28.0	0.0
LdasiA	AGT	S	T	0.0	0.0797872101686	0.2	0.0666666666667	0.8	0.147058823529	0.00980392156863	1456.0	0.736196319018	9.0	0.0
CpseuA	AGT	S	T	0.0	0.227272680193	1.0	0.1	0.8	0.25	0.025	442.0	1.01167315175	9.0	0.0
LkluyE	AGT	S	T	0.0	0.0691489122963	0.2	0.0666666666667	0.8	0.148514851485	0.00990099009901	1456.0	0.795361527967	9.0	0.0
LkluyD	AGT	S	T	0.0	0.0904255080409	0.2	0.0666666666667	0.8	0.147058823529	0.00980392156863	1456.0	0.795361527967	9.0	0.0
LkluyC	AGT	S	T	0.0	0.0691489122963	0.2	0.0666666666667	0.8	0.148514851485	0.00990099009901	1456.0	0.795361527967	9.0	0.0
CvartA	AGT	S	T	0.0	0.490991001053	0.2	0.05	0.825	0.25	0.04375	2101.0	0.905417814509	9.0	0.0
CvartA	TCA	S	T	0.0	0.490991001053	0.25	0.0574712643678	0.862068965517	0.54375	0.04375	2101.0	1.00870552612	28.0	0.0
LkluyA	AGT	S	T	0.0	0.0691489122963	0.2	0.0666666666667	0.8	0.148514851485	0.00990099009901	1456.0	0.795361527967	9.0	0.0
CorthB	AGT	S	T	0.0	0.351045142671	0.222222222222	0.0416666666667	0.916666666667	0.301886792453	0.0251572327044	2101.0	1.02188552189	9.0	0.0
CorthB	TCA	S	T	0.0	0.351045142671	0.2	0.0425531914894	0.936170212766	0.295597484277	0.0251572327044	2101.0	1.04456415279	28.0	0.0
CorthC	AGT	S	T	0.0	0.325033776786	0.222222222222	0.0425531914894	0.914893617021	0.295597484277	0.0251572327044	2101.0	1.02268803946	9.0	0.0
CorthC	TCA	S	T	0.0	0.325033776786	0.2	0.0425531914894	0.936170212766	0.295597484277	0.0251572327044	2101.0	1.04341498909	28.0	0.0
CorthA	AGT	S	T	0.0	0.346342399512	0.222222222222	0.0416666666667	0.916666666667	0.301886792453	0.0251572327044	2101.0	1.02188552189	9.0	0.0
CorthA	TCA	S	T	0.0	0.346342399512	0.2	0.0434782608696	0.934782608696	0.289308176101	0.0251572327044	2101.0	1.04600606673	28.0	0.0
ClusiA	TCA	S	T	0.0	0.410098858612	0.0909090909091	0.0289855072464	0.869565217391	0.433962264151	0.0125786163522	2101.0	0.889467686798	28.0	0.0
MguilA	TCT	S	T	0.0	0.329020232792	0.0833333333333	0.04	0.8	0.316455696203	0.0189873417722	2101.0	0.877508650519	29.0	0.0
MguilA	AGT	S	T	0.0	0.329020232792	0.111111111111	0.0222222222222	0.888888888889	0.284810126582	0.0189873417722	2101.0	0.890520350335	9.0	0.0
WmucoA	TCT	S	T	0.0	0.754209897195	0.0909090909091	0.02	0.88	0.31847133758	0.0382165605096	2101.0	0.8381085488	29.0	0.0
WmucoA	AGT	S	T	0.0	0.754209897195	0.181818181818	0.0444444444444	0.822222222222	0.286624203822	0.0382165605096	2101.0	0.868105515588	9.0	0.0
WmucoA	TCA	S	T	0.0	0.754209897195	0.111111111111	0.0508474576271	0.847457627119	0.375796178344	0.0382165605096	2101.0	0.958565589	28.0	0.0
ScereC	TCA	S	T	0.0	0.692307586076	0.142857142857	0.016393442623	0.901639344262	0.616161616162	0.010101010101	1456.0	0.917858330562	28.0	0.0
ScereA	TCA	S	T	0.0	0.692307586076	0.142857142857	0.0166666666667	0.916666666667	0.612244897959	0.0102040816327	1456.0	0.937743190661	28.0	0.0
ScereD	TCA	S	T	0.0	0.692307586076	0.142857142857	0.0166666666667	0.916666666667	0.606060606061	0.010101010101	1456.0	0.936970518468	28.0	0.0
ScereE	TCA	S	T	0.0	0.692307586076	0.142857142857	0.0166666666667	0.916666666667	0.6	0.01	1456.0	0.936970518468	28.0	0.0
DhansA	AGT	S	T	0.0	0.750121393515	0.222222222222	0.037037037037	0.87037037037	0.3375	0.025	2101.0	0.970929007794	9.0	0.0
DhansA	TCA	S	T	0.0	0.750121393515	0.181818181818	0.0285714285714	0.914285714286	0.4375	0.025	2101.0	0.923345500714	28.0	0.0
CsalmA	TCT	S	T	0.0	0.710048401899	0.125	0.0263157894737	0.684210526316	0.242038216561	0.0573248407643	2098.0	0.803384615385	29.0	0.0
CsalmA	AGT	S	T	0.0	0.710048401899	0.454545454545	0.0789473684211	0.684210526316	0.484076433121	0.0573248407643	2098.0	0.778274957568	9.0	0.0
CsalmA	TCA	S	T	0.0	0.710048401899	0.25	0.0526315789474	0.763157894737	0.242038216561	0.0573248407643	2098.0	0.864368465668	28.0	0.0
LnothA	AGT	S	T	0.0	0.0736841850865	0.2	0.0666666666667	0.866666666667	0.148514851485	0.00990099009901	1456.0	0.778311599176	9.0	0.0
BcustA	TCA	S	T	0.0	0.460330305316	0.181818181818	0.0449438202247	0.752808988764	0.601351351351	0.027027027027	2101.0	0.892599620493	28.0	0.0
CtheaA	TCT	S	T	0.0	0.790217682676	0.1	0.0204081632653	0.897959183673	0.308176100629	0.0251572327044	2101.0	0.947465864383	29.0	0.0
CtheaA	AGT	S	T	0.0	0.790217682676	0.222222222222	0.0425531914894	0.914893617021	0.295597484277	0.0251572327044	2101.0	1.02363367799	9.0	0.0
CtheaA	TCA	S	T	0.0	0.790217682676	0.1	0.0172413793103	0.948275862069	0.364779874214	0.0251572327044	2101.0	0.961207758448	28.0	0.0
AgossA	TCA	S	T	2.0	0.747252659991	0.166666666667	0.0175438596491	0.789473684211	0.532710280374	0.00934579439252	1456.0	0.735115864528	28.0	0.0
MingeA	TCT	S	T	0.0	0.925333780632	0.125	0.0285714285714	0.714285714286	0.203488372093	0.0232558139535	2101.0	0.716040716041	29.0	0.0
MingeA	AGT	S	T	0.0	0.925333780632	0.1	0.015873015873	0.777777777778	0.366279069767	0.0232558139535	2101.0	0.63277143375	9.0	0.0
MingeA	TCA	S	T	0.0	0.925333780632	0.181818181818	0.0281690140845	0.732394366197	0.412790697674	0.0232558139535	2101.0	0.697246287129	28.0	0.0
ScastA	TCA	S	T	0.0	0.69444433895	0.142857142857	0.016393442623	0.885245901639	0.592233009709	0.00970873786408	1456.0	0.855785261754	28.0	0.0
CmaltA	AGT	S	T	0.0	0.141421502542	0.2	0.0298507462687	0.880597014925	0.41875	0.01875	2101.0	0.887491141035	9.0	0.0
CmaltA	AGC	S	T	0.0	0.141421502542	0.166666666667	0.0833333333333	0.833333333333	0.075	0.01875	2101.0	1.18316373728	11.0	0.0
CbohiA	AGT	S	T	0.0	0.891688379822	0.0909090909091	0.0181818181818	0.8	0.337423312883	0.0184049079755	2101.0	0.807367771146	9.0	0.0
CbohiA	TCA	S	T	0.0	0.891688379822	0.181818181818	0.0266666666667	0.893333333333	0.460122699387	0.0184049079755	2101.0	0.912555709236	28.0	0.0

### Alignment improvement:
