### Random Forest prediction
genome	codon	ori_aa	rea_aa	fitch	Fisher_pval	Gene_frac	N._rea	N._used	Cod._count	Sub._count	G._len	codon_lik	id	prediction	probability	clad_valid	trans_valid
LmeyeA	ATT	I	L	0.0	0.79886471771	0.571428571429	0.0866141732283	0.889763779528	0.920289855072	0.0869565217391	1429.0	2.04539274924	5.0	0.0	0.0	0	0
LmeyeA	ATC	I	L	0.0	0.79886471771	0.166666666667	0.0909090909091	0.909090909091	0.0797101449275	0.0869565217391	1429.0	2.08859649123	7.0	0.0	0.0	0	0
SpombA	ATT	I	L	0.0	0.620630490084	1.0	0.154761904762	0.642857142857	0.579310344828	0.158620689655	1424.0	1.90787671233	5.0	0.0	0.034	0	0
SpombA	ATC	I	L	0.0	0.620630490084	0.666666666667	0.1875	0.46875	0.220689655172	0.158620689655	1424.0	1.53475774902	7.0	0.0	0.0	0	0
SpombA	ATA	I	L	0.0	0.620630490084	0.333333333333	0.137931034483	0.586206896552	0.2	0.158620689655	1424.0	1.85887758451	4.0	0.0	0.11	0	1
WmucoA	ATT	I	L	0.0	0.309472203443	0.461538461538	0.110465116279	0.813953488372	0.696356275304	0.117408906883	2246.0	1.98444938115	5.0	0.0	0.0	0	0
WmucoA	ATC	I	L	0.0	0.309472203443	0.285714285714	0.0909090909091	0.818181818182	0.133603238866	0.117408906883	2246.0	1.94179584674	7.0	0.0	0.0	0	0
WmucoA	ATA	I	L	0.0	0.309472203443	1.0	0.166666666667	0.642857142857	0.17004048583	0.117408906883	2246.0	1.89905149051	4.0	0.0	0.083	0	1
AacerA	ATT	I	L	0.0	0.568295590301	0.5	0.0655737704918	0.83606557377	0.968253968254	0.0634920634921	630.0	1.89852625115	5.0	0.0	0.012	0	0
CgallA	ATT	I	L	0.0	0.596096995377	0.636363636364	0.101265822785	0.835443037975	0.372641509434	0.122641509434	2247.0	2.06762443767	5.0	0.0	0.0	0	0
CgallA	ATC	I	L	0.0	0.596096995377	0.444444444444	0.155555555556	0.755555555556	0.212264150943	0.122641509434	2247.0	2.07783018868	7.0	0.0	0.0	0	0
CgallA	ATA	I	L	0.0	0.596096995377	0.538461538462	0.125	0.738636363636	0.415094339623	0.122641509434	2247.0	1.95728008089	4.0	0.0	0.065	0	1
CgigaA	ATC	I	L	0.0	0.0963624325413	0.166666666667	0.0324675324675	0.954545454545	0.860335195531	0.0335195530726	2002.0	1.95412589354	7.0	0.0	0.0	0	0
CgigaA	ATA	I	L	0.0	0.0963624325413	0.5	0.333333333333	0.666666666667	0.0167597765363	0.0335195530726	2002.0	2.59468438538	4.0	0.0	0.224	0	1
CsantA	ATT	I	L	0.0	0.537233272632	0.272727272727	0.105263157895	0.684210526316	0.142857142857	0.157894736842	2220.0	1.74885983582	5.0	0.0	0.0	0	0
CsantA	ATA	I	L	0.0	0.537233272632	1.0	0.170403587444	0.650224215247	0.838345864662	0.157894736842	2220.0	1.86678525546	4.0	0.0	0.09	0	1
CtropB	ATT	I	L	0.0	0.541830684595	0.0833333333333	0.0149253731343	0.910447761194	0.292576419214	0.0218340611354	2250.0	1.88600469116	5.0	0.0	0.0	0	0
CtropB	ATC	I	L	0.0	0.541830684595	0.230769230769	0.0215827338129	0.971223021583	0.606986899563	0.0218340611354	2250.0	1.94283072656	7.0	0.0	0.0	0	0
CtropB	ATA	I	L	0.0	0.541830684595	0.111111111111	0.0434782608696	0.95652173913	0.100436681223	0.0218340611354	2250.0	2.05731441048	4.0	0.0	0.302	0	1
CtropA	ATT	I	L	0.0	0.537359349073	0.0769230769231	0.0142857142857	0.914285714286	0.305676855895	0.0218340611354	2250.0	1.86817437881	5.0	0.0	0.0	0	0
CtropA	ATC	I	L	0.0	0.537359349073	0.25	0.021897810219	0.970802919708	0.598253275109	0.0218340611354	2250.0	1.95233241866	7.0	0.0	0.0	0	0
CtropA	ATA	I	L	0.0	0.537359349073	0.111111111111	0.0454545454545	0.954545454545	0.0960698689956	0.0218340611354	2250.0	2.07398843931	4.0	0.0	0.303	0	1
WpijpA	ATT	I	L	0.0	0.228479123122	0.285714285714	0.0505050505051	0.878787878788	0.697183098592	0.0704225352113	1429.0	1.95356935577	5.0	0.0	0.0	0	0
WpijpA	ATC	I	L	0.0	0.228479123122	0.666666666667	0.116279069767	0.883720930233	0.302816901408	0.0704225352113	1429.0	2.07687135814	7.0	0.0	0.0	0	0
BarxA	ATT	I	L	0.0	0.774860956618	1.0	0.0909090909091	0.636363636364	0.275	0.1	434.0	1.94210090984	5.0	0.0	0.044	0	0
BarxA	ATA	I	L	0.0	0.774860956618	1.0	0.103448275862	0.724137931034	0.725	0.1	434.0	1.87005649718	4.0	0.0	0.186	0	1
CoxycA	ATT	I	L	0.0	0.347664573936	1.0	0.235294117647	0.470588235294	0.377777777778	0.155555555556	434.0	2.05939004815	5.0	0.0	0.067	0	0
CoxycA	ATA	I	L	0.0	0.347664573936	1.0	0.136363636364	0.818181818182	0.488888888889	0.155555555556	434.0	2.00165494415	4.0	0.0	0.174	0	1
CsubhA	ATC	I	L	0.0	0.882593267544	0.615384615385	0.0769230769231	0.881656804734	0.836633663366	0.0742574257426	2244.0	2.0025388569	7.0	0.0	0.0	0	0
CsubhA	ATA	I	L	0.0	0.882593267544	0.181818181818	0.0666666666667	0.833333333333	0.148514851485	0.0742574257426	2244.0	1.70491803279	4.0	0.0	0.212	0	1
CsubhB	ATC	I	L	0.0	0.882593267544	0.615384615385	0.0769230769231	0.881656804734	0.836633663366	0.0742574257426	2244.0	2.0025388569	7.0	0.0	0.0	0	0
CsubhB	ATA	I	L	0.0	0.882593267544	0.181818181818	0.0666666666667	0.833333333333	0.148514851485	0.0742574257426	2244.0	1.70491803279	4.0	0.0	0.212	0	1
OanguA	ATT	I	L	0.0	0.0423022022761	0.769230769231	0.129411764706	0.741176470588	0.708333333333	0.154166666667	2248.0	1.9843780135	5.0	0.0	0.0	0	0
OanguA	ATC	I	L	0.0	0.0423022022761	0.4	0.125	0.8125	0.133333333333	0.154166666667	2248.0	2.11403790556	7.0	0.0	0.0	0	0
OanguA	ATA	I	L	0.0	0.0423022022761	0.6	0.289473684211	0.578947368421	0.158333333333	0.154166666667	2248.0	2.1343001261	4.0	0.0	0.023	0	1
SarboA	ATT	I	L	0.0	0.368596298702	0.714285714286	0.111111111111	0.846153846154	0.78	0.113333333333	1429.0	2.08184122312	5.0	0.0	0.0	0	0
SarboA	ATC	I	L	0.0	0.368596298702	0.5	0.136363636364	0.863636363636	0.146666666667	0.113333333333	1429.0	2.17276333186	7.0	0.0	0.0	0	0
SarboA	ATA	I	L	0.0	0.368596298702	0.2	0.0909090909091	0.272727272727	0.0733333333333	0.113333333333	1429.0	2.02802101576	4.0	0.0	0.079	0	1
CalaiA	ATT	I	L	0.0	0.171038766957	0.363636363636	0.142857142857	0.821428571429	0.370044052863	0.0925110132159	2056.0	2.06060989498	5.0	0.0	0.0	0	0
CalaiA	ATA	I	L	0.0	0.171038766957	0.454545454545	0.0656934306569	0.875912408759	0.603524229075	0.0925110132159	2056.0	1.93130704042	4.0	0.0	0.117	0	1
KtherA	ATT	I	L	0.0	0.790948639527	0.571428571429	0.09375	0.8828125	0.927536231884	0.0869565217391	1429.0	2.05130317555	5.0	0.0	0.0	0	0
CblacA	ATT	I	L	0.0	0.422222198906	1.0	0.142857142857	0.785714285714	0.35	0.1	434.0	2.1	5.0	0.0	0.043	0	0
CblacA	ATC	I	L	0.0	0.422222198906	1.0	0.166666666667	0.833333333333	0.15	0.1	434.0	2.08649468892	7.0	0.0	0.053	0	0
CblacA	ATA	I	L	0.0	0.422222198906	1.0	0.05	0.8	0.5	0.1	434.0	1.65512528474	4.0	0.0	0.186	0	1
CnorvA	ATT	I	L	0.0	0.20447996259	0.307692307692	0.0757575757576	0.787878787879	0.259842519685	0.0787401574803	2249.0	1.89519012025	5.0	0.0	0.0	0	0
CnorvA	ATC	I	L	0.0	0.20447996259	0.5	0.5	0.5	0.00787401574803	0.0787401574803	2249.0	2.70935960591	7.0	0.0	0.035	0	0
CnorvA	ATA	I	L	0.0	0.20447996259	0.461538461538	0.0752688172043	0.795698924731	0.732283464567	0.0787401574803	2249.0	1.89389086954	4.0	0.0	0.185	0	1
CviswA	ATT	I	L	0.0	0.953211635156	0.230769230769	0.0487804878049	0.890243902439	0.334693877551	0.0530612244898	2249.0	1.99036081803	5.0	0.0	0.0	0	0
CviswA	ATC	I	L	0.0	0.953211635156	0.1	0.0454545454545	0.909090909091	0.0897959183673	0.0530612244898	2249.0	1.99664750958	7.0	0.0	0.0	0	0
CviswA	ATA	I	L	0.0	0.953211635156	0.384615384615	0.0567375886525	0.929078014184	0.575510204082	0.0530612244898	2249.0	1.95760425499	4.0	0.0	0.209	0	1
MstarA	ATT	I	L	0.0	0.509405551041	0.583333333333	0.115384615385	0.782051282051	0.317073170732	0.142276422764	2249.0	2.01759133965	5.0	0.0	0.0	0	0
MstarA	ATA	I	L	0.0	0.509405551041	0.909090909091	0.16049382716	0.746913580247	0.658536585366	0.142276422764	2249.0	2.06482332852	4.0	0.0	0.057	0	1
NbaciA	ATT	I	L	0.0	0.411318986661	0.571428571429	0.0975609756098	0.837398373984	0.825503355705	0.10067114094	1428.0	2.03691275168	5.0	0.0	0.0	0	0
NbaciA	ATC	I	L	0.0	0.411318986661	0.4	0.142857142857	0.761904761905	0.140939597315	0.10067114094	1428.0	1.98123569794	7.0	0.0	0.0	0	0
CtetrA	ATT	I	L	0.0	0.891946656215	0.25	0.056338028169	0.929577464789	0.299578059072	0.0464135021097	2249.0	2.0409576871	5.0	0.0	0.0	0	0
CtetrA	ATC	I	L	0.0	0.891946656215	0.153846153846	0.0333333333333	0.95	0.253164556962	0.0464135021097	2249.0	1.99490816512	7.0	0.0	0.0	0	0
CtetrA	ATA	I	L	0.0	0.891946656215	0.307692307692	0.0471698113208	0.88679245283	0.447257383966	0.0464135021097	2249.0	1.89281376518	4.0	0.0	0.224	0	1
CbohiA	ATT	I	L	0.0	0.911755790188	0.307692307692	0.0515463917526	0.917525773196	0.418103448276	0.0474137931034	2250.0	1.95557549921	5.0	0.0	0.0	0	0
CbohiA	ATA	I	L	0.0	0.911755790188	0.384615384615	0.046511627907	0.899224806202	0.556034482759	0.0474137931034	2250.0	1.89690373745	4.0	0.0	0.212	0	1
LstarA	ATT	I	L	0.0	0.663777103584	0.666666666667	0.123711340206	0.752577319588	0.570588235294	0.117647058824	1834.0	1.89441535777	5.0	0.0	0.0	0	0
LstarA	ATC	I	L	0.0	0.663777103584	0.4	0.2	0.8	0.0588235294118	0.117647058824	1834.0	2.23848515865	7.0	0.0	0.001	0	0
LstarA	ATA	I	L	0.0	0.663777103584	0.555555555556	0.0952380952381	0.746031746032	0.370588235294	0.117647058824	1834.0	1.89543859649	4.0	0.0	0.066	0	1
MfariA	ATT	I	L	0.0	0.974120064255	0.384615384615	0.0909090909091	0.893939393939	0.278481012658	0.084388185654	2248.0	2.08980339887	5.0	0.0	0.0	0	0
MfariA	ATC	I	L	0.0	0.974120064255	0.166666666667	0.0909090909091	0.878787878788	0.139240506329	0.084388185654	2248.0	2.09864731112	7.0	0.0	0.0	0	0
MfariA	ATA	I	L	0.0	0.974120064255	0.461538461538	0.0797101449275	0.869565217391	0.582278481013	0.084388185654	2248.0	1.94265767179	4.0	0.0	0.178	0	1
MfariB	ATT	I	L	0.0	0.380607860683	0.25	0.0449438202247	0.921348314607	0.386956521739	0.0695652173913	2250.0	1.97554315565	5.0	0.0	0.0	0	0
MfariB	ATA	I	L	0.0	0.380607860683	0.538461538462	0.0902255639098	0.87969924812	0.578260869565	0.0695652173913	2250.0	1.98513978675	4.0	0.0	0.2	0	1
CcastA	ATT	I	L	0.0	1.6362602768e-05	0.714285714286	0.103703703704	0.844444444444	0.849056603774	0.138364779874	1428.0	2.02116627601	5.0	0.0	0.11	0	0
CcastA	ATC	I	L	0.0	1.6362602768e-05	0.666666666667	0.333333333333	0.666666666667	0.0377358490566	0.138364779874	1428.0	2.40063091483	7.0	0.0	0.251	0	0
CcastA	ATA	I	L	0.0	1.6362602768e-05	0.8	0.333333333333	0.0555555555556	0.11320754717	0.138364779874	1428.0	2.08150134048	4.0	0.0	0.435	0	1
LanspB	ATT	I	L	0.0	0.799516318235	0.571428571429	0.093023255814	0.875968992248	0.934782608696	0.0942028985507	1429.0	2.04091044332	5.0	0.0	0.0	0	0
LanspB	ATC	I	L	0.0	0.799516318235	0.2	0.111111111111	0.888888888889	0.0652173913043	0.0942028985507	1429.0	2.2034261242	7.0	0.0	0.0	0	0
CphanA	ATT	I	L	0.0	0.652011883164	0.416666666667	0.141025641026	0.769230769231	0.357798165138	0.128440366972	2247.0	2.00320512821	5.0	0.0	0.0	0	0
CphanA	ATC	I	L	0.0	0.652011883164	0.5	0.178571428571	0.821428571429	0.128440366972	0.128440366972	2247.0	2.27615062762	7.0	0.0	0.0	0	0
CphanA	ATA	I	L	0.0	0.652011883164	0.583333333333	0.107142857143	0.75	0.51376146789	0.128440366972	2247.0	1.97757491566	4.0	0.0	0.06	0	1
LanspA	ATT	I	L	0.0	0.807069688289	0.428571428571	0.070796460177	0.893805309735	0.84962406015	0.0676691729323	1429.0	2.03038253216	5.0	0.0	0.0	0	0
LanspA	ATC	I	L	0.0	0.807069688289	0.142857142857	0.05	0.85	0.15037593985	0.0676691729323	1429.0	2.02478134111	7.0	0.0	0.0	0	0
CsojaA	ATT	I	L	0.0	0.921326902542	0.25	0.051724137931	0.931034482759	0.376623376623	0.0454545454545	1498.0	1.92904698497	5.0	0.0	0.0	0	0
CsojaA	ATA	I	L	0.0	0.921326902542	0.375	0.0481927710843	0.915662650602	0.538961038961	0.0454545454545	1498.0	1.92632690784	4.0	0.0	0.225	0	1
CglabA	ATT	I	L	0.0	0.808064230742	0.428571428571	0.0944881889764	0.850393700787	0.907142857143	0.0928571428571	1413.0	1.99435028249	5.0	0.0	0.0	0	0
CglabA	ATC	I	L	0.0	0.808064230742	0.25	0.0769230769231	0.923076923077	0.0928571428571	0.0928571428571	1413.0	2.14006024096	7.0	0.0	0.0	0	0
ScryoA	ATT	I	L	0.0	0.597046926604	1.0	0.126126126126	0.63963963964	0.816176470588	0.125	1424.0	1.75666551247	5.0	0.0	0.034	0	0
ScryoA	ATC	I	L	0.0	0.597046926604	0.6	0.12	0.52	0.183823529412	0.125	1424.0	1.88360593382	7.0	0.0	0.0	0	0
CneerA	ATT	I	L	0.0	0.708887325153	0.307692307692	0.0618556701031	0.886597938144	0.399176954733	0.0493827160494	2249.0	1.93319483927	5.0	0.0	0.0	0	0
CneerA	ATC	I	L	0.0	0.708887325153	0.1	0.0217391304348	0.847826086957	0.189300411523	0.0493827160494	2249.0	1.81162944948	7.0	0.0	0.0	0	0
CneerA	ATA	I	L	0.0	0.708887325153	0.384615384615	0.05	0.93	0.411522633745	0.0493827160494	2249.0	1.95735027223	4.0	0.0	0.211	0	1
CsakeA	ATT	I	L	0.0	0.86190044642	0.272727272727	0.0508474576271	0.915254237288	0.25652173913	0.0652173913043	2207.0	1.98581818182	5.0	0.0	0.0	0	0
CsakeA	ATC	I	L	0.0	0.86190044642	0.166666666667	0.0666666666667	0.933333333333	0.0652173913043	0.0652173913043	2207.0	2.06564986737	7.0	0.0	0.0	0	0
CsakeA	ATA	I	L	0.0	0.86190044642	0.5	0.0705128205128	0.897435897436	0.678260869565	0.0652173913043	2207.0	1.99729579809	4.0	0.0	0.201	0	1
HuvarA	ATT	I	L	0.0	0.348807557616	1.0	0.2	0.631578947368	0.748031496063	0.181102362205	1361.0	1.93763874874	5.0	0.0	0.034	0	0
HuvarA	ATC	I	L	0.0	0.348807557616	0.666666666667	0.129032258065	0.709677419355	0.244094488189	0.181102362205	1361.0	1.84867201977	7.0	0.0	0.0	0	0
CjiufA	ATT	I	L	0.0	0.54774685897	0.153846153846	0.0238095238095	0.936507936508	0.540772532189	0.0300429184549	2231.0	1.93914317731	5.0	0.0	0.0	0	0
CjiufA	ATC	I	L	0.0	0.54774685897	0.25	0.0508474576271	0.932203389831	0.25321888412	0.0300429184549	2231.0	1.98080279232	7.0	0.0	0.0	0	0
CjiufA	ATA	I	L	0.0	0.54774685897	0.0909090909091	0.0208333333333	0.916666666667	0.206008583691	0.0300429184549	2231.0	1.85356360983	4.0	0.0	0.286	0	1
KlactA	ATT	I	L	0.0	0.703692200555	0.714285714286	0.0725806451613	0.903225806452	0.925373134328	0.0671641791045	1408.0	2.02932301741	5.0	0.0	0.0	0	0
CzempA	ATT	I	L	0.0	0.254637604709	1.0	0.256756756757	0.554054054054	0.432748538012	0.198830409357	1428.0	2.05681965934	5.0	0.0	0.034	0	0
CzempA	ATC	I	L	0.0	0.254637604709	0.25	0.166666666667	0.833333333333	0.0350877192982	0.198830409357	1428.0	2.49920508744	7.0	0.0	0.0	0	0
CzempA	ATA	I	L	0.0	0.254637604709	0.714285714286	0.153846153846	0.626373626374	0.53216374269	0.198830409357	1428.0	1.83174603175	4.0	0.0	0.074	0	1
CmetaB	ATT	I	L	0.0	0.915084180565	0.0769230769231	0.0229007633588	0.931297709924	0.555084745763	0.021186440678	2250.0	1.95131356953	5.0	0.0	0.0	0	0
CmetaB	ATC	I	L	0.0	0.915084180565	0.0909090909091	0.0204081632653	0.979591836735	0.207627118644	0.021186440678	2250.0	1.95095902354	7.0	0.0	0.0	0	0
CmetaB	ATA	I	L	0.0	0.915084180565	0.1	0.0178571428571	0.982142857143	0.237288135593	0.021186440678	2250.0	1.94548911895	4.0	0.0	0.346	0	1
CmetaC	ATT	I	L	0.0	0.915084180565	0.0769230769231	0.0229007633588	0.931297709924	0.555084745763	0.021186440678	2250.0	1.95131356953	5.0	0.0	0.0	0	0
CmetaC	ATC	I	L	0.0	0.915084180565	0.0909090909091	0.0204081632653	0.979591836735	0.207627118644	0.021186440678	2250.0	1.95095902354	7.0	0.0	0.0	0	0
CmetaC	ATA	I	L	0.0	0.915084180565	0.1	0.0178571428571	0.982142857143	0.237288135593	0.021186440678	2250.0	1.94548911895	4.0	0.0	0.346	0	1
CmetaA	ATT	I	L	0.0	0.915084180565	0.0769230769231	0.0229007633588	0.931297709924	0.555084745763	0.021186440678	2250.0	1.95131356953	5.0	0.0	0.0	0	0
CmetaA	ATC	I	L	0.0	0.915084180565	0.0909090909091	0.0204081632653	0.979591836735	0.207627118644	0.021186440678	2250.0	1.95095902354	7.0	0.0	0.0	0	0
CmetaA	ATA	I	L	0.0	0.915084180565	0.1	0.0178571428571	0.982142857143	0.237288135593	0.021186440678	2250.0	1.94548911895	4.0	0.0	0.346	0	1
CmetaF	ATT	I	L	0.0	0.915084180565	0.0769230769231	0.0229007633588	0.931297709924	0.555084745763	0.021186440678	2250.0	1.95131356953	5.0	0.0	0.0	0	0
CmetaF	ATC	I	L	0.0	0.915084180565	0.0909090909091	0.0204081632653	0.979591836735	0.207627118644	0.021186440678	2250.0	1.95095902354	7.0	0.0	0.0	0	0
CmetaF	ATA	I	L	0.0	0.915084180565	0.1	0.0178571428571	0.982142857143	0.237288135593	0.021186440678	2250.0	1.94548911895	4.0	0.0	0.346	0	1
CfrijA	ATT	I	L	0.0	0.277087552661	0.181818181818	0.0337078651685	0.910112359551	0.356	0.052	2249.0	1.94902969371	5.0	0.0	0.0	0	0
CfrijA	ATA	I	L	0.0	0.277087552661	0.307692307692	0.0724637681159	0.855072463768	0.552	0.052	2249.0	1.93603706112	4.0	0.0	0.217	0	1
CmetaD	ATT	I	L	0.0	0.915084180565	0.0769230769231	0.0229007633588	0.931297709924	0.555084745763	0.021186440678	2250.0	1.95131356953	5.0	0.0	0.0	0	0
CmetaD	ATC	I	L	0.0	0.915084180565	0.0909090909091	0.0204081632653	0.979591836735	0.207627118644	0.021186440678	2250.0	1.95095902354	7.0	0.0	0.0	0	0
CmetaD	ATA	I	L	0.0	0.915084180565	0.1	0.0178571428571	0.982142857143	0.237288135593	0.021186440678	2250.0	1.94548911895	4.0	0.0	0.346	0	1
CmetaE	ATT	I	L	0.0	0.915084180565	0.0769230769231	0.0229007633588	0.931297709924	0.555084745763	0.021186440678	2250.0	1.95131356953	5.0	0.0	0.0	0	0
CmetaE	ATC	I	L	0.0	0.915084180565	0.0909090909091	0.0204081632653	0.979591836735	0.207627118644	0.021186440678	2250.0	1.95095902354	7.0	0.0	0.0	0	0
CmetaE	ATA	I	L	0.0	0.915084180565	0.1	0.0178571428571	0.982142857143	0.237288135593	0.021186440678	2250.0	1.94548911895	4.0	0.0	0.346	0	1
PpastA	ATT	I	L	0.0	0.407589262739	0.333333333333	0.078125	0.84375	0.296296296296	0.101851851852	2248.0	1.98250679348	5.0	0.0	0.0	0	0
PpastA	ATA	I	L	0.0	0.407589262739	0.769230769231	0.121428571429	0.8	0.648148148148	0.101851851852	2248.0	1.9430583193	4.0	0.0	0.068	0	1
SjapoA	ATT	I	L	0.0	0.534840042982	0.857142857143	0.173076923077	0.605769230769	0.654088050314	0.194968553459	1423.0	1.83191331728	5.0	0.0	0.0	0	0
SjapoA	ATC	I	L	0.0	0.534840042982	0.571428571429	0.266666666667	0.533333333333	0.188679245283	0.194968553459	1423.0	2.14143681847	7.0	0.0	0.0	0	0
SjapoA	ATA	I	L	0.0	0.534840042982	0.6	0.2	0.64	0.157232704403	0.194968553459	1423.0	2.04988662132	4.0	0.0	0.076	0	1
CalbiE	ATT	I	L	0.0	0.922203448185	0.2	0.03125	0.9375	0.258064516129	0.0403225806452	1183.0	1.92091603053	5.0	0.0	0.0	0	0
CalbiE	ATC	I	L	0.0	0.922203448185	0.25	0.030303030303	0.909090909091	0.266129032258	0.0403225806452	1183.0	1.95633561644	7.0	0.0	0.0	0	0
CalbiE	ATA	I	L	0.0	0.922203448185	0.333333333333	0.0508474576271	0.932203389831	0.475806451613	0.0403225806452	1183.0	1.9241126071	4.0	0.0	0.294	0	1
CalbiD	ATT	I	L	0.0	0.610875480212	0.111111111111	0.0178571428571	0.982142857143	0.259259259259	0.0277777777778	2058.0	1.98607023739	5.0	0.0	0.0	0	0
CalbiD	ATC	I	L	0.0	0.610875480212	0.111111111111	0.0166666666667	0.933333333333	0.277777777778	0.0277777777778	2058.0	1.92862190813	7.0	0.0	0.0	0	0
CalbiD	ATA	I	L	0.0	0.610875480212	0.272727272727	0.04	0.94	0.462962962963	0.0277777777778	2058.0	1.92251004913	4.0	0.0	0.31	0	1
CalbiC	ATT	I	L	0.0	0.710617314877	0.1	0.016393442623	0.967213114754	0.262931034483	0.0258620689655	2250.0	1.92295402095	5.0	0.0	0.0	0	0
CalbiC	ATC	I	L	0.0	0.710617314877	0.0909090909091	0.0161290322581	0.951612903226	0.26724137931	0.0258620689655	2250.0	1.98205659075	7.0	0.0	0.0	0	0
CalbiC	ATA	I	L	0.0	0.710617314877	0.25	0.0366972477064	0.94495412844	0.469827586207	0.0258620689655	2250.0	1.90277215702	4.0	0.0	0.331	0	1
CalbiB	ATT	I	L	0.0	0.710617314877	0.1	0.016393442623	0.967213114754	0.262931034483	0.0258620689655	2250.0	1.92295402095	5.0	0.0	0.0	0	0
CalbiB	ATC	I	L	0.0	0.710617314877	0.0909090909091	0.0161290322581	0.951612903226	0.26724137931	0.0258620689655	2250.0	1.98205659075	7.0	0.0	0.0	0	0
CalbiB	ATA	I	L	0.0	0.710617314877	0.25	0.0366972477064	0.94495412844	0.469827586207	0.0258620689655	2250.0	1.90277215702	4.0	0.0	0.331	0	1
CalbiA	ATT	I	L	0.0	0.611709599302	0.111111111111	0.0175438596491	0.964912280702	0.263888888889	0.0277777777778	2058.0	1.93101471431	5.0	0.0	0.0	0	0
CalbiA	ATC	I	L	0.0	0.611709599302	0.1	0.0166666666667	0.95	0.277777777778	0.0277777777778	2058.0	1.9853466762	7.0	0.0	0.0	0	0
CalbiA	ATA	I	L	0.0	0.611709599302	0.272727272727	0.040404040404	0.939393939394	0.458333333333	0.0277777777778	2058.0	1.91828005403	4.0	0.0	0.31	0	1
MmagnB	ATT	I	L	0.0	0.504141412288	0.3	0.0731707317073	0.731707317073	0.190697674419	0.13023255814	2249.0	1.83477188656	5.0	0.0	0.0	0	0
MmagnB	ATC	I	L	0.0	0.504141412288	0.923076923077	0.14367816092	0.804597701149	0.809302325581	0.13023255814	2249.0	2.13078496548	7.0	0.0	0.006	0	0
MmagnA	ATT	I	L	0.0	0.145752604862	0.2	0.0454545454545	0.75	0.203703703704	0.12962962963	2249.0	1.79339227548	5.0	0.0	0.0	0	0
MmagnA	ATC	I	L	0.0	0.145752604862	0.923076923077	0.151162790698	0.796511627907	0.796296296296	0.12962962963	2249.0	2.13944788442	7.0	0.0	0.006	0	0
CparaA	ATT	I	L	1.0	0.40349579513	0.0833333333333	0.00793650793651	0.984126984127	0.649484536082	0.0103092783505	1816.0	1.98651842773	5.0	0.0	0.0	0	0
CparaA	ATA	I	L	1.0	0.40349579513	0.111111111111	0.0192307692308	0.961538461538	0.268041237113	0.0103092783505	1816.0	1.90850760456	4.0	0.0	0.393	0	1
CcoryA	ATT	I	L	0.0	0.261134076627	0.307692307692	0.0666666666667	0.853333333333	0.373134328358	0.0398009950249	2250.0	1.94593450028	5.0	0.0	0.0	0	0
CcoryA	ATA	I	L	0.0	0.261134076627	0.272727272727	0.032967032967	0.923076923077	0.452736318408	0.0398009950249	2250.0	1.85248845562	4.0	0.0	0.236	0	1
CparaC	ATT	I	L	0.0	0.878279737954	0.153846153846	0.0263157894737	0.953947368421	0.652360515021	0.0214592274678	2250.0	1.98886476644	5.0	0.0	0.0	0	0
CparaC	ATA	I	L	0.0	0.878279737954	0.1	0.015873015873	0.968253968254	0.270386266094	0.0214592274678	2250.0	1.84327118331	4.0	0.0	0.314	0	1
CparaB	ATT	I	L	0.0	0.878279737954	0.153846153846	0.0263157894737	0.953947368421	0.652360515021	0.0214592274678	2250.0	1.98886476644	5.0	0.0	0.0	0	0
CparaB	ATA	I	L	0.0	0.878279737954	0.1	0.015873015873	0.968253968254	0.270386266094	0.0214592274678	2250.0	1.84327118331	4.0	0.0	0.314	0	1
CparaE	ATT	I	L	0.0	0.878279737954	0.153846153846	0.0263157894737	0.953947368421	0.652360515021	0.0214592274678	2250.0	1.98886476644	5.0	0.0	0.0	0	0
CparaE	ATA	I	L	0.0	0.878279737954	0.1	0.015873015873	0.968253968254	0.270386266094	0.0214592274678	2250.0	1.84327118331	4.0	0.0	0.314	0	1
CparaD	ATT	I	L	0.0	0.878279737954	0.153846153846	0.0263157894737	0.953947368421	0.652360515021	0.0214592274678	2250.0	1.98886476644	5.0	0.0	0.0	0	0
CparaD	ATA	I	L	0.0	0.878279737954	0.1	0.015873015873	0.968253968254	0.270386266094	0.0214592274678	2250.0	1.84327118331	4.0	0.0	0.314	0	1
CparaF	ATT	I	L	0.0	0.878279737954	0.153846153846	0.0263157894737	0.953947368421	0.652360515021	0.0214592274678	2250.0	1.98886476644	5.0	0.0	0.0	0	0
CparaF	ATA	I	L	0.0	0.878279737954	0.1	0.015873015873	0.968253968254	0.270386266094	0.0214592274678	2250.0	1.84327118331	4.0	0.0	0.314	0	1
MtetrA	ATT	I	L	0.0	0.882285657712	0.375	0.0909090909091	0.787878787879	0.165	0.115	2248.0	1.8182374541	5.0	0.0	0.0	0	0
MtetrA	ATC	I	L	0.0	0.882285657712	0.923076923077	0.119760479042	0.808383233533	0.835	0.115	2248.0	2.11796973102	7.0	0.0	0.006	0	0
CsaraA	ATT	I	L	0.0	0.142215670925	0.272727272727	0.101449275362	0.869565217391	0.282786885246	0.0614754098361	2249.0	2.08280051151	5.0	0.0	0.0	0	0
CsaraA	ATA	I	L	0.0	0.142215670925	0.384615384615	0.0551724137931	0.91724137931	0.594262295082	0.0614754098361	2249.0	1.97565667777	4.0	0.0	0.209	0	1
CsuavA	ATT	I	L	0.0	0.72907640246	0.692307692308	0.127659574468	0.787234042553	0.758064516129	0.116935483871	2250.0	1.99564449676	5.0	0.0	0.0	0	0
CsuavA	ATC	I	L	0.0	0.72907640246	0.222222222222	0.0714285714286	0.892857142857	0.112903225806	0.116935483871	2250.0	2.10916874777	7.0	0.0	0.0	0	0
CsuavA	ATA	I	L	0.0	0.72907640246	0.222222222222	0.09375	0.8125	0.129032258065	0.116935483871	2250.0	1.86046511628	4.0	0.0	0.07	0	1
PkluyA	ATT	I	L	0.0	0.273270866796	0.5	0.5	0.5	0.00925925925926	0.157407407407	2247.0	2.64367816092	5.0	0.0	0.031	0	0
PkluyA	ATC	I	L	0.0	0.273270866796	0.2	0.25	0.75	0.037037037037	0.157407407407	2247.0	2.42227662179	7.0	0.0	0.001	0	0
PkluyA	ATA	I	L	0.0	0.273270866796	0.769230769231	0.150485436893	0.747572815534	0.953703703704	0.157407407407	2247.0	2.08755905512	4.0	0.0	0.059	0	1
PcanaA	ATT	I	L	0.0	0.738513584598	0.4	0.10752688172	0.806451612903	0.373493975904	0.124497991968	2250.0	2.01136747327	5.0	0.0	0.0	0	0
PcanaA	ATC	I	L	0.0	0.738513584598	0.166666666667	0.0833333333333	0.916666666667	0.0481927710843	0.124497991968	2250.0	2.12678421495	7.0	0.0	0.0	0	0
PcanaA	ATA	I	L	0.0	0.738513584598	0.666666666667	0.138888888889	0.763888888889	0.578313253012	0.124497991968	2250.0	2.00571934912	4.0	0.0	0.061	0	1
YlipoB	ATT	I	L	0.0	0.647119891794	0.583333333333	0.115384615385	0.833333333333	0.362790697674	0.125581395349	2247.0	2.08679567445	5.0	0.0	0.0	0	0
YlipoB	ATC	I	L	0.0	0.647119891794	0.444444444444	0.152173913043	0.673913043478	0.213953488372	0.125581395349	2247.0	2.03380706288	7.0	0.0	0.0	0	0
YlipoB	ATA	I	L	0.0	0.647119891794	0.583333333333	0.120879120879	0.769230769231	0.423255813953	0.125581395349	2247.0	1.95556104185	4.0	0.0	0.064	0	1
YlipoA	ATT	I	L	0.0	0.701275200354	0.583333333333	0.118421052632	0.828947368421	0.353488372093	0.125581395349	2247.0	2.08841463415	5.0	0.0	0.0	0	0
YlipoA	ATC	I	L	0.0	0.701275200354	0.444444444444	0.148936170213	0.68085106383	0.218604651163	0.125581395349	2247.0	2.03436571913	7.0	0.0	0.0	0	0
YlipoA	ATA	I	L	0.0	0.701275200354	0.583333333333	0.119565217391	0.771739130435	0.427906976744	0.125581395349	2247.0	1.95545220903	4.0	0.0	0.064	0	1
CjadiA	ATT	I	L	0.0	0.31466797219	0.615384615385	0.106796116505	0.825242718447	0.865546218487	0.109243697479	2250.0	2.03476177801	5.0	0.0	0.0	0	0
CjadiA	ATC	I	L	0.0	0.31466797219	0.125	0.0526315789474	0.842105263158	0.0798319327731	0.109243697479	2250.0	1.78909090909	7.0	0.0	0.0	0	0
CjadiA	ATA	I	L	0.0	0.31466797219	0.5	0.230769230769	0.769230769231	0.0546218487395	0.109243697479	2250.0	2.31957671958	4.0	0.0	0.05	0	1
AgossB	ATT	I	L	0.0	2.4054001113e-09	0.857142857143	0.0816326530612	0.816326530612	0.753846153846	0.133333333333	1427.0	1.94002488051	5.0	0.0	0.434	0	0
AgossB	ATA	I	L	0.0	2.4054001113e-09	0.833333333333	0.304347826087	0.108695652174	0.235897435897	0.133333333333	1427.0	2.08687615527	4.0	1.0	0.991	1	1
NdelpA	ATT	I	L	0.0	0.826933099138	0.714285714286	0.106060606061	0.833333333333	0.910344827586	0.103448275862	1412.0	2.03512591625	5.0	0.0	0.0	0	0
NdelpA	ATC	I	L	0.0	0.826933099138	0.142857142857	0.0909090909091	0.909090909091	0.0758620689655	0.103448275862	1412.0	2.05658709107	7.0	0.0	0.0	0	0
LelonA	ATT	I	L	0.0	0.811711121284	0.333333333333	0.0526315789474	0.873684210526	0.405982905983	0.042735042735	2249.0	1.95680493658	5.0	0.0	0.0	0	0
LelonA	ATC	I	L	0.0	0.811711121284	0.2	0.0338983050847	0.932203389831	0.252136752137	0.042735042735	2249.0	1.96151202749	7.0	0.0	0.0	0	0
LelonA	ATA	I	L	0.0	0.811711121284	0.272727272727	0.0375	0.95	0.34188034188	0.042735042735	2249.0	1.96449704142	4.0	0.0	0.236	0	1
CpseuA	ATT	I	L	0.0	0.880252059497	1.0	0.0869565217391	0.739130434783	0.547619047619	0.0714285714286	434.0	1.87376335576	5.0	0.0	0.038	0	0
CpseuA	ATC	I	L	0.0	0.880252059497	1.0	0.1	0.9	0.238095238095	0.0714285714286	434.0	1.92090909091	7.0	0.0	0.046	0	0
CalimA	ATT	I	L	0.0	0.445373385827	0.5	0.0919540229885	0.804597701149	0.402777777778	0.125	2247.0	1.98763736264	5.0	0.0	0.0	0	0
CalimA	ATC	I	L	0.0	0.445373385827	0.454545454545	0.12962962963	0.777777777778	0.25	0.125	2247.0	2.02902078262	7.0	0.0	0.0	0	0
CalimA	ATA	I	L	0.0	0.445373385827	0.75	0.16	0.746666666667	0.347222222222	0.125	2247.0	2.0921736472	4.0	0.0	0.059	0	1
CchauA	ATT	I	L	0.0	0.598023135857	0.181818181818	0.0266666666667	0.92	0.373134328358	0.0398009950249	2250.0	1.92492980641	5.0	0.0	0.0	0	0
CchauA	ATC	I	L	0.0	0.598023135857	0.1	0.0294117647059	0.970588235294	0.169154228856	0.0398009950249	2250.0	1.9119266055	7.0	0.0	0.0	0	0
CchauA	ATA	I	L	0.0	0.598023135857	0.384615384615	0.054347826087	0.880434782609	0.457711442786	0.0398009950249	2250.0	1.79836969552	4.0	0.0	0.224	0	1
BcaliA	ATT	I	L	0.0	0.320969321705	0.583333333333	0.109090909091	0.790909090909	0.438247011952	0.0796812749004	2250.0	1.89133948094	5.0	0.0	0.0	0	0
BcaliA	ATA	I	L	0.0	0.320969321705	0.416666666667	0.0601503759398	0.827067669173	0.529880478088	0.0796812749004	2250.0	1.92532751092	4.0	0.0	0.19	0	1
SoctoA	ATT	I	L	0.0	0.593363613141	1.0	0.137931034483	0.603448275862	0.834532374101	0.136690647482	1425.0	1.72358936117	5.0	0.0	0.034	0	0
SoctoA	ATC	I	L	0.0	0.593363613141	0.5	0.130434782609	0.478260869565	0.165467625899	0.136690647482	1425.0	1.81536555143	7.0	0.0	0.0	0	0
CvartA	ATT	I	L	0.0	0.150114300802	0.692307692308	0.0909090909091	0.828877005348	0.779166666667	0.108333333333	2250.0	1.96244104452	5.0	0.0	0.0	0	0
CvartA	ATC	I	L	0.0	0.150114300802	0.375	0.230769230769	0.769230769231	0.0541666666667	0.108333333333	2250.0	2.38039215686	7.0	0.0	0.001	0	0
CvartA	ATA	I	L	0.0	0.150114300802	0.333333333333	0.15	0.775	0.166666666667	0.108333333333	2250.0	2.03548387097	4.0	0.0	0.073	0	1
CbuenA	ATT	I	L	0.0	0.237558301013	0.166666666667	0.0194174757282	0.95145631068	0.461883408072	0.0403587443946	2248.0	1.91953774706	5.0	0.0	0.0	0	0
CbuenA	ATC	I	L	0.0	0.237558301013	0.181818181818	0.0408163265306	0.938775510204	0.219730941704	0.0403587443946	2248.0	2.01314575646	7.0	0.0	0.0	0	0
CbuenA	ATA	I	L	0.0	0.237558301013	0.25	0.0704225352113	0.915492957746	0.318385650224	0.0403587443946	2248.0	1.98358335692	4.0	0.0	0.233	0	1
CdefoA	ATT	I	L	0.0	0.485617908245	0.583333333333	0.0963855421687	0.843373493976	0.389671361502	0.1220657277	2247.0	2.04311039484	5.0	0.0	0.0	0	0
CdefoA	ATC	I	L	0.0	0.485617908245	0.375	0.146341463415	0.756097560976	0.192488262911	0.1220657277	2247.0	2.12301493245	7.0	0.0	0.0	0	0
CdefoA	ATA	I	L	0.0	0.485617908245	0.666666666667	0.134831460674	0.730337078652	0.417840375587	0.1220657277	2247.0	1.95515752033	4.0	0.0	0.064	0	1
LdasiA	ATT	I	L	0.0	0.798798342714	0.428571428571	0.088	0.888	0.912408759124	0.0875912408759	1429.0	2.0418551169	5.0	0.0	0.0	0	0
LdasiA	ATC	I	L	0.0	0.798798342714	0.166666666667	0.0833333333333	0.833333333333	0.0875912408759	0.0875912408759	1429.0	2.08766233766	7.0	0.0	0.0	0	0
LkluyF	ATT	I	L	0.0	0.0431515355639	0.571428571429	0.0866141732283	0.889763779528	0.962121212121	0.0984848484848	1429.0	2.06619760932	5.0	0.0	0.0	0	0
LkluyF	ATC	I	L	0.0	0.0431515355639	0.5	0.4	0.6	0.0378787878788	0.0984848484848	1429.0	2.41634980989	7.0	0.0	0.005	0	0
LkluyE	ATT	I	L	0.0	0.297271835783	0.571428571429	0.096	0.88	0.954198473282	0.0992366412214	1429.0	2.07115414169	5.0	0.0	0.0	0	0
LkluyE	ATC	I	L	0.0	0.297271835783	0.333333333333	0.166666666667	0.833333333333	0.0458015267176	0.0992366412214	1429.0	2.28548644338	7.0	0.0	0.0	0	0
LkluyD	ATT	I	L	0.0	0.0273534833071	0.571428571429	0.0819672131148	0.893442622951	0.931297709924	0.0992366412214	1429.0	2.05543743602	5.0	0.0	0.0	0	0
LkluyD	ATC	I	L	0.0	0.0273534833071	0.4	0.333333333333	0.666666666667	0.0687022900763	0.0992366412214	1429.0	2.42569002123	7.0	0.0	0.004	0	0
LkluyC	ATT	I	L	0.0	0.0431515355639	0.571428571429	0.0866141732283	0.889763779528	0.962121212121	0.0984848484848	1429.0	2.06619760932	5.0	0.0	0.0	0	0
LkluyC	ATC	I	L	0.0	0.0431515355639	0.5	0.4	0.6	0.0378787878788	0.0984848484848	1429.0	2.41634980989	7.0	0.0	0.005	0	0
LkluyB	ATT	I	L	0.0	0.181818181818	1.0	0.151515151515	0.787878787879	0.942857142857	0.171428571429	434.0	2.0545755237	5.0	0.0	0.103	0	0
LkluyB	ATC	I	L	0.0	0.181818181818	1.0	0.5	0.5	0.0571428571429	0.171428571429	434.0	2.42465753425	7.0	0.0	0.158	0	0
LkluyA	ATT	I	L	0.0	0.0431515355639	0.571428571429	0.0866141732283	0.889763779528	0.962121212121	0.0984848484848	1429.0	2.06619760932	5.0	0.0	0.0	0	0
LkluyA	ATC	I	L	0.0	0.0431515355639	0.5	0.4	0.6	0.0378787878788	0.0984848484848	1429.0	2.41634980989	7.0	0.0	0.005	0	0
CdublA	ATT	I	L	0.0	0.605672171646	0.166666666667	0.0229885057471	0.977011494253	0.393665158371	0.0361990950226	2058.0	2.00528900642	5.0	0.0	0.0	0	0
CdublA	ATC	I	L	0.0	0.605672171646	0.125	0.0526315789474	0.894736842105	0.171945701357	0.0361990950226	2058.0	1.88471040351	7.0	0.0	0.0	0	0
CdublA	ATA	I	L	0.0	0.605672171646	0.333333333333	0.0416666666667	0.927083333333	0.434389140271	0.0361990950226	2058.0	1.9280901487	4.0	0.0	0.25	0	1
CorthB	ATT	I	L	0.0	0.160587891924	0.230769230769	0.0206896551724	0.944827586207	0.625	0.0215517241379	2250.0	1.97401453424	5.0	0.0	0.0	0	0
CorthB	ATC	I	L	0.0	0.160587891924	0.111111111111	0.0512820512821	0.948717948718	0.168103448276	0.0215517241379	2250.0	1.96275219865	7.0	0.0	0.0	0	0
CorthC	ATT	I	L	0.0	0.151266570353	0.230769230769	0.0204081632653	0.945578231293	0.633620689655	0.0215517241379	2250.0	1.97175467745	5.0	0.0	0.0	0	0
CorthC	ATC	I	L	0.0	0.151266570353	0.111111111111	0.0540540540541	0.945945945946	0.159482758621	0.0215517241379	2250.0	1.97277227723	7.0	0.0	0.0	0	0
CorthA	ATT	I	L	0.0	0.158988145476	0.230769230769	0.0206896551724	0.944827586207	0.625	0.0215517241379	2250.0	1.97092937895	5.0	0.0	0.0	0	0
CorthA	ATC	I	L	0.0	0.158988145476	0.111111111111	0.0540540540541	0.945945945946	0.159482758621	0.0215517241379	2250.0	1.96050510478	7.0	0.0	0.0	0	0
ClusiA	ATT	I	L	0.0	0.87792221484	0.2	0.0625	0.875	0.137931034483	0.0646551724138	2250.0	2.00658807212	5.0	0.0	0.0	0	0
ClusiA	ATA	I	L	0.0	0.87792221484	0.538461538462	0.0659898477157	0.908629441624	0.849137931034	0.0646551724138	2250.0	1.99873917334	4.0	0.0	0.205	0	1
MguilA	ATT	I	L	0.0	0.0443776345689	0.166666666667	0.0363636363636	0.909090909091	0.227272727273	0.0537190082645	2250.0	1.8818760857	5.0	0.0	0.0	0	0
MguilA	ATC	I	L	0.0	0.0443776345689	0.333333333333	0.230769230769	0.769230769231	0.0537190082645	0.0537190082645	2250.0	2.43079443079	7.0	0.0	0.001	0	0
MguilA	ATA	I	L	0.0	0.0443776345689	0.461538461538	0.0459770114943	0.913793103448	0.719008264463	0.0537190082645	2250.0	1.95605842161	4.0	0.0	0.196	0	1
SpastA	ATT	I	L	0.0	0.169938689166	0.714285714286	0.114035087719	0.842105263158	0.797202797203	0.111888111888	1429.0	2.09671179884	5.0	0.0	0.0	0	0
SpastA	ATC	I	L	0.0	0.169938689166	0.285714285714	0.0769230769231	0.846153846154	0.181818181818	0.111888111888	1429.0	1.9830007391	7.0	0.0	0.0	0	0
SpastA	ATA	I	L	0.0	0.169938689166	0.333333333333	0.333333333333	0.0	0.020979020979	0.111888111888	1429.0	1.88636363636	4.0	0.0	0.052	0	1
ScereC	ATT	I	L	0.0	0.307744528206	0.714285714286	0.113821138211	0.837398373984	0.831081081081	0.121621621622	1429.0	2.07788671024	5.0	0.0	0.0	0	0
ScereC	ATC	I	L	0.0	0.307744528206	0.333333333333	0.157894736842	0.842105263158	0.128378378378	0.121621621622	1429.0	2.17464358452	7.0	0.0	0.0	0	0
ScereC	ATA	I	L	0.0	0.307744528206	0.2	0.166666666667	0.333333333333	0.0405405405405	0.121621621622	1429.0	1.99677419355	4.0	0.0	0.074	0	1
ScereA	ATT	I	L	0.0	0.438223608138	0.714285714286	0.107438016529	0.842975206612	0.828767123288	0.109589041096	1429.0	2.07068870088	5.0	0.0	0.0	0	0
ScereA	ATC	I	L	0.0	0.438223608138	0.285714285714	0.105263157895	0.894736842105	0.130136986301	0.109589041096	1429.0	2.09969325153	7.0	0.0	0.0	0	0
ScereA	ATA	I	L	0.0	0.438223608138	0.2	0.166666666667	0.333333333333	0.041095890411	0.109589041096	1429.0	1.99677419355	4.0	0.0	0.076	0	1
ScereD	ATT	I	L	0.0	0.378504707592	0.714285714286	0.111111111111	0.837606837607	0.801369863014	0.109589041096	1429.0	2.07285959604	5.0	0.0	0.0	0	0
ScereD	ATC	I	L	0.0	0.378504707592	0.285714285714	0.0869565217391	0.913043478261	0.157534246575	0.109589041096	1429.0	2.08340353833	7.0	0.0	0.0	0	0
ScereD	ATA	I	L	0.0	0.378504707592	0.2	0.166666666667	0.333333333333	0.041095890411	0.109589041096	1429.0	1.99677419355	4.0	0.0	0.076	0	1
ScereE	ATT	I	L	0.0	0.0975055697895	0.714285714286	0.108333333333	0.841666666667	0.816326530612	0.122448979592	1429.0	2.06740587109	5.0	0.0	0.0	0	0
ScereE	ATC	I	L	0.0	0.0975055697895	0.4	0.142857142857	0.857142857143	0.142857142857	0.122448979592	1429.0	2.17501148369	7.0	0.0	0.0	0	0
ScereE	ATA	I	L	0.0	0.0975055697895	0.5	0.333333333333	0.333333333333	0.0408163265306	0.122448979592	1429.0	2.24959216966	4.0	0.0	0.062	0	1
DhansA	ATT	I	L	0.0	0.847850731699	0.416666666667	0.0806451612903	0.903225806452	0.269565217391	0.0652173913043	2250.0	2.05130562707	5.0	0.0	0.0	0	0
DhansA	ATA	I	L	0.0	0.847850731699	0.384615384615	0.0636942675159	0.891719745223	0.682608695652	0.0652173913043	2250.0	1.91929872433	4.0	0.0	0.21	0	1
CsalmA	ATT	I	L	0.0	0.850041171307	0.833333333333	0.147058823529	0.664705882353	0.699588477366	0.152263374486	2153.0	1.861526659	5.0	0.0	0.0	0	0
CsalmA	ATC	I	L	0.0	0.850041171307	0.142857142857	0.1	0.6	0.0411522633745	0.152263374486	2153.0	1.34801288937	7.0	0.0	0.0	0	0
CsalmA	ATA	I	L	0.0	0.850041171307	0.777777777778	0.174603174603	0.650793650794	0.259259259259	0.152263374486	2153.0	2.01839896708	4.0	0.0	0.046	0	1
LnothA	ATT	I	L	0.0	0.798825155302	0.571428571429	0.0859375	0.875	0.920863309353	0.0863309352518	1429.0	2.02638878477	5.0	0.0	0.0	0	0
LnothA	ATC	I	L	0.0	0.798825155302	0.2	0.0909090909091	0.909090909091	0.0791366906475	0.0863309352518	1429.0	2.19076655052	7.0	0.0	0.0	0	0
BcustA	ATT	I	L	0.0	0.768499214173	0.416666666667	0.125	0.857142857143	0.255707762557	0.13698630137	2247.0	2.1472356935	5.0	0.0	0.0	0	0
BcustA	ATC	I	L	0.0	0.768499214173	0.166666666667	0.142857142857	0.714285714286	0.0319634703196	0.13698630137	2247.0	1.48245614035	7.0	0.0	0.0	0	0
BcustA	ATA	I	L	0.0	0.768499214173	0.769230769231	0.141025641026	0.724358974359	0.712328767123	0.13698630137	2247.0	2.00076050885	4.0	0.0	0.061	0	1
CtheaA	ATT	I	L	0.0	0.495835551367	0.153846153846	0.016	0.96	0.541125541126	0.021645021645	2250.0	1.96996318608	5.0	0.0	0.0	0	0
CtheaA	ATC	I	L	0.0	0.495835551367	0.1	0.030303030303	0.939393939394	0.142857142857	0.021645021645	2250.0	1.97885572139	7.0	0.0	0.0	0	0
CtheaA	ATA	I	L	0.0	0.495835551367	0.1	0.027397260274	0.958904109589	0.316017316017	0.021645021645	2250.0	1.89390962672	4.0	0.0	0.328	0	1
AgossA	ATT	I	L	0.0	7.46705486078e-09	0.857142857143	0.0810810810811	0.817567567568	0.770833333333	0.130208333333	1427.0	1.93899583767	5.0	0.0	0.237	0	0
AgossA	ATA	I	L	0.0	7.46705486078e-09	0.833333333333	0.302325581395	0.116279069767	0.223958333333	0.130208333333	1427.0	2.04696071977	4.0	1.0	0.992	1	1
MingeA	ATT	I	L	0.0	0.328735925268	0.666666666667	0.0967741935484	0.806451612903	0.378048780488	0.130081300813	2249.0	2.02268316351	5.0	0.0	0.0	0	0
MingeA	ATA	I	L	0.0	0.328735925268	0.833333333333	0.156462585034	0.741496598639	0.59756097561	0.130081300813	2249.0	2.0342309111	4.0	0.0	0.059	0	1
ScastA	ATT	I	L	0.0	0.000314584098968	0.571428571429	0.100775193798	0.837209302326	0.816455696203	0.126582278481	1426.0	2.02529573692	5.0	0.0	0.075	0	0
ScastA	ATC	I	L	0.0	0.000314584098968	0.25	0.2	0.8	0.0316455696203	0.126582278481	1426.0	2.43495145631	7.0	0.0	0.128	0	0
ScastA	ATA	I	L	0.0	0.000314584098968	0.6	0.25	0.125	0.151898734177	0.126582278481	1426.0	1.84852118305	4.0	0.0	0.238	0	1
CmaltA	ATT	I	L	0.0	0.944581636454	0.25	0.0588235294118	0.905882352941	0.36170212766	0.0553191489362	2250.0	2.023875	5.0	0.0	0.0	0	0
CmaltA	ATA	I	L	0.0	0.944581636454	0.461538461538	0.0579710144928	0.898550724638	0.587234042553	0.0553191489362	2250.0	1.94019119855	4.0	0.0	0.208	0	1
KmarxA	ATT	I	L	0.0	0.780511471451	1.0	0.129032258065	0.806451612903	0.837837837838	0.135135135135	434.0	1.98884976526	5.0	0.0	0.041	0	0
KmarxA	ATC	I	L	0.0	0.780511471451	1.0	0.166666666667	0.833333333333	0.162162162162	0.135135135135	434.0	2.07283763278	7.0	0.0	0.053	0	0

### Alignment improvement:
ATA	Leu	2.60e-02


### Prediction Prob. range for Positive :[ 0.991 - 0.992 ]

