### Random Forest prediction
genome	codon	ori_aa	rea_aa	fitch	Fisher_pval	Gene_frac	N._rea	N._used	Cod._count	Sub._count	G._len	codon_lik	id	prediction	probability	clad_valid	trans_valid
LmeyeA	AGC	S	T	0.0	0.0164835107925	0.5	0.333333333333	0.666666666667	0.030303030303	0.010101010101	1429.0	1.37704918033	11.0	0.0	0.001	0	0
SpombA	TCT	S	T	0.0	0.1758773989	0.666666666667	0.172413793103	0.586206896552	0.278846153846	0.0961538461538	1424.0	1.08214166944	29.0	0.0	0.0	0	0
SpombA	AGT	S	T	0.0	0.1758773989	0.5	0.129032258065	0.548387096774	0.298076923077	0.0961538461538	1424.0	0.937039312039	9.0	0.0	0.0	0	0
SpombA	TCA	S	T	0.0	0.1758773989	0.166666666667	0.0243902439024	0.536585365854	0.394230769231	0.0961538461538	1424.0	0.480398979355	28.0	0.0	0.0	0	0
WmucoA	TCT	S	T	0.0	0.677296119821	0.0833333333333	0.0181818181818	0.890909090909	0.316091954023	0.0344827586207	2246.0	0.862564102564	29.0	0.0	0.0	0	0
WmucoA	AGT	S	T	0.0	0.677296119821	0.166666666667	0.037037037037	0.796296296296	0.310344827586	0.0344827586207	2246.0	0.819791000213	9.0	0.0	0.0	0	0
WmucoA	TCA	S	T	0.0	0.677296119821	0.1	0.0483870967742	0.838709677419	0.35632183908	0.0344827586207	2246.0	0.955562980287	28.0	0.0	0.0	0	0
AacerA	TCT	S	T	0.0	0.282051237788	0.5	0.0769230769231	0.692307692308	0.270833333333	0.0208333333333	630.0	0.889046941679	29.0	0.0	0.071	0	0
CgallA	TCT	S	T	0.0	0.139227503405	0.1	0.025641025641	0.717948717949	0.233532934132	0.0419161676647	2247.0	0.689281641961	29.0	0.0	0.0	0	0
CgallA	AGT	S	T	0.0	0.139227503405	0.0833333333333	0.0238095238095	0.833333333333	0.251497005988	0.0419161676647	2247.0	0.860504201681	9.0	0.0	0.0	0	0
CgallA	TCC	S	T	0.0	0.139227503405	1.0	1.0	0.0	0.0059880239521	0.0419161676647	2247.0	4.21818181818	31.0	0.0	0.139	0	0
CgallA	TCA	S	T	0.0	0.139227503405	0.333333333333	0.0493827160494	0.777777777778	0.48502994012	0.0419161676647	2247.0	0.843036978757	28.0	0.0	0.0	0	0
CgigaA	AGC	S	T	0.0	0.843971577336	0.111111111111	0.0217391304348	0.934782608696	0.304635761589	0.00662251655629	2002.0	0.89224137931	11.0	0.0	0.0	0	0
CsantA	TCT	S	T	0.0	0.137331330249	0.222222222222	0.0487804878049	0.682926829268	0.231638418079	0.0338983050847	2220.0	0.762209153669	29.0	0.0	0.0	0	0
CsantA	AGC	S	T	0.0	0.137331330249	0.2	0.125	0.666666666667	0.135593220339	0.0338983050847	2220.0	0.842691622103	11.0	0.0	0.0	0	0
CsantA	AGT	S	T	0.0	0.137331330249	0.0909090909091	0.0128205128205	0.692307692308	0.440677966102	0.0338983050847	2220.0	0.582565452684	9.0	0.0	0.0	0	0
CtropB	AGC	S	T	0.0	0.358753151227	0.111111111111	0.0416666666667	0.916666666667	0.141176470588	0.0117647058824	2250.0	1.06501403181	11.0	0.0	0.0	0	0
CtropB	AGT	S	T	0.0	0.358753151227	0.1	0.025	0.95	0.235294117647	0.0117647058824	2250.0	0.988372093023	9.0	0.0	0.0	0	0
CtropA	AGT	S	T	0.0	0.292040477884	0.1	0.05	0.925	0.235294117647	0.0117647058824	2250.0	1.09447674419	9.0	0.0	0.0	0	0
WpijpA	TCT	S	T	0.0	0.910724491683	0.166666666667	0.04	0.84	0.233644859813	0.0467289719626	1429.0	0.893747602608	29.0	0.0	0.0	0	0
WpijpA	AGT	S	T	0.0	0.910724491683	0.25	0.0434782608696	0.826086956522	0.214953271028	0.0467289719626	1429.0	0.875671210244	9.0	0.0	0.0	0	0
WpijpA	TCA	S	T	0.0	0.910724491683	0.166666666667	0.0508474576271	0.864406779661	0.551401869159	0.0467289719626	1429.0	0.965711526079	28.0	0.0	0.0	0	0
BarxA	AGT	S	T	0.0	0.528205082171	1.0	0.0769230769231	0.846153846154	0.361111111111	0.111111111111	434.0	1.04691876751	9.0	0.0	0.036	0	0
BarxA	TCA	S	T	0.0	0.528205082171	1.0	0.142857142857	0.571428571429	0.583333333333	0.111111111111	434.0	0.978778692074	28.0	0.0	0.044	0	0
CoxycA	AGT	S	T	1.0	0.494652378415	1.0	0.142857142857	0.857142857143	0.35	0.05	434.0	1.1566970091	9.0	0.0	0.046	0	0
CsubhA	AGC	S	T	0.0	0.229109152821	0.0909090909091	0.0161290322581	0.887096774194	0.350282485876	0.0169491525424	2244.0	0.841949004541	11.0	0.0	0.0	0	0
CsubhA	TCG	S	T	0.0	0.229109152821	0.111111111111	0.0454545454545	0.909090909091	0.124293785311	0.0169491525424	2244.0	0.986734693878	30.0	0.0	0.0	0	0
CsubhA	AGT	S	T	0.0	0.229109152821	0.166666666667	0.0909090909091	0.818181818182	0.0621468926554	0.0169491525424	2244.0	1.01715438951	9.0	0.0	0.0	0	0
CsubhB	AGC	S	T	0.0	0.229109152821	0.0909090909091	0.0161290322581	0.887096774194	0.350282485876	0.0169491525424	2244.0	0.841949004541	11.0	0.0	0.0	0	0
CsubhB	TCG	S	T	0.0	0.229109152821	0.111111111111	0.0454545454545	0.909090909091	0.124293785311	0.0169491525424	2244.0	0.986734693878	30.0	0.0	0.0	0	0
CsubhB	AGT	S	T	0.0	0.229109152821	0.166666666667	0.0909090909091	0.818181818182	0.0621468926554	0.0169491525424	2244.0	1.01715438951	9.0	0.0	0.0	0	0
OanguA	AGT	S	T	0.0	0.399030236248	0.2	0.05	0.7	0.228571428571	0.0342857142857	2248.0	0.678045909358	9.0	0.0	0.0	0	0
OanguA	TCA	S	T	0.0	0.399030236248	0.230769230769	0.047619047619	0.845238095238	0.48	0.0342857142857	2248.0	0.964559150408	28.0	0.0	0.0	0	0
SarboA	TCA	S	T	0.0	0.710227172682	0.142857142857	0.0175438596491	0.877192982456	0.558823529412	0.00980392156863	1429.0	0.848393574297	28.0	0.0	0.0	0	0
CalaiA	TCT	S	T	1.0	0.000250098128428	0.125	0.025	0.925	0.254777070064	0.0382165605096	2056.0	0.911153119093	29.0	0.0	0.284	0	0
CalaiA	AGT	S	T	1.0	0.000250098128428	0.1	0.0555555555556	0.87037037037	0.343949044586	0.0382165605096	2056.0	0.953334709891	9.0	0.0	0.284	0	0
CalaiA	AGC	S	T	1.0	0.000250098128428	1.0	1.0	0.0	0.00636942675159	0.0382165605096	2056.0	2.98181818182	11.0	1.0	0.574	1	0
CalaiA	TCC	S	T	1.0	0.000250098128428	1.0	1.0	0.0	0.00636942675159	0.0382165605096	2056.0	4.71428571429	31.0	0.0	0.5	0	0
KtherA	AGC	S	T	0.0	0.0146918274761	1.0	1.0	0.0	0.01	0.02	1429.0	2.61	11.0	0.0	0.183	0	0
KtherA	TCA	S	T	0.0	0.0146918274761	0.142857142857	0.0161290322581	0.935483870968	0.62	0.02	1429.0	0.979233964006	28.0	0.0	0.001	0	0
CnorvA	TCA	S	T	0.0	0.312834067981	0.166666666667	0.0416666666667	0.854166666667	0.561403508772	0.0233918128655	2249.0	0.925909295016	28.0	0.0	0.0	0	0
CviswA	AGT	S	T	0.0	0.426829207242	0.0769230769231	0.015873015873	0.904761904762	0.357954545455	0.00568181818182	2249.0	0.835216065985	9.0	0.0	0.0	0	0
MstarA	TCT	S	T	0.0	0.920580242813	0.0909090909091	0.025	0.725	0.216216216216	0.0216216216216	2249.0	0.745895020188	29.0	0.0	0.0	0	0
MstarA	AGT	S	T	0.0	0.920580242813	0.166666666667	0.027027027027	0.756756756757	0.4	0.0216216216216	2249.0	0.717906418716	9.0	0.0	0.0	0	0
MstarA	TCA	S	T	0.0	0.920580242813	0.0909090909091	0.0144927536232	0.739130434783	0.372972972973	0.0216216216216	2249.0	0.695979899497	28.0	0.0	0.0	0	0
NbaciA	AGT	S	T	0.0	0.212242693148	0.2	0.0769230769231	0.846153846154	0.127450980392	0.0196078431373	1428.0	0.792159763314	9.0	0.0	0.0	0	0
NbaciA	TCA	S	T	0.0	0.212242693148	0.166666666667	0.02	0.8	0.490196078431	0.0196078431373	1428.0	0.855047619048	28.0	0.0	0.0	0	0
CtetrA	AGT	S	T	0.0	0.447852699311	0.0909090909091	0.015873015873	0.904761904762	0.357954545455	0.00568181818182	2249.0	0.89489814314	9.0	0.0	0.0	0	0
CbohiA	AGT	S	T	0.0	0.895360497233	0.0909090909091	0.0166666666667	0.866666666667	0.338983050847	0.0169491525424	2250.0	0.849442718801	9.0	0.0	0.0	0	0
CbohiA	TCA	S	T	0.0	0.895360497233	0.166666666667	0.025	0.925	0.45197740113	0.0169491525424	2250.0	0.971354166667	28.0	0.0	0.0	0	0
LstarA	TCT	S	T	0.0	0.94993802947	0.428571428571	0.0566037735849	0.698113207547	0.392592592593	0.0444444444444	1834.0	0.833404345974	29.0	0.0	0.0	0	0
LstarA	AGT	S	T	0.0	0.94993802947	0.125	0.0408163265306	0.69387755102	0.362962962963	0.0444444444444	1834.0	0.72571170357	9.0	0.0	0.0	0	0
LstarA	TCA	S	T	0.0	0.94993802947	0.125	0.037037037037	0.814814814815	0.2	0.0444444444444	1834.0	0.802102891476	28.0	0.0	0.0	0	0
MfariA	TCT	S	T	0.0	0.397114329291	0.166666666667	0.05	0.85	0.338983050847	0.0225988700565	2248.0	0.97608975538	29.0	0.0	0.0	0	0
MfariA	AGT	S	T	0.0	0.397114329291	0.0909090909091	0.0181818181818	0.927272727273	0.310734463277	0.0225988700565	2248.0	0.947733768885	9.0	0.0	0.0	0	0
MfariB	AGT	S	T	0.0	0.871651908403	0.0909090909091	0.0196078431373	0.901960784314	0.286516853933	0.0112359550562	2250.0	0.891592920354	9.0	0.0	0.0	0	0
MfariB	TCA	S	T	0.0	0.871651908403	0.0833333333333	0.0126582278481	0.911392405063	0.443820224719	0.0112359550562	2250.0	0.936677966102	28.0	0.0	0.0	0	0
CcastA	TCA	S	T	0.0	0.660919423161	0.166666666667	0.015625	0.90625	0.646464646465	0.010101010101	1428.0	0.885170310873	28.0	0.0	0.0	0	0
LanspB	AGT	S	T	0.0	0.0824175577566	0.2	0.0714285714286	0.857142857143	0.141414141414	0.010101010101	1429.0	0.784541723666	9.0	0.0	0.0	0	0
CphanA	TCA	S	T	0.0	0.109293338542	0.416666666667	0.0588235294118	0.741176470588	0.518292682927	0.030487804878	2247.0	0.83844911147	28.0	0.0	0.0	0	0
CsojaA	AGT	S	T	0.0	0.429906477523	0.142857142857	0.0238095238095	0.928571428571	0.375	0.00892857142857	1498.0	0.963848562482	9.0	0.0	0.0	0	0
CglabA	TCA	S	T	0.0	0.680232447738	0.142857142857	0.0166666666667	0.9	0.606060606061	0.010101010101	1413.0	0.9198917025	28.0	0.0	0.0	0	0
ScryoA	TCT	S	T	0.0	0.0513555386301	0.333333333333	0.0689655172414	0.689655172414	0.27358490566	0.0754716981132	1424.0	0.926243002963	29.0	0.0	0.0	0	0
ScryoA	AGT	S	T	0.0	0.0513555386301	0.166666666667	0.0322580645161	0.451612903226	0.292452830189	0.0754716981132	1424.0	0.446040966065	9.0	0.0	0.0	0	0
ScryoA	AGC	S	T	0.0	0.0513555386301	0.666666666667	0.333333333333	0.5	0.0566037735849	0.0754716981132	1424.0	1.65210355987	11.0	0.0	0.004	0	0
ScryoA	TCC	S	T	0.0	0.0513555386301	0.333333333333	0.333333333333	0.0	0.0283018867925	0.0754716981132	1424.0	0.863057324841	31.0	0.0	0.009	0	0
ScryoA	TCA	S	T	0.0	0.0513555386301	0.166666666667	0.0540540540541	0.648648648649	0.349056603774	0.0754716981132	1424.0	0.687225806452	28.0	0.0	0.0	0	0
CneerA	TCT	S	T	0.0	0.471256227844	0.0833333333333	0.0232558139535	0.906976744186	0.245714285714	0.0342857142857	2249.0	1.0250931677	29.0	0.0	0.0	0	0
CneerA	AGT	S	T	0.0	0.471256227844	0.0833333333333	0.015873015873	0.968253968254	0.36	0.0342857142857	2249.0	0.970647587599	9.0	0.0	0.0	0	0
CneerA	TCA	S	T	0.0	0.471256227844	0.272727272727	0.0645161290323	0.870967741935	0.354285714286	0.0342857142857	2249.0	1.06085440279	28.0	0.0	0.0	0	0
CsakeA	TCT	S	T	0.0	0.900847828199	0.1	0.0243902439024	0.90243902439	0.241176470588	0.0176470588235	2207.0	0.872741555381	29.0	0.0	0.0	0	0
CsakeA	AGT	S	T	0.0	0.900847828199	0.1	0.02	0.9	0.294117647059	0.0176470588235	2207.0	0.908433190142	9.0	0.0	0.0	0	0
CsakeA	TCA	S	T	0.0	0.900847828199	0.0909090909091	0.0126582278481	0.949367088608	0.464705882353	0.0176470588235	2207.0	0.993320345116	28.0	0.0	0.0	0	0
HuvarA	TCT	S	T	0.0	0.244631598167	0.5	0.115384615385	0.615384615385	0.247619047619	0.0571428571429	1361.0	0.885608856089	29.0	0.0	0.0	0	0
HuvarA	AGT	S	T	0.0	0.244631598167	0.25	0.0689655172414	0.758620689655	0.27619047619	0.0571428571429	1361.0	0.873405299313	9.0	0.0	0.0	0	0
HuvarA	TCA	S	T	0.0	0.244631598167	0.166666666667	0.02	0.62	0.47619047619	0.0571428571429	1361.0	0.421203438395	28.0	0.0	0.0	0	0
CjiufA	AGT	S	T	0.0	0.535603057026	0.2	0.04	0.94	0.282485875706	0.0225988700565	2231.0	1.06878547106	9.0	0.0	0.0	0	0
CjiufA	TCA	S	T	0.0	0.535603057026	0.2	0.0384615384615	0.942307692308	0.293785310734	0.0225988700565	2231.0	1.06202020202	28.0	0.0	0.0	0	0
CzempA	TCT	S	T	0.0	0.0158198458098	0.333333333333	0.0882352941176	0.588235294118	0.309090909091	0.1	1428.0	0.673657718121	29.0	0.0	0.0	0	0
CzempA	TCA	S	T	0.0	0.0158198458098	0.666666666667	0.210526315789	0.526315789474	0.345454545455	0.1	1428.0	1.2441337993	28.0	0.0	0.0	0	0
CmetaB	TCT	S	T	0.0	0.662321463063	0.1	0.0172413793103	0.931034482759	0.333333333333	0.0229885057471	2250.0	1.003061615	29.0	0.0	0.0	0	0
CmetaB	AGT	S	T	0.0	0.662321463063	0.181818181818	0.0392156862745	0.960784313725	0.293103448276	0.0229885057471	2250.0	1.08147662735	9.0	0.0	0.0	0	0
CmetaB	TCA	S	T	0.0	0.662321463063	0.0909090909091	0.0166666666667	0.983333333333	0.344827586207	0.0229885057471	2250.0	1.01452432825	28.0	0.0	0.0	0	0
CmetaC	TCT	S	T	0.0	0.662321463063	0.1	0.0172413793103	0.931034482759	0.333333333333	0.0229885057471	2250.0	1.003061615	29.0	0.0	0.0	0	0
CmetaC	AGT	S	T	0.0	0.662321463063	0.181818181818	0.0392156862745	0.960784313725	0.293103448276	0.0229885057471	2250.0	1.08147662735	9.0	0.0	0.0	0	0
CmetaC	TCA	S	T	0.0	0.662321463063	0.0909090909091	0.0166666666667	0.983333333333	0.344827586207	0.0229885057471	2250.0	1.01452432825	28.0	0.0	0.0	0	0
CmetaA	TCT	S	T	0.0	0.662321463063	0.1	0.0172413793103	0.931034482759	0.333333333333	0.0229885057471	2250.0	1.003061615	29.0	0.0	0.0	0	0
CmetaA	AGT	S	T	0.0	0.662321463063	0.181818181818	0.0392156862745	0.960784313725	0.293103448276	0.0229885057471	2250.0	1.08147662735	9.0	0.0	0.0	0	0
CmetaA	TCA	S	T	0.0	0.662321463063	0.0909090909091	0.0166666666667	0.983333333333	0.344827586207	0.0229885057471	2250.0	1.01452432825	28.0	0.0	0.0	0	0
CmetaF	TCT	S	T	0.0	0.662321463063	0.1	0.0172413793103	0.931034482759	0.333333333333	0.0229885057471	2250.0	1.003061615	29.0	0.0	0.0	0	0
CmetaF	AGT	S	T	0.0	0.662321463063	0.181818181818	0.0392156862745	0.960784313725	0.293103448276	0.0229885057471	2250.0	1.08147662735	9.0	0.0	0.0	0	0
CmetaF	TCA	S	T	0.0	0.662321463063	0.0909090909091	0.0166666666667	0.983333333333	0.344827586207	0.0229885057471	2250.0	1.01452432825	28.0	0.0	0.0	0	0
CfrijA	TCT	S	T	0.0	0.55059478258	0.0769230769231	0.0232558139535	0.93023255814	0.240223463687	0.0279329608939	2249.0	0.973533990659	29.0	0.0	0.0	0	0
CfrijA	AGT	S	T	0.0	0.55059478258	0.0833333333333	0.0153846153846	0.953846153846	0.36312849162	0.0279329608939	2249.0	0.963352621427	9.0	0.0	0.0	0	0
CfrijA	TCA	S	T	0.0	0.55059478258	0.25	0.0454545454545	0.848484848485	0.368715083799	0.0279329608939	2249.0	0.984997580255	28.0	0.0	0.0	0	0
CmetaD	TCT	S	T	0.0	0.662321463063	0.1	0.0172413793103	0.931034482759	0.333333333333	0.0229885057471	2250.0	1.003061615	29.0	0.0	0.0	0	0
CmetaD	AGT	S	T	0.0	0.662321463063	0.181818181818	0.0392156862745	0.960784313725	0.293103448276	0.0229885057471	2250.0	1.08147662735	9.0	0.0	0.0	0	0
CmetaD	TCA	S	T	0.0	0.662321463063	0.0909090909091	0.0166666666667	0.983333333333	0.344827586207	0.0229885057471	2250.0	1.01452432825	28.0	0.0	0.0	0	0
CmetaE	TCT	S	T	0.0	0.662321463063	0.1	0.0172413793103	0.931034482759	0.333333333333	0.0229885057471	2250.0	1.003061615	29.0	0.0	0.0	0	0
CmetaE	AGT	S	T	0.0	0.662321463063	0.181818181818	0.0392156862745	0.960784313725	0.293103448276	0.0229885057471	2250.0	1.08147662735	9.0	0.0	0.0	0	0
CmetaE	TCA	S	T	0.0	0.662321463063	0.0909090909091	0.0166666666667	0.983333333333	0.344827586207	0.0229885057471	2250.0	1.01452432825	28.0	0.0	0.0	0	0
PpastA	TCT	S	T	0.0	0.570232092743	0.111111111111	0.0588235294118	0.882352941176	0.0899470899471	0.037037037037	2248.0	1.08623087622	29.0	0.0	0.0	0	0
PpastA	AGT	S	T	0.0	0.570232092743	0.0909090909091	0.0172413793103	0.793103448276	0.306878306878	0.037037037037	2248.0	0.664167627835	9.0	0.0	0.0	0	0
PpastA	TCA	S	T	0.0	0.570232092743	0.230769230769	0.0442477876106	0.805309734513	0.597883597884	0.037037037037	2248.0	0.935577201273	28.0	0.0	0.0	0	0
SjapoA	TCT	S	T	0.0	0.899335162042	0.142857142857	0.0491803278689	0.622950819672	0.586538461538	0.0384615384615	1423.0	0.579472781157	29.0	0.0	0.0	0	0
SjapoA	AGT	S	T	0.0	0.899335162042	0.166666666667	0.0384615384615	0.423076923077	0.25	0.0384615384615	1423.0	0.321073924237	9.0	0.0	0.0	0	0
CalbiE	AGT	S	T	0.0	0.423076868064	0.166666666667	0.0322580645161	0.903225806452	0.329787234043	0.0106382978723	1183.0	0.939305420318	9.0	0.0	0.0	0	0
CalbiD	AGT	S	T	0.0	0.820512758544	0.0909090909091	0.0172413793103	0.948275862069	0.364779874214	0.0062893081761	2058.0	0.941906262308	9.0	0.0	0.0	0	0
CalbiC	AGT	S	T	0.0	0.818181755408	0.0833333333333	0.0161290322581	0.951612903226	0.369047619048	0.00595238095238	2250.0	0.947696825106	9.0	0.0	0.0	0	0
CalbiB	AGT	S	T	0.0	0.818181755408	0.0833333333333	0.0161290322581	0.951612903226	0.369047619048	0.00595238095238	2250.0	0.947696825106	9.0	0.0	0.0	0	0
CalbiA	AGT	S	T	0.0	0.817307629232	0.0909090909091	0.0169491525424	0.949152542373	0.37106918239	0.0062893081761	2058.0	0.94270732181	9.0	0.0	0.0	0	0
MmagnB	AGC	S	T	0.0	0.32185974867	0.1	0.0454545454545	0.681818181818	0.125	0.0284090909091	2249.0	0.615720524017	11.0	0.0	0.0	0	0
MmagnB	AGT	S	T	0.0	0.32185974867	0.0909090909091	0.0196078431373	0.823529411765	0.289772727273	0.0284090909091	2249.0	0.847390442634	9.0	0.0	0.0	0	0
MmagnB	TCA	S	T	0.0	0.32185974867	0.181818181818	0.0576923076923	0.653846153846	0.295454545455	0.0284090909091	2249.0	0.770293609672	28.0	0.0	0.0	0	0
MmagnA	AGT	S	T	0.0	0.427773234714	0.181818181818	0.0377358490566	0.811320754717	0.301136363636	0.0284090909091	2249.0	0.884097602019	9.0	0.0	0.0	0	0
MmagnA	TCA	S	T	0.0	0.427773234714	0.181818181818	0.0576923076923	0.653846153846	0.295454545455	0.0284090909091	2249.0	0.770293609672	28.0	0.0	0.0	0	0
CparaA	AGT	S	T	0.0	0.117083501931	0.1	0.0232558139535	0.976744186047	0.311594202899	0.0217391304348	1816.0	1.06378935939	9.0	0.0	0.0	0	0
CparaA	TCA	S	T	0.0	0.117083501931	0.222222222222	0.0571428571429	0.942857142857	0.253623188406	0.0217391304348	1816.0	1.1620795107	28.0	0.0	0.0	0	0
CcoryA	AGT	S	T	0.0	0.328407879294	0.166666666667	0.0338983050847	0.949152542373	0.341040462428	0.0115606936416	2250.0	1.06844899507	9.0	0.0	0.0	0	0
CparaC	AGT	S	T	0.0	0.271273797864	0.181818181818	0.0377358490566	0.962264150943	0.302857142857	0.0228571428571	2250.0	1.07590966123	9.0	0.0	0.0	0	0
CparaC	TCA	S	T	0.0	0.271273797864	0.2	0.0384615384615	0.923076923077	0.297142857143	0.0228571428571	2250.0	1.035120532	28.0	0.0	0.0	0	0
CparaB	AGT	S	T	0.0	0.271273797864	0.181818181818	0.037037037037	0.944444444444	0.306818181818	0.0227272727273	2250.0	1.03937332509	9.0	0.0	0.0	0	0
CparaB	TCA	S	T	0.0	0.271273797864	0.2	0.0384615384615	0.923076923077	0.295454545455	0.0227272727273	2250.0	1.035120532	28.0	0.0	0.0	0	0
CparaE	AGT	S	T	0.0	0.271273797864	0.181818181818	0.0377358490566	0.962264150943	0.302857142857	0.0228571428571	2250.0	1.07590966123	9.0	0.0	0.0	0	0
CparaE	TCA	S	T	0.0	0.271273797864	0.2	0.0384615384615	0.923076923077	0.297142857143	0.0228571428571	2250.0	1.035120532	28.0	0.0	0.0	0	0
CparaD	AGT	S	T	0.0	0.271273797864	0.181818181818	0.037037037037	0.944444444444	0.306818181818	0.0227272727273	2250.0	1.03937332509	9.0	0.0	0.0	0	0
CparaD	TCA	S	T	0.0	0.271273797864	0.2	0.0384615384615	0.923076923077	0.295454545455	0.0227272727273	2250.0	1.035120532	28.0	0.0	0.0	0	0
CparaF	AGT	S	T	0.0	0.271273797864	0.181818181818	0.0377358490566	0.962264150943	0.302857142857	0.0228571428571	2250.0	1.07590966123	9.0	0.0	0.0	0	0
CparaF	TCA	S	T	0.0	0.271273797864	0.2	0.0384615384615	0.923076923077	0.297142857143	0.0228571428571	2250.0	1.035120532	28.0	0.0	0.0	0	0
MtetrA	AGC	S	T	0.0	0.645786949338	0.0833333333333	0.025641025641	0.794871794872	0.229411764706	0.0294117647059	2248.0	0.71403812825	11.0	0.0	0.0	0	0
MtetrA	TCG	S	T	0.0	0.645786949338	0.1	0.0588235294118	0.882352941176	0.1	0.0294117647059	2248.0	1.2037302726	30.0	0.0	0.0	0	0
MtetrA	AGT	S	T	0.0	0.645786949338	0.1	0.030303030303	0.787878787879	0.194117647059	0.0294117647059	2248.0	0.810526315789	9.0	0.0	0.0	0	0
MtetrA	TCC	S	T	0.0	0.645786949338	0.111111111111	0.0526315789474	0.736842105263	0.111764705882	0.0294117647059	2248.0	0.962633451957	31.0	0.0	0.0	0	0
CsaraA	AGT	S	T	0.0	0.818181755408	0.0833333333333	0.0153846153846	0.907692307692	0.371428571429	0.00571428571429	2249.0	0.879813503713	9.0	0.0	0.0	0	0
CsuavA	TCT	S	T	0.0	0.945711392407	0.1	0.025641025641	0.897435897436	0.221590909091	0.0340909090909	2250.0	0.954702827467	29.0	0.0	0.0	0	0
CsuavA	AGT	S	T	0.0	0.945711392407	0.2	0.0425531914894	0.808510638298	0.267045454545	0.0340909090909	2250.0	0.862556846892	9.0	0.0	0.0	0	0
CsuavA	TCA	S	T	0.0	0.945711392407	0.181818181818	0.0352941176471	0.847058823529	0.482954545455	0.0340909090909	2250.0	0.906868165622	28.0	0.0	0.0	0	0
PkluyA	AGT	S	T	0.0	0.825233142179	0.0909090909091	0.0217391304348	0.717391304348	0.262857142857	0.0228571428571	2247.0	0.494863893169	9.0	0.0	0.0	0	0
PkluyA	TCA	S	T	0.0	0.825233142179	0.153846153846	0.0245901639344	0.811475409836	0.697142857143	0.0228571428571	2247.0	0.864035087719	28.0	0.0	0.0	0	0
PcanaA	TCT	S	T	0.0	0.933650513291	0.125	0.030303030303	0.818181818182	0.189655172414	0.0344827586207	2250.0	0.859649122807	29.0	0.0	0.0	0	0
PcanaA	AGT	S	T	0.0	0.933650513291	0.181818181818	0.0392156862745	0.78431372549	0.293103448276	0.0344827586207	2250.0	0.779220779221	9.0	0.0	0.0	0	0
PcanaA	TCA	S	T	0.0	0.933650513291	0.0833333333333	0.0337078651685	0.876404494382	0.511494252874	0.0344827586207	2250.0	0.908056872038	28.0	0.0	0.0	0	0
YlipoB	TCT	S	T	0.0	0.654157035903	0.111111111111	0.0243902439024	0.756097560976	0.25	0.0426829268293	2247.0	0.658259423503	29.0	0.0	0.0	0	0
YlipoB	AGT	S	T	0.0	0.654157035903	0.0833333333333	0.0232558139535	0.813953488372	0.262195121951	0.0426829268293	2247.0	0.824346405229	9.0	0.0	0.0	0	0
YlipoB	TCA	S	T	0.0	0.654157035903	0.333333333333	0.0666666666667	0.76	0.457317073171	0.0426829268293	2247.0	0.923012082046	28.0	0.0	0.0	0	0
YlipoA	TCT	S	T	0.0	0.654157035903	0.111111111111	0.0243902439024	0.756097560976	0.25	0.0426829268293	2247.0	0.658259423503	29.0	0.0	0.0	0	0
YlipoA	AGT	S	T	0.0	0.654157035903	0.0833333333333	0.0232558139535	0.813953488372	0.262195121951	0.0426829268293	2247.0	0.824346405229	9.0	0.0	0.0	0	0
YlipoA	TCA	S	T	0.0	0.654157035903	0.333333333333	0.0666666666667	0.76	0.457317073171	0.0426829268293	2247.0	0.923012082046	28.0	0.0	0.0	0	0
CjadiA	TCT	S	T	0.0	0.919465444597	0.1	0.0384615384615	0.884615384615	0.148571428571	0.0285714285714	2250.0	1.0276816609	29.0	0.0	0.0	0	0
CjadiA	AGT	S	T	0.0	0.919465444597	0.1	0.0212765957447	0.829787234043	0.268571428571	0.0285714285714	2250.0	0.797898949475	9.0	0.0	0.0	0	0
CjadiA	TCA	S	T	0.0	0.919465444597	0.153846153846	0.029702970297	0.841584158416	0.577142857143	0.0285714285714	2250.0	0.864468864469	28.0	0.0	0.0	0	0
AgossB	TCA	S	T	2.0	0.741379221055	0.166666666667	0.0175438596491	0.771929824561	0.542857142857	0.00952380952381	1427.0	0.698396793587	28.0	0.0	0.0	0	0
NdelpA	TCA	S	T	0.0	0.656976625756	0.142857142857	0.015873015873	0.920634920635	0.63	0.01	1412.0	0.935793808144	28.0	0.0	0.0	0	0
LelonA	TCT	S	T	0.0	0.954203199339	0.1	0.027027027027	0.945945945946	0.206703910615	0.0391061452514	2249.0	1.02297460701	29.0	0.0	0.0	0	0
LelonA	AGT	S	T	0.0	0.954203199339	0.2	0.037037037037	0.944444444444	0.301675977654	0.0391061452514	2249.0	0.998133554542	9.0	0.0	0.0	0	0
LelonA	TCA	S	T	0.0	0.954203199339	0.25	0.0487804878049	0.914634146341	0.458100558659	0.0391061452514	2249.0	1.08466019417	28.0	0.0	0.0	0	0
CpseuA	AGT	S	T	0.0	0.220588189599	1.0	0.111111111111	0.888888888889	0.230769230769	0.025641025641	434.0	1.13056680162	9.0	0.0	0.07	0	0
CalimA	TCT	S	T	0.0	0.600321401239	0.111111111111	0.027027027027	0.702702702703	0.222891566265	0.0421686746988	2247.0	0.595274159346	29.0	0.0	0.0	0	0
CalimA	AGT	S	T	0.0	0.600321401239	0.0833333333333	0.0222222222222	0.844444444444	0.271084337349	0.0421686746988	2247.0	0.858466289243	9.0	0.0	0.0	0	0
CalimA	TCA	S	T	0.0	0.600321401239	0.416666666667	0.0609756097561	0.768292682927	0.493975903614	0.0421686746988	2247.0	0.901060527677	28.0	0.0	0.0	0	0
CchauA	AGC	S	T	0.0	0.0462962867059	0.2	0.111111111111	0.888888888889	0.0526315789474	0.00584795321637	2250.0	1.21850613155	11.0	0.0	0.0	0	0
BcaliA	TCT	S	T	0.0	0.215138211346	0.181818181818	0.0571428571429	0.857142857143	0.204678362573	0.0233918128655	2250.0	1.09105691057	29.0	0.0	0.0	0	0
BcaliA	TCA	S	T	0.0	0.215138211346	0.0909090909091	0.0227272727273	0.863636363636	0.514619883041	0.0233918128655	2250.0	0.837685673215	28.0	0.0	0.0	0	0
SoctoA	TCT	S	T	0.0	0.61311948628	0.4	0.0571428571429	0.714285714286	0.330188679245	0.0754716981132	1425.0	0.945145364783	29.0	0.0	0.0	0	0
SoctoA	AGT	S	T	0.0	0.61311948628	0.5	0.09375	0.46875	0.301886792453	0.0754716981132	1425.0	0.748884260637	9.0	0.0	0.0	0	0
SoctoA	TCA	S	T	0.0	0.61311948628	0.333333333333	0.0857142857143	0.6	0.330188679245	0.0754716981132	1425.0	0.740287965227	28.0	0.0	0.0	0	0
CvartA	AGT	S	T	0.0	0.498718919362	0.181818181818	0.0408163265306	0.816326530612	0.278409090909	0.0397727272727	2250.0	0.871431998081	9.0	0.0	0.0	0	0
CvartA	TCA	S	T	0.0	0.498718919362	0.230769230769	0.0555555555556	0.855555555556	0.511363636364	0.0397727272727	2250.0	1.02162790698	28.0	0.0	0.0	0	0
CbuenA	TCT	S	T	0.0	0.655481384836	0.0909090909091	0.0204081632653	0.959183673469	0.295180722892	0.0240963855422	2248.0	1.01617312073	29.0	0.0	0.0	0	0
CbuenA	AGT	S	T	0.0	0.655481384836	0.0909090909091	0.0149253731343	0.970149253731	0.403614457831	0.0240963855422	2248.0	0.934903280067	9.0	0.0	0.0	0	0
CbuenA	TCA	S	T	0.0	0.655481384836	0.2	0.0425531914894	0.872340425532	0.28313253012	0.0240963855422	2248.0	1.03398604546	28.0	0.0	0.0	0	0
CdefoA	TCA	S	T	0.0	0.123414291063	0.416666666667	0.075	0.775	0.484848484848	0.0363636363636	2247.0	0.967245461721	28.0	0.0	0.0	0	0
LdasiA	AGT	S	T	0.0	0.0824175577566	0.2	0.0666666666667	0.8	0.148514851485	0.00990099009901	1429.0	0.731800766284	9.0	0.0	0.0	0	0
LkluyF	AGT	S	T	0.0	0.0722221972872	0.2	0.0666666666667	0.8	0.151515151515	0.010101010101	1429.0	0.788732394366	9.0	0.0	0.0	0	0
LkluyE	AGT	S	T	0.0	0.0722221972872	0.2	0.0666666666667	0.8	0.151515151515	0.010101010101	1429.0	0.788732394366	9.0	0.0	0.0	0	0
LkluyD	AGT	S	T	0.0	0.0944444195094	0.2	0.0666666666667	0.8	0.15	0.01	1429.0	0.788732394366	9.0	0.0	0.0	0	0
LkluyC	AGT	S	T	0.0	0.0722221972872	0.2	0.0666666666667	0.8	0.151515151515	0.010101010101	1429.0	0.788732394366	9.0	0.0	0.0	0	0
LkluyA	AGT	S	T	0.0	0.0722221972872	0.2	0.0666666666667	0.8	0.151515151515	0.010101010101	1429.0	0.788732394366	9.0	0.0	0.0	0	0
CdublA	AGT	S	T	0.0	0.820512758544	0.0909090909091	0.0172413793103	0.948275862069	0.364779874214	0.0062893081761	2058.0	0.949814489358	9.0	0.0	0.0	0	0
CorthB	AGT	S	T	0.0	0.337062646319	0.181818181818	0.0384615384615	0.961538461538	0.297142857143	0.0228571428571	2250.0	1.07840205084	9.0	0.0	0.0	0	0
CorthB	TCA	S	T	0.0	0.337062646319	0.2	0.0408163265306	0.959183673469	0.28	0.0228571428571	2250.0	1.08713968958	28.0	0.0	0.0	0	0
CorthC	AGT	S	T	0.0	0.314996446257	0.181818181818	0.0392156862745	0.960784313725	0.291428571429	0.0228571428571	2250.0	1.08050754758	9.0	0.0	0.0	0	0
CorthC	TCA	S	T	0.0	0.314996446257	0.2	0.0408163265306	0.959183673469	0.28	0.0228571428571	2250.0	1.08573312816	28.0	0.0	0.0	0	0
CorthA	AGT	S	T	0.0	0.333729864038	0.181818181818	0.0384615384615	0.961538461538	0.297142857143	0.0228571428571	2250.0	1.07840205084	9.0	0.0	0.0	0	0
CorthA	TCA	S	T	0.0	0.333729864038	0.2	0.0416666666667	0.958333333333	0.274285714286	0.0228571428571	2250.0	1.08982857143	28.0	0.0	0.0	0	0
ClusiA	TCA	S	T	0.0	0.422513580765	0.0833333333333	0.0277777777778	0.916666666667	0.416184971098	0.0115606936416	2250.0	0.982634730539	28.0	0.0	0.0	0	0
MguilA	TCT	S	T	0.0	0.216633383814	0.153846153846	0.0555555555556	0.888888888889	0.312138728324	0.0231213872832	2250.0	1.06622379074	29.0	0.0	0.0	0	0
MguilA	AGT	S	T	0.0	0.216633383814	0.0909090909091	0.0196078431373	0.921568627451	0.294797687861	0.0231213872832	2250.0	0.921387790953	9.0	0.0	0.0	0	0
SpastA	TCA	S	T	0.0	0.701149322108	0.142857142857	0.0169491525424	0.864406779661	0.59	0.01	1429.0	0.880910117799	28.0	0.0	0.0	0	0
ScereC	TCA	S	T	0.0	0.689655065266	0.142857142857	0.0166666666667	0.883333333333	0.612244897959	0.0102040816327	1429.0	0.90579480684	28.0	0.0	0.0	0	0
ScereA	TCA	S	T	0.0	0.689655065266	0.142857142857	0.0169491525424	0.898305084746	0.60824742268	0.0103092783505	1429.0	0.925555913632	28.0	0.0	0.0	0	0
ScereD	TCA	S	T	0.0	0.689655065266	0.142857142857	0.0169491525424	0.898305084746	0.602040816327	0.0102040816327	1429.0	0.924802323705	28.0	0.0	0.0	0	0
ScereE	TCA	S	T	0.0	0.689655065266	0.142857142857	0.0169491525424	0.898305084746	0.59595959596	0.010101010101	1429.0	0.924802323705	28.0	0.0	0.0	0	0
DhansA	AGT	S	T	0.0	0.618562445892	0.181818181818	0.0327868852459	0.885245901639	0.344632768362	0.0225988700565	2250.0	0.963135289907	9.0	0.0	0.0	0	0
DhansA	TCA	S	T	0.0	0.618562445892	0.166666666667	0.027027027027	0.932432432432	0.418079096045	0.0225988700565	2250.0	0.957710011507	28.0	0.0	0.0	0	0
CsalmA	TCT	S	T	0.0	0.661960851736	0.111111111111	0.0232558139535	0.674418604651	0.263803680982	0.0552147239264	2153.0	0.776376737005	29.0	0.0	0.0	0	0
CsalmA	AGT	S	T	0.0	0.661960851736	0.454545454545	0.0759493670886	0.683544303797	0.484662576687	0.0552147239264	2153.0	0.77951437343	9.0	0.0	0.0	0	0
CsalmA	TCA	S	T	0.0	0.661960851736	0.25	0.0555555555556	0.75	0.220858895706	0.0552147239264	2153.0	0.893515930688	28.0	0.0	0.0	0	0
LnothA	AGT	S	T	0.0	0.0769230503651	0.2	0.0666666666667	0.866666666667	0.151515151515	0.010101010101	1429.0	0.771850899743	9.0	0.0	0.0	0	0
BcustA	AGT	S	T	0.0	0.778787803758	0.0909090909091	0.0212765957447	0.68085106383	0.270114942529	0.0287356321839	2247.0	0.416582406471	9.0	0.0	0.0	0	0
BcustA	TCA	S	T	0.0	0.778787803758	0.166666666667	0.0412371134021	0.783505154639	0.557471264368	0.0287356321839	2247.0	0.880688124306	28.0	0.0	0.0	0	0
CtheaA	TCT	S	T	0.0	0.670745198564	0.0833333333333	0.0181818181818	0.963636363636	0.314285714286	0.0228571428571	2250.0	1.02792738879	29.0	0.0	0.0	0	0
CtheaA	AGT	S	T	0.0	0.670745198564	0.181818181818	0.0392156862745	0.960784313725	0.291428571429	0.0228571428571	2250.0	1.08125819135	9.0	0.0	0.0	0	0
CtheaA	TCA	S	T	0.0	0.670745198564	0.0833333333333	0.015873015873	0.968253968254	0.36	0.0228571428571	2250.0	1.00315291645	28.0	0.0	0.0	0	0
AgossA	TCA	S	T	2.0	0.747126349476	0.166666666667	0.0178571428571	0.767857142857	0.533333333333	0.00952380952381	1427.0	0.707532732528	28.0	0.0	0.0	0	0
MingeA	TCT	S	T	0.0	0.637634292236	0.111111111111	0.0277777777778	0.722222222222	0.194594594595	0.0216216216216	2249.0	0.792307692308	29.0	0.0	0.0	0	0
MingeA	AGT	S	T	0.0	0.637634292236	0.0833333333333	0.013698630137	0.767123287671	0.394594594595	0.0216216216216	2249.0	0.631912008438	9.0	0.0	0.0	0	0
MingeA	TCA	S	T	0.0	0.637634292236	0.166666666667	0.027397260274	0.72602739726	0.394594594595	0.0216216216216	2249.0	0.712510711225	28.0	0.0	0.0	0	0
ScastA	TCA	S	T	0.0	0.697674314226	0.142857142857	0.0166666666667	0.85	0.588235294118	0.00980392156863	1426.0	0.836854646545	28.0	0.0	0.0	0	0
CmaltA	AGT	S	T	0.0	0.150804765583	0.181818181818	0.0281690140845	0.915492957746	0.408045977011	0.0172413793103	2250.0	0.937142857143	9.0	0.0	0.0	0	0
CmaltA	AGC	S	T	0.0	0.150804765583	0.166666666667	0.0833333333333	0.833333333333	0.0689655172414	0.0172413793103	2250.0	1.17211703959	11.0	0.0	0.0	0	0

### Alignment improvement:
AGC	Thr	5.00e-01


### Prediction Prob. range for Positive :[ 0.574 - 0.574 ]

