### Random Forest prediction
genome	codon	ori_aa	rea_aa	fitch	Fisher_pval	Gene_frac	N._rea	N._used	Cod._count	Sub._count	G._len	codon_lik	id	prediction	probability
Aphrocallistes_vastus	CTT	L	P	0.0	0.263295538688	0.111111111111	0.04	0.92	0.119047619048	0.00952380952381	1349.0	-2.78425357873	53.0	0.0	0.0
Aphrocallistes_vastus	TTA	L	P	0.0	0.263295538688	0.0833333333333	0.0135135135135	0.824324324324	0.352380952381	0.00952380952381	1349.0	-2.78328710125	20.0	0.0	0.0
Schistosoma	TTA	L	P	0.0	0.924360328048	0.166666666667	0.0285714285714	0.609523809524	0.555555555556	0.021164021164	1325.0	-2.61316368975	20.0	0.0	0.0
Schistosoma	TTG	L	P	0.0	0.924360328048	0.0833333333333	0.02	0.72	0.26455026455	0.021164021164	1325.0	-2.65112704918	22.0	0.0	0.0
Fasciola	TTA	L	P	0.0	0.870395404874	0.1	0.0232558139535	0.744186046512	0.207729468599	0.0144927536232	1332.0	-2.66408576534	20.0	0.0	0.0
Fasciola	TTG	L	P	0.0	0.870395404874	0.166666666667	0.0157480314961	0.677165354331	0.613526570048	0.0144927536232	1332.0	-2.78597339782	22.0	0.0	0.0
Trichobilharzia_regenti	TTA	L	P	0.0	0.353125199606	0.333333333333	0.043956043956	0.637362637363	0.455	0.02	1324.0	-2.55247691016	20.0	0.0	0.0
Versteria_mustelae	TTA	L	P	0.0	0.263835239396	0.2	0.027397260274	0.739726027397	0.361386138614	0.00990099009901	1328.0	-2.80252542967	20.0	0.0	0.0
Haplorchis_taichui	CTT	L	P	0.0	0.569433335334	0.0909090909091	0.0208333333333	0.541666666667	0.234146341463	0.019512195122	1320.0	-2.78048780488	53.0	0.0	0.0
Haplorchis_taichui	CTG	L	P	0.0	0.569433335334	0.125	0.047619047619	0.761904761905	0.10243902439	0.019512195122	1320.0	-2.57194679565	54.0	0.0	0.0
Haplorchis_taichui	TTG	L	P	0.0	0.569433335334	0.166666666667	0.0281690140845	0.746478873239	0.346341463415	0.019512195122	1320.0	-2.71593783881	22.0	0.0	0.0
Lumbricus	CTA	L	P	0.0	0.832446750662	0.0833333333333	0.0151515151515	0.939393939394	0.33	0.005	1350.0	-2.82181677019	52.0	0.0	0.0
Halocynthia	TTA	L	P	0.0	0.800795524859	0.0909090909091	0.00909090909091	0.836363636364	0.541871921182	0.00985221674877	1348.0	-2.85720930233	20.0	0.0	0.0
Halocynthia	TTG	L	P	0.0	0.800795524859	0.0833333333333	0.0140845070423	0.87323943662	0.349753694581	0.00985221674877	1348.0	-2.84223826715	22.0	0.0	0.0
Echinococcus_equinus	TTA	L	P	0.0	0.836916027015	0.0909090909091	0.0166666666667	0.716666666667	0.295566502463	0.0147783251232	1331.0	-2.84272997033	20.0	0.0	0.0
Echinococcus_equinus	TTG	L	P	0.0	0.836916027015	0.166666666667	0.0162601626016	0.715447154472	0.605911330049	0.0147783251232	1331.0	-2.72097378277	22.0	0.0	0.0
Taenia_crassiceps	TTA	L	P	0.0	0.592253156761	0.25	0.025	0.675	0.585365853659	0.0146341463415	1333.0	-2.67763856445	20.0	0.0	0.0
Axinella	TTA	L	P	0.0	0.684728955191	0.0833333333333	0.00751879699248	0.954887218045	0.627358490566	0.00471698113208	1348.0	-2.8955367449	20.0	0.0	0.0
Terebratulina	TTA	L	P	0.0	0.151832442657	0.125	0.0454545454545	0.863636363636	0.107843137255	0.00490196078431	1351.0	-2.51149425287	20.0	0.0	0.0
Suberites_domuncula	TTA	L	P	0.0	0.707499899013	0.0833333333333	0.00806451612903	0.935483870968	0.587677725118	0.00473933649289	1351.0	-2.88028895769	20.0	0.0	0.0
Katharina	TTA	L	P	0.0	0.747548932448	0.0833333333333	0.00925925925926	0.944444444444	0.502325581395	0.0046511627907	1348.0	-2.87856463878	20.0	0.0	0.0
Geodia	TTA	L	P	0.0	0.672588719447	0.0833333333333	0.00751879699248	0.962406015038	0.639423076923	0.00480769230769	1350.0	-2.89386656412	20.0	0.0	0.0
Metridium	CTT	L	P	0.0	0.216019393174	0.1	0.030303030303	0.848484848485	0.151376146789	0.0045871559633	1351.0	-2.73712528824	53.0	0.0	0.0
Amphimedon_queenslandica	TTA	L	P	0.0	0.776315712246	0.0833333333333	0.0108695652174	0.913043478261	0.46	0.005	1351.0	-2.85730180807	20.0	0.0	0.0
Tetrancistrum_nebulosi	CTT	L	P	0.0	0.270653715991	0.125	0.0357142857143	0.714285714286	0.149732620321	0.0320855614973	1333.0	-2.63477460902	53.0	0.0	0.0
Tetrancistrum_nebulosi	CTG	L	P	0.0	0.270653715991	0.142857142857	0.0909090909091	0.727272727273	0.0588235294118	0.0320855614973	1333.0	-2.2969837587	54.0	0.0	0.0
Tetrancistrum_nebulosi	CTA	L	P	0.0	0.270653715991	0.111111111111	0.0434782608696	0.695652173913	0.122994652406	0.0320855614973	1333.0	-2.68777777778	52.0	0.0	0.0
Tetrancistrum_nebulosi	TTA	L	P	0.0	0.270653715991	0.0833333333333	0.010989010989	0.703296703297	0.486631016043	0.0320855614973	1333.0	-2.93707674944	20.0	0.0	0.0
Tetrancistrum_nebulosi	TTG	L	P	0.0	0.270653715991	0.222222222222	0.0740740740741	0.740740740741	0.144385026738	0.0320855614973	1333.0	-2.38556505223	22.0	0.0	0.0
Trichinella	TTA	L	P	0.0	0.50689649815	0.0909090909091	0.016393442623	0.72131147541	0.311224489796	0.00510204081633	1343.0	-2.79369747899	20.0	0.0	0.0
Acropora	CTT	L	P	0.0	0.400447743588	0.1	0.037037037037	0.888888888889	0.127962085308	0.00947867298578	1350.0	-2.77431539188	53.0	0.0	0.0
Acropora	TTA	L	P	0.0	0.400447743588	0.0833333333333	0.0113636363636	0.920454545455	0.417061611374	0.00947867298578	1350.0	-2.82516671499	20.0	0.0	0.0
Pseudogarypus_banksi	CTT	L	P	0.0	0.634683272343	0.125	0.047619047619	0.809523809524	0.11170212766	0.0159574468085	1347.0	-2.58099878197	53.0	0.0	0.0
Pseudogarypus_banksi	TTA	L	P	0.0	0.634683272343	0.166666666667	0.016393442623	0.819672131148	0.648936170213	0.0159574468085	1347.0	-2.78373847443	20.0	0.0	0.0
Benedenia_hoshinai	CTA	L	P	0.0	0.474208669244	0.1	0.0588235294118	0.705882352941	0.0862944162437	0.0203045685279	1333.0	-2.45263157895	52.0	0.0	0.0
Benedenia_hoshinai	TTA	L	P	0.0	0.474208669244	0.166666666667	0.0161290322581	0.693548387097	0.629441624365	0.0203045685279	1333.0	-2.80613090307	20.0	0.0	0.0
Benedenia_hoshinai	TTG	L	P	0.0	0.474208669244	0.111111111111	0.0384615384615	0.769230769231	0.131979695431	0.0203045685279	1333.0	-2.56023506366	22.0	0.0	0.0
Myxine	CTA	L	P	0.0	0.348958299168	0.1	0.0232558139535	0.860465116279	0.203791469194	0.00473933649289	1350.0	-2.71074380165	52.0	0.0	0.0
Ciona	CTT	L	P	0.0	0.253853232499	0.1	0.04	0.84	0.128205128205	0.0153846153846	1348.0	-2.6480162767	53.0	0.0	0.0
Ciona	TTA	L	P	0.0	0.253853232499	0.0833333333333	0.00862068965517	0.862068965517	0.594871794872	0.0153846153846	1348.0	-2.82195714601	20.0	0.0	0.0
Ciona	TTG	L	P	0.0	0.253853232499	0.166666666667	0.0526315789474	0.789473684211	0.0974358974359	0.0153846153846	1348.0	-2.43826322931	22.0	0.0	0.0
Strigamia_maritima	CTT	L	P	0.0	0.470492109186	0.0909090909091	0.03125	0.875	0.151658767773	0.00947867298578	1351.0	-2.6347826087	53.0	0.0	0.0
Strigamia_maritima	CTA	L	P	0.0	0.470492109186	0.1	0.0169491525424	0.949152542373	0.279620853081	0.00947867298578	1351.0	-2.81027667984	52.0	0.0	0.0
Caenorhabditis	CTT	L	P	0.0	0.0316556270813	0.111111111111	0.0555555555556	0.777777777778	0.0947368421053	0.0105263157895	1346.0	-2.41359773371	53.0	0.0	0.0
Caenorhabditis	CTA	L	P	0.0	0.0316556270813	0.111111111111	0.0666666666667	0.533333333333	0.0789473684211	0.0105263157895	1346.0	-2.06908462867	52.0	0.0	0.0
Ascidiella_aspersa	TTG	L	P	0.0	0.828025418332	0.0909090909091	0.0166666666667	0.883333333333	0.331491712707	0.00552486187845	1350.0	-2.80544912729	22.0	0.0	0.0