### Random Forest prediction
genome	codon	ori_aa	rea_aa	fitch	Fisher pval	Gene frac	N. rea	N. used	Cod. count	Sub. count	G. len	codon_lik	id	prediction
Paracentrotus	TCT	S	F	0.0	0.478873181084	0.0833333333333	0.0217391304348	0.5	0.368	0.008	1926.0	-1.85248641872	29.0	0.0
Beta_vulgaris_vulgaris	TCT	S	F	0.0	0.617604605861	0.142857142857	0.0434782608696	0.913043478261	0.209090909091	0.0181818181818	1539.0	-1.81963087248	29.0	0.0
Beta_vulgaris_vulgaris	TCC	S	F	0.0	0.617604605861	0.166666666667	0.0666666666667	0.933333333333	0.136363636364	0.0181818181818	1539.0	-1.62297128589	31.0	0.0
Malus_domestica	TCT	S	F	0.0	0.00188347597872	0.5	0.285714285714	0.666666666667	0.182608695652	0.0695652173913	1518.0	-0.237084870849	29.0	0.0
Malus_domestica	TCC	S	F	0.0	0.00188347597872	0.333333333333	0.117647058824	0.882352941176	0.147826086957	0.0695652173913	1518.0	-1.29878721058	31.0	0.0
Phoenix_dactylifera	TCT	S	F	0.0	6.00078575818e-07	0.8	0.428571428571	0.542857142857	0.227272727273	0.142857142857	1738.0	0.757983193277	29.0	1.0
Phoenix_dactylifera	TCC	S	F	0.0	6.00078575818e-07	0.5	0.304347826087	0.695652173913	0.149350649351	0.142857142857	1738.0	0.049710024855	31.0	1.0
Caenorhabditis	AGT	S	F	0.0	0.252935213062	0.181818181818	0.0588235294118	0.264705882353	0.27868852459	0.0245901639344	1865.0	-1.67121729238	9.0	0.0
Caenorhabditis	TCA	S	F	0.0	0.252935213062	0.1	0.0322580645161	0.290322580645	0.254098360656	0.0245901639344	1865.0	-1.88209331652	28.0	0.0
Schistosoma	AGT	S	F	0.0	0.341397532753	0.333333333333	0.0816326530612	0.34693877551	0.35	0.05	1800.0	-1.67515923567	9.0	0.0
Schistosoma	TCA	S	F	0.0	0.341397532753	0.2	0.115384615385	0.384615384615	0.185714285714	0.05	1800.0	-1.12605042017	28.0	0.0
Fasciola	TCT	S	F	0.0	0.600050985372	0.0833333333333	0.0138888888889	0.347222222222	0.503496503497	0.020979020979	1825.0	-1.8735167206	29.0	0.0
Fasciola	AGT	S	F	0.0	0.600050985372	0.166666666667	0.0425531914894	0.340425531915	0.328671328671	0.020979020979	1825.0	-1.92807519412	9.0	0.0
Dunaliella_salina	TCT	S	F	0.0	0.89397317768	0.166666666667	0.0333333333333	0.6	0.30612244898	0.030612244898	1392.0	-1.79726205997	29.0	0.0
Dunaliella_salina	AGT	S	F	0.0	0.89397317768	0.285714285714	0.046511627907	0.674418604651	0.438775510204	0.030612244898	1392.0	-1.80222222222	9.0	0.0
Carica_papaya	TCT	S	F	0.0	0.00107531103499	0.5	0.264705882353	0.676470588235	0.253731343284	0.0820895522388	1751.0	-0.382867132867	29.0	0.0
Carica_papaya	TCC	S	F	0.0	0.00107531103499	0.285714285714	0.117647058824	0.882352941176	0.126865671642	0.0820895522388	1751.0	-1.33813747228	31.0	0.0
Zea_mays_NB	TCT	S	F	0.0	0.00644176683302	0.571428571429	0.217391304348	0.739130434783	0.193277310924	0.0840336134454	1540.0	-0.807208717519	29.0	0.0
Zea_mays_NB	TCC	S	F	0.0	0.00644176683302	0.375	0.217391304348	0.782608695652	0.193277310924	0.0840336134454	1540.0	-0.590609555189	31.0	0.0
Pseudendoclonium_akinetum	TCA	S	F	0.0	0.616504812469	0.111111111111	0.03125	0.75	0.213333333333	0.00666666666667	1930.0	-1.82973473165	28.0	0.0
Arabidopsis_thaliana	TCT	S	F	0.0	0.0492541102246	0.3	0.133333333333	0.8	0.229007633588	0.030534351145	1780.0	-1.30507343124	29.0	0.0
Halocynthia	TCT	S	F	0.0	0.422071218064	0.166666666667	0.04	0.56	0.36231884058	0.0217391304348	1893.0	-1.86915146709	29.0	0.0
Halocynthia	TCA	S	F	0.0	0.422071218064	0.166666666667	0.0588235294118	0.411764705882	0.123188405797	0.0217391304348	1893.0	-1.81271676301	28.0	0.0
Limulus	TCT	S	F	0.0	0.808219111869	0.1	0.0204081632653	0.551020408163	0.374045801527	0.00763358778626	1919.0	-1.83891547049	29.0	0.0
Bracteacoccus_aerius	AGT	S	F	0.0	0.797468284505	0.111111111111	0.0227272727273	0.704545454545	0.392857142857	0.00892857142857	1789.0	-1.70680628272	9.0	0.0
Oryza_sativa_I2	TCT	S	F	0.0	0.0115534632423	0.5	0.208333333333	0.75	0.188976377953	0.0708661417323	1693.0	-0.855166802278	29.0	0.0
Oryza_sativa_I2	TCC	S	F	0.0	0.0115534632423	0.25	0.16	0.84	0.196850393701	0.0708661417323	1693.0	-0.989239046887	31.0	0.0
Oryza_sativa_J2	TCT	S	F	0.0	0.0106233448443	0.625	0.28	0.68	0.229357798165	0.100917431193	1446.0	-0.309033280507	29.0	0.0
Oryza_sativa_J2	TCC	S	F	0.0	0.0106233448443	0.285714285714	0.190476190476	0.809523809524	0.192660550459	0.100917431193	1446.0	-0.781135531136	31.0	0.0
Pycnococcus_provasolii	TCG	S	F	2.0	0.215686254201	0.142857142857	0.0833333333333	0.916666666667	0.0916030534351	0.00763358778626	1930.0	-1.60839160839	30.0	0.0
Polytoma_uvella	AGT	S	F	0.0	0.288783342284	0.166666666667	0.111111111111	0.444444444444	0.0978260869565	0.0217391304348	1394.0	-1.42437923251	9.0	0.0
Polytoma_uvella	TCC	S	F	0.0	0.288783342284	0.142857142857	0.0222222222222	0.755555555556	0.489130434783	0.0217391304348	1394.0	-1.82670089859	31.0	0.0
Terebratulina	TCT	S	F	0.0	0.463235240806	0.0909090909091	0.0238095238095	0.47619047619	0.333333333333	0.00793650793651	1915.0	-1.67314814815	29.0	0.0
Beta_vulgaris_maritima	TCT	S	F	1.0	0.545462701755	0.125	0.0384615384615	0.923076923077	0.222222222222	0.017094017094	1604.0	-1.84805389222	29.0	0.0
Beta_vulgaris_maritima	TCC	S	F	1.0	0.545462701755	0.166666666667	0.0666666666667	0.933333333333	0.128205128205	0.017094017094	1604.0	-1.62297128589	31.0	0.0
Vitis_vinifera	TCT	S	F	0.0	0.00112480298846	0.444444444444	0.28125	0.65625	0.238805970149	0.111940298507	1516.0	-0.273625694873	29.0	0.0
Vitis_vinifera	TCC	S	F	0.0	0.00112480298846	0.428571428571	0.285714285714	0.714285714286	0.15671641791	0.111940298507	1516.0	-0.100824931256	31.0	0.0
Lotus_japonicus	TCT	S	F	0.0	0.000264317578959	0.625	0.321428571429	0.642857142857	0.212121212121	0.0833333333333	1683.0	-0.00282286520819	29.0	0.0
Lotus_japonicus	TCC	S	F	0.0	0.000264317578959	0.285714285714	0.111111111111	0.888888888889	0.136363636364	0.0833333333333	1683.0	-1.33123689727	31.0	0.0
Metridium	TCT	S	F	2.0	0.787878714643	0.0833333333333	0.02	0.82	0.416666666667	0.00833333333333	1928.0	-1.88662220479	29.0	0.0
Chlamydomonas_reinhardtii	AGC	S	F	0.0	0.838709621733	0.142857142857	0.0344827586207	0.655172413793	0.308510638298	0.0106382978723	1389.0	-1.87631578947	11.0	0.0
Brassica_rapa_oleifera	TCT	S	F	0.0	0.0456515497493	0.375	0.16	0.8	0.227272727273	0.0363636363636	1553.0	-1.10604870385	29.0	0.0
Glycine_max	TCT	S	F	0.0	0.0258612880495	0.285714285714	0.2	0.76	0.201612903226	0.0564516129032	1641.0	-0.751773049645	29.0	0.0
Glycine_max	TCC	S	F	0.0	0.0258612880495	0.285714285714	0.0952380952381	0.904761904762	0.16935483871	0.0564516129032	1641.0	-1.41735159817	31.0	0.0
Trichinella	AGT	S	F	0.0	0.807477267981	0.111111111111	0.05	0.4	0.152671755725	0.0152671755725	1883.0	-1.58508604207	9.0	0.0
Trichinella	TCA	S	F	0.0	0.807477267981	0.111111111111	0.027027027027	0.486486486486	0.282442748092	0.0152671755725	1883.0	-1.7062600321	28.0	0.0
Bracteacoccus_minor	AGC	S	F	0.0	0.45510910532	0.25	0.0689655172414	0.724137931034	0.292929292929	0.020202020202	1686.0	-1.56530343008	11.0	0.0
Balanoglossus	TCT	S	F	3.0	0.353932547417	0.111111111111	0.04	0.72	0.189393939394	0.00757575757576	1926.0	-1.79984721161	29.0	0.0
Sorghum_bicolor	TCT	S	F	1.0	0.0437668740919	0.5	0.210526315789	0.736842105263	0.19387755102	0.0816326530612	1275.0	-0.886850152905	29.0	0.0
Sorghum_bicolor	TCC	S	F	1.0	0.0437668740919	0.333333333333	0.2	0.8	0.204081632653	0.0816326530612	1275.0	-0.767772511848	31.0	0.0
Myxine	TCT	S	F	0.0	0.818378666589	0.181818181818	0.0512820512821	0.487179487179	0.233532934132	0.0299401197605	1919.0	-1.69829317269	29.0	0.0
Myxine	TCC	S	F	0.0	0.818378666589	0.0833333333333	0.025	0.525	0.239520958084	0.0299401197605	1919.0	-1.73572834646	31.0	0.0
Myxine	TCA	S	F	0.0	0.818378666589	0.0909090909091	0.0333333333333	0.6	0.359281437126	0.0299401197605	1919.0	-1.66852094241	28.0	0.0
Ciona	TCG	S	F	0.0	0.0796508745068	1.0	1.0	0.0	0.00595238095238	0.0238095238095	1891.0	2.92	30.0	0.0
Ciona	TCT	S	F	0.0	0.0796508745068	0.166666666667	0.0281690140845	0.380281690141	0.422619047619	0.0238095238095	1891.0	-1.82006062276	29.0	0.0
Ciona	TCA	S	F	0.0	0.0796508745068	0.0833333333333	0.0263157894737	0.473684210526	0.22619047619	0.0238095238095	1891.0	-1.83377169911	28.0	0.0
Zea_mays_s	TCT	S	F	0.0	0.00669323239461	0.5	0.192307692308	0.769230769231	0.206349206349	0.0793650793651	1605.0	-0.944652206432	29.0	0.0
Zea_mays_s	TCC	S	F	0.0	0.00669323239461	0.375	0.217391304348	0.782608695652	0.18253968254	0.0793650793651	1605.0	-0.590609555189	31.0	0.0
Homo	TCC	S	F	0.0	0.929115829185	0.2	0.046511627907	0.674418604651	0.3359375	0.0234375	1920.0	-1.70774163995	31.0	0.0
Homo	TCA	S	F	0.0	0.929115829185	0.1	0.025	0.65	0.3125	0.0234375	1920.0	-1.89386562804	28.0	0.0
Saccoglossus	TCT	S	F	3.0	0.494252856246	0.1	0.0204081632653	0.632653061224	0.352517985612	0.0143884892086	1924.0	-1.83950617284	29.0	0.0
Saccoglossus	TCC	S	F	3.0	0.494252856246	0.125	0.0434782608696	0.478260869565	0.165467625899	0.0143884892086	1924.0	-1.68760611205	31.0	0.0

### Alignment improvement:
TCT	Phe	3.23e-01
TCC	Phe	4.01e-02
