### Random Forest prediction
genome	codon	ori_aa	rea_aa	fitch	Fisher pval	Gene frac	N. rea	N. used	Cod. count	Sub. count	G. len	codon_lik	id	prediction
LmeyeA	TCT	S	N	0.0	0.294736791226	0.2	0.0344827586207	0.931034482759	0.287128712871	0.00990099009901	1456.0	0.91061452514	29.0	0.0
SpombA	AGT	S	N	0.0	0.142478084679	0.166666666667	0.0322580645161	0.548387096774	0.289719626168	0.0560747663551	1452.0	0.241797900262	9.0	0.0
SpombA	TCA	S	N	0.0	0.142478084679	0.714285714286	0.113636363636	0.522727272727	0.411214953271	0.0560747663551	1452.0	0.296860572484	28.0	0.0
SpastA	AGT	S	N	0.0	0.0824175615506	0.2	0.0833333333333	0.833333333333	0.117647058824	0.00980392156863	1456.0	1.02818104184	9.0	0.0
AacerA	AGT	S	N	0.0	0.0952380705771	0.5	0.142857142857	0.714285714286	0.14	0.02	643.0	1.4224137931	9.0	0.0
CmetaD	TCT	S	N	0.0	0.185971670261	0.125	0.04	0.86	0.316455696203	0.0126582278481	2101.0	0.880957810718	29.0	0.0
CgigaA	TCT	S	N	0.0	0.0819744413029	0.142857142857	0.111111111111	0.777777777778	0.132352941176	0.0220588235294	1879.0	1.02219556089	29.0	0.0
CgigaA	AGT	S	N	0.0	0.0819744413029	0.1	0.05	0.9	0.147058823529	0.0220588235294	1879.0	0.874862183021	9.0	0.0
CsantA	TCT	S	N	0.0	0.825625628933	0.125	0.025	0.65	0.243902439024	0.0182926829268	2073.0	0.110033259424	29.0	0.0
CsantA	AGT	S	N	0.0	0.825625628933	0.111111111111	0.0147058823529	0.691176470588	0.414634146341	0.0182926829268	2073.0	0.377510040161	9.0	0.0
CsantA	TCA	S	N	0.0	0.825625628933	0.142857142857	0.0333333333333	0.733333333333	0.182926829268	0.0182926829268	2073.0	0.521820216337	28.0	0.0
CtropB	TCG	S	N	0.0	0.0811834406868	0.2	0.142857142857	0.714285714286	0.0451612903226	0.0193548387097	2101.0	1.30204778157	30.0	0.0
CtropB	AGT	S	N	0.0	0.0811834406868	0.1	0.0263157894737	0.868421052632	0.245161290323	0.0193548387097	2101.0	0.856369426752	9.0	0.0
CtropB	AGC	S	N	0.0	0.0811834406868	0.142857142857	0.0434782608696	0.869565217391	0.148387096774	0.0193548387097	2101.0	0.806153846154	11.0	0.0
CtropA	TCG	S	N	0.0	0.0804596427982	0.2	0.142857142857	0.714285714286	0.0451612903226	0.0193548387097	2101.0	1.30204778157	30.0	0.0
CtropA	AGT	S	N	0.0	0.0804596427982	0.1	0.0263157894737	0.842105263158	0.245161290323	0.0193548387097	2101.0	0.828343949045	9.0	0.0
CtropA	AGC	S	N	0.0	0.0804596427982	0.142857142857	0.0434782608696	0.913043478261	0.148387096774	0.0193548387097	2101.0	0.851282051282	11.0	0.0
CoxycA	TCT	S	N	0.0	0.515151488996	1.0	0.0909090909091	0.636363636364	0.268292682927	0.0487804878049	442.0	0.857016769638	29.0	0.0
CoxycA	TCA	S	N	0.0	0.515151488996	1.0	0.0833333333333	0.75	0.292682926829	0.0487804878049	442.0	0.668557536467	28.0	0.0
CsubhA	AGC	S	N	0.0	0.775705316725	0.2	0.0350877192982	0.894736842105	0.351851851852	0.0185185185185	2098.0	0.788396582555	11.0	0.0
CsubhA	TCC	S	N	0.0	0.775705316725	0.1	0.0357142857143	0.892857142857	0.172839506173	0.0185185185185	2098.0	0.807287093942	31.0	0.0
CsubhB	AGC	S	N	0.0	0.775705316725	0.2	0.0350877192982	0.894736842105	0.351851851852	0.0185185185185	2098.0	0.788396582555	11.0	0.0
CsubhB	TCC	S	N	0.0	0.775705316725	0.1	0.0357142857143	0.892857142857	0.172839506173	0.0185185185185	2098.0	0.807287093942	31.0	0.0
OanguA	AGT	S	N	0.0	0.370300718939	0.111111111111	0.0322580645161	0.774193548387	0.201298701299	0.012987012987	2101.0	0.78814229249	9.0	0.0
OanguA	TCA	S	N	0.0	0.370300718939	0.0909090909091	0.0128205128205	0.846153846154	0.506493506494	0.012987012987	2101.0	0.52678200692	28.0	0.0
KtherA	TCT	S	N	0.0	0.252631538971	0.2	0.0416666666667	0.875	0.235294117647	0.00980392156863	1456.0	0.866722901729	29.0	0.0
CblacA	TCG	S	N	0.0	0.0252016090748	1.0	1.0	0.0	0.0277777777778	0.0555555555556	442.0	3.8431372549	30.0	0.0
CblacA	AGT	S	N	0.0	0.0252016090748	1.0	0.0833333333333	0.833333333333	0.333333333333	0.0555555555556	442.0	0.784440842788	9.0	0.0
CviswA	TCT	S	N	0.0	0.126415831716	0.222222222222	0.0666666666667	0.833333333333	0.186335403727	0.0124223602484	2101.0	0.795219123506	29.0	0.0
MstarA	AGT	S	N	0.0	0.717210240097	0.1	0.015625	0.765625	0.374269005848	0.0175438596491	2101.0	0.48132106118	9.0	0.0
MstarA	TCA	S	N	0.0	0.717210240097	0.1	0.0289855072464	0.724637681159	0.40350877193	0.0175438596491	2101.0	0.405423280423	28.0	0.0
NbaciA	TCT	S	N	0.0	0.169573169457	0.166666666667	0.05	0.875	0.380952380952	0.0285714285714	1455.0	0.750063115375	29.0	0.0
NbaciA	AGT	S	N	0.0	0.169573169457	0.2	0.0714285714286	0.785714285714	0.133333333333	0.0285714285714	1455.0	0.871606749817	9.0	0.0
LstarA	TCT	S	N	0.0	0.269631089976	0.142857142857	0.0192307692308	0.75	0.393939393939	0.0454545454545	1779.0	0.36741363212	29.0	0.0
LstarA	AGT	S	N	0.0	0.269631089976	0.285714285714	0.063829787234	0.723404255319	0.356060606061	0.0454545454545	1779.0	0.749562609348	9.0	0.0
LstarA	AGC	S	N	0.0	0.269631089976	0.25	0.166666666667	0.666666666667	0.0454545454545	0.0454545454545	1779.0	1.0412371134	11.0	0.0
LstarA	TCA	S	N	0.0	0.269631089976	0.125	0.037037037037	0.814814814815	0.204545454545	0.0454545454545	1779.0	0.61014901329	28.0	0.0
MfariA	TCT	S	N	0.0	0.337718004551	0.2	0.037037037037	0.796296296296	0.3375	0.01875	2101.0	0.749841000636	29.0	0.0
MfariA	AGT	S	N	0.0	0.337718004551	0.111111111111	0.0208333333333	0.916666666667	0.3	0.01875	2101.0	0.812316715543	9.0	0.0
MfariB	TCT	S	N	0.0	0.137323898682	0.1	0.025	0.9	0.246913580247	0.00617283950617	2101.0	0.831083108311	29.0	0.0
CalaiA	TCA	S	N	0.0	0.802520940223	0.111111111111	0.0192307692308	0.884615384615	0.376811594203	0.00724637681159	1905.0	0.773231622746	28.0	0.0
LanspB	TCT	S	N	0.0	0.257894695048	0.2	0.0416666666667	0.916666666667	0.237623762376	0.00990099009901	1456.0	0.919831223629	29.0	0.0
CphanA	AGT	S	N	0.0	0.0867963319854	0.181818181818	0.0526315789474	0.815789473684	0.258503401361	0.0136054421769	2100.0	0.837069782128	9.0	0.0
LanspA	TCT	S	N	0.0	0.144300129852	0.166666666667	0.0322580645161	0.903225806452	0.300970873786	0.0194174757282	1456.0	0.724860792663	29.0	0.0
LanspA	AGT	S	N	0.0	0.144300129852	0.2	0.0714285714286	0.928571428571	0.135922330097	0.0194174757282	1456.0	1.12846715328	9.0	0.0
CsojaA	AGT	S	N	0.0	0.716948663399	0.285714285714	0.046511627907	0.860465116279	0.390909090909	0.0272727272727	1435.0	0.87120542293	9.0	0.0
CsojaA	TCA	S	N	0.0	0.716948663399	0.142857142857	0.0222222222222	0.888888888889	0.409090909091	0.0272727272727	1435.0	0.78307538692	28.0	0.0
CglabA	TCT	S	N	0.0	0.244444398411	0.166666666667	0.0357142857143	0.821428571429	0.277227722772	0.00990099009901	1439.0	0.608742774566	29.0	0.0
ScryoA	TCT	S	N	0.0	0.390548440449	0.166666666667	0.0344827586207	0.689655172414	0.266055045872	0.045871559633	1454.0	0.36299683433	29.0	0.0
ScryoA	AGT	S	N	0.0	0.390548440449	0.5	0.09375	0.4375	0.293577981651	0.045871559633	1454.0	0.35045987948	9.0	0.0
ScryoA	TCA	S	N	0.0	0.390548440449	0.166666666667	0.025641025641	0.666666666667	0.357798165138	0.045871559633	1454.0	0.413190823775	28.0	0.0
CneerA	TCA	S	N	0.0	0.457142800423	0.111111111111	0.0188679245283	0.849056603774	0.335443037975	0.00632911392405	2101.0	0.805181128896	28.0	0.0
CsakeA	TCA	S	N	0.0	0.760869482657	0.1	0.0140845070423	0.915492957746	0.467105263158	0.00657894736842	2065.0	0.849581724582	28.0	0.0
HuvarA	TCT	S	N	0.0	0.602484435451	0.166666666667	0.037037037037	0.555555555556	0.25	0.0185185185185	1397.0	0.339156855298	29.0	0.0
HuvarA	TCA	S	N	0.0	0.602484435451	0.166666666667	0.02	0.62	0.462962962963	0.0185185185185	1397.0	-0.046150704513	28.0	0.0
CjiufA	TCT	S	N	0.0	0.896455902948	0.0909090909091	0.0188679245283	0.849056603774	0.33125	0.0125	2080.0	0.731685593409	29.0	0.0
CjiufA	TCA	S	N	0.0	0.896455902948	0.111111111111	0.02	0.92	0.3125	0.0125	2080.0	0.884623918349	28.0	0.0
CzempA	TCT	S	N	0.0	0.883894190683	0.166666666667	0.0294117647059	0.588235294118	0.309090909091	0.0272727272727	1455.0	0.136892335222	29.0	0.0
CzempA	AGT	S	N	0.0	0.883894190683	0.166666666667	0.0263157894737	0.578947368421	0.345454545455	0.0272727272727	1455.0	0.170509383378	9.0	0.0
CzempA	TCA	S	N	0.0	0.883894190683	0.166666666667	0.0263157894737	0.526315789474	0.345454545455	0.0272727272727	1455.0	0.157234383342	28.0	0.0
CmetaB	TCT	S	N	0.0	0.185971670261	0.125	0.04	0.86	0.316455696203	0.0126582278481	2101.0	0.880957810718	29.0	0.0
CmetaC	TCT	S	N	0.0	0.185971670261	0.125	0.04	0.86	0.316455696203	0.0126582278481	2101.0	0.880957810718	29.0	0.0
CmetaA	TCT	S	N	0.0	0.185971670261	0.125	0.04	0.86	0.316455696203	0.0126582278481	2101.0	0.880957810718	29.0	0.0
CmetaF	TCT	S	N	0.0	0.185971670261	0.125	0.04	0.86	0.316455696203	0.0126582278481	2101.0	0.880957810718	29.0	0.0
CfrijA	TCT	S	N	0.0	0.637398829007	0.0909090909091	0.025641025641	0.846153846154	0.240740740741	0.0123456790123	2101.0	0.727782698553	29.0	0.0
CfrijA	AGT	S	N	0.0	0.637398829007	0.1	0.0166666666667	0.9	0.37037037037	0.0123456790123	2101.0	0.793151227237	9.0	0.0
CgallA	AGT	S	N	0.0	0.383620646498	0.0909090909091	0.0294117647059	0.823529411765	0.228187919463	0.00671140939597	2101.0	0.669064748201	9.0	0.0
CmetaE	TCT	S	N	0.0	0.185971670261	0.125	0.04	0.86	0.316455696203	0.0126582278481	2101.0	0.880957810718	29.0	0.0
PpastA	AGT	S	N	0.0	0.128213250655	0.222222222222	0.0416666666667	0.8125	0.285714285714	0.0119047619048	2101.0	0.78290719697	9.0	0.0
SjapoA	TCT	S	N	0.0	0.643314979427	0.285714285714	0.031746031746	0.619047619048	0.577981651376	0.0275229357798	1450.0	0.181628056628	29.0	0.0
SjapoA	AGT	S	N	0.0	0.643314979427	0.166666666667	0.0357142857143	0.392857142857	0.256880733945	0.0275229357798	1450.0	-0.143690736689	9.0	0.0
CalbiE	AGT	S	N	0.0	0.186090210638	0.25	0.0740740740741	0.777777777778	0.321428571429	0.0238095238095	1101.0	0.850557620818	9.0	0.0
CtetrA	TCT	S	N	0.0	0.394612888183	0.1	0.027027027027	0.864864864865	0.23125	0.025	2101.0	0.777258566978	29.0	0.0
CtetrA	AGT	S	N	0.0	0.394612888183	0.3	0.0508474576271	0.830508474576	0.36875	0.025	2101.0	0.857085748551	9.0	0.0
MmagnB	AGC	S	N	0.0	0.225227110854	0.125	0.0526315789474	0.684210526316	0.115853658537	0.0243902439024	2101.0	0.747099767981	11.0	0.0
MmagnB	TCA	S	N	0.0	0.225227110854	0.2	0.0545454545455	0.672727272727	0.335365853659	0.0243902439024	2101.0	0.391855551287	28.0	0.0
MmagnA	AGC	S	N	0.0	0.217730507878	0.125	0.0588235294118	0.705882352941	0.103658536585	0.0243902439024	2101.0	0.838032786885	11.0	0.0
MmagnA	TCA	S	N	0.0	0.217730507878	0.2	0.0545454545455	0.672727272727	0.335365853659	0.0243902439024	2101.0	0.391855551287	28.0	0.0
CcoryA	TCT	S	N	0.0	0.377137289986	0.1	0.0243902439024	0.878048780488	0.25786163522	0.0251572327044	2101.0	0.803850446429	29.0	0.0
CcoryA	TCA	S	N	0.0	0.377137289986	0.3	0.0555555555556	0.925925925926	0.339622641509	0.0251572327044	2101.0	1.12430939227	28.0	0.0
CparaC	TCT	S	N	0.0	0.885271137607	0.111111111111	0.0169491525424	0.915254237288	0.36875	0.0125	2101.0	0.88507751938	29.0	0.0
CparaC	TCA	S	N	0.0	0.885271137607	0.111111111111	0.0204081632653	0.918367346939	0.30625	0.0125	2101.0	0.889617998594	28.0	0.0
CparaB	TCT	S	N	0.0	0.885271137607	0.111111111111	0.0169491525424	0.915254237288	0.36875	0.0125	2101.0	0.88507751938	29.0	0.0
CparaB	TCA	S	N	0.0	0.885271137607	0.111111111111	0.0204081632653	0.918367346939	0.30625	0.0125	2101.0	0.889617998594	28.0	0.0
CparaE	TCT	S	N	0.0	0.885271137607	0.111111111111	0.0169491525424	0.915254237288	0.36875	0.0125	2101.0	0.88507751938	29.0	0.0
CparaE	TCA	S	N	0.0	0.885271137607	0.111111111111	0.0204081632653	0.918367346939	0.30625	0.0125	2101.0	0.889617998594	28.0	0.0
CparaD	TCT	S	N	0.0	0.885271137607	0.111111111111	0.0169491525424	0.915254237288	0.36875	0.0125	2101.0	0.88507751938	29.0	0.0
CparaD	TCA	S	N	0.0	0.885271137607	0.111111111111	0.0204081632653	0.918367346939	0.30625	0.0125	2101.0	0.889617998594	28.0	0.0
CparaF	TCT	S	N	0.0	0.885271137607	0.111111111111	0.0169491525424	0.915254237288	0.36875	0.0125	2101.0	0.88507751938	29.0	0.0
CparaF	TCA	S	N	0.0	0.885271137607	0.111111111111	0.0204081632653	0.918367346939	0.30625	0.0125	2101.0	0.889617998594	28.0	0.0
MtetrA	TCC	S	N	0.0	0.0511106100427	0.125	0.117647058824	0.647058823529	0.106918238994	0.0188679245283	2100.0	0.927408412483	31.0	0.0
MtetrA	TCA	S	N	0.0	0.0511106100427	0.125	0.027027027027	0.72972972973	0.232704402516	0.0188679245283	2100.0	0.167824395665	28.0	0.0
CsaraA	TCT	S	N	0.0	0.174339535591	0.222222222222	0.047619047619	0.928571428571	0.2625	0.0125	2101.0	1.02619966906	29.0	0.0
PkluyA	TCA	S	N	2.0	0.800666597846	0.166666666667	0.0265486725664	0.796460176991	0.733766233766	0.0194805194805	2101.0	0.551710180125	28.0	0.0
YlipoB	AGT	S	N	0.0	0.16228065784	0.0909090909091	0.0285714285714	0.8	0.239726027397	0.00684931506849	2100.0	0.575652173913	9.0	0.0
YlipoA	AGT	S	N	0.0	0.16228065784	0.0909090909091	0.0285714285714	0.8	0.239726027397	0.00684931506849	2100.0	0.575652173913	9.0	0.0
AgossB	AGT	S	N	0.0	0.315097918397	0.166666666667	0.0625	0.8125	0.14953271028	0.018691588785	1456.0	0.984664536741	9.0	0.0
AgossB	TCA	S	N	0.0	0.315097918397	0.166666666667	0.0172413793103	0.793103448276	0.542056074766	0.018691588785	1456.0	0.48730964467	28.0	0.0
NdelpA	TCT	S	N	0.0	0.216666626387	0.2	0.0384615384615	0.769230769231	0.254901960784	0.00980392156863	1439.0	0.509433962264	29.0	0.0
LelonA	TCG	S	N	0.0	0.0108935455128	1.0	1.0	0.0	0.00613496932515	0.0122699386503	2101.0	3.8431372549	30.0	0.0
LelonA	TCA	S	N	0.0	0.0108935455128	0.0909090909091	0.0131578947368	0.894736842105	0.466257668712	0.0122699386503	2101.0	0.825450285547	28.0	0.0
LkluyF	TCT	S	N	0.0	0.249999957761	0.2	0.0434782608696	0.95652173913	0.227722772277	0.00990099009901	1456.0	0.853421633554	29.0	0.0
CalimA	AGT	S	N	0.0	0.353448228241	0.0909090909091	0.027027027027	0.837837837838	0.25	0.00675675675676	2100.0	0.724788549122	9.0	0.0
SoctoA	TCT	S	N	0.0	0.00778572793481	0.2	0.027027027027	0.702702702703	0.339449541284	0.0642201834862	1454.0	0.362002212389	29.0	0.0
SoctoA	AGT	S	N	0.0	0.00778572793481	0.333333333333	0.0625	0.46875	0.293577981651	0.0642201834862	1454.0	0.25127064803	9.0	0.0
SoctoA	AGC	S	N	0.0	0.00778572793481	0.666666666667	0.5	0.0	0.0366972477064	0.0642201834862	1454.0	1.61696658098	11.0	0.0
SoctoA	TCA	S	N	0.0	0.00778572793481	0.333333333333	0.0555555555556	0.611111111111	0.330275229358	0.0642201834862	1454.0	0.383986467437	28.0	0.0
CdefoA	AGT	S	N	0.0	0.383620643522	0.0909090909091	0.027027027027	0.810810810811	0.25	0.00675675675676	2100.0	0.563274624918	9.0	0.0
LdasiA	TCT	S	N	0.0	0.255319108534	0.2	0.04	0.84	0.245098039216	0.00980392156863	1456.0	0.771624898949	29.0	0.0
CpseuA	TCT	S	N	0.0	0.882352900558	1.0	0.0714285714286	0.714285714286	0.35	0.05	442.0	0.602083333333	29.0	0.0
CpseuA	TCA	S	N	0.0	0.882352900558	1.0	0.0769230769231	0.846153846154	0.325	0.05	442.0	0.894618834081	28.0	0.0
LkluyE	TCT	S	N	0.0	0.244680810662	0.2	0.0454545454545	0.954545454545	0.217821782178	0.00990099009901	1456.0	0.849239280775	29.0	0.0
LkluyD	TCT	S	N	0.0	0.276595700606	0.2	0.0416666666667	0.958333333333	0.235294117647	0.00980392156863	1456.0	0.842905405405	29.0	0.0
LkluyC	TCT	S	N	0.0	0.249999957761	0.2	0.0434782608696	0.95652173913	0.227722772277	0.00990099009901	1456.0	0.853421633554	29.0	0.0
LkluyA	TCT	S	N	0.0	0.249999957761	0.2	0.0434782608696	0.95652173913	0.227722772277	0.00990099009901	1456.0	0.853421633554	29.0	0.0
CorthB	TCT	S	N	0.0	0.318111712647	0.1	0.0344827586207	0.913793103448	0.364779874214	0.0125786163522	2101.0	0.939150851105	29.0	0.0
CorthC	TCT	S	N	0.0	0.306276049745	0.1	0.0333333333333	0.916666666667	0.377358490566	0.0125786163522	2101.0	0.931322329729	29.0	0.0
CorthA	TCT	S	N	0.0	0.316705943602	0.1	0.0338983050847	0.915254237288	0.37106918239	0.0125786163522	2101.0	0.930272762197	29.0	0.0
ClusiA	TCT	S	N	1.0	0.892621575657	0.1	0.0232558139535	0.906976744186	0.270440251572	0.0188679245283	2101.0	0.817455947137	29.0	0.0
ClusiA	AGT	S	N	1.0	0.892621575657	0.111111111111	0.0212765957447	0.872340425532	0.295597484277	0.0188679245283	2101.0	0.703594288528	9.0	0.0
ClusiA	TCA	S	N	1.0	0.892621575657	0.0909090909091	0.0144927536232	0.869565217391	0.433962264151	0.0188679245283	2101.0	0.74475012209	28.0	0.0
MguilA	TCT	S	N	0.0	0.471631155477	0.0833333333333	0.02	0.8	0.316455696203	0.00632911392405	2101.0	0.735409457901	29.0	0.0
DhansA	TCT	S	N	0.0	0.192250225111	0.111111111111	0.0285714285714	0.857142857143	0.21875	0.01875	2101.0	0.752916224814	29.0	0.0
DhansA	AGT	S	N	0.0	0.192250225111	0.222222222222	0.037037037037	0.87037037037	0.3375	0.01875	2101.0	0.815462397304	9.0	0.0
CsalmA	TCT	S	N	0.0	0.658307896486	0.25	0.0526315789474	0.684210526316	0.242038216561	0.0382165605096	2098.0	0.432923076923	29.0	0.0
CsalmA	AGT	S	N	0.0	0.658307896486	0.181818181818	0.0263157894737	0.684210526316	0.484076433121	0.0382165605096	2098.0	0.491745101065	9.0	0.0
CsalmA	TCA	S	N	0.0	0.658307896486	0.25	0.0526315789474	0.763157894737	0.242038216561	0.0382165605096	2098.0	0.637185645663	28.0	0.0
LnothA	TCT	S	N	0.0	0.263157851126	0.2	0.04	0.92	0.247524752475	0.00990099009901	1456.0	0.932278994323	29.0	0.0
BcustA	AGT	S	N	2.0	0.881344651746	0.1	0.0294117647059	0.764705882353	0.22972972973	0.0202702702703	2101.0	0.841633823003	9.0	0.0
BcustA	TCA	S	N	2.0	0.881344651746	0.181818181818	0.0224719101124	0.752808988764	0.601351351351	0.0202702702703	2101.0	0.439974699557	28.0	0.0
CtheaA	TCT	S	N	0.0	0.885724611371	0.1	0.0204081632653	0.897959183673	0.308176100629	0.0125786163522	2101.0	0.807451978709	29.0	0.0
CtheaA	TCA	S	N	0.0	0.885724611371	0.1	0.0172413793103	0.948275862069	0.364779874214	0.0125786163522	2101.0	0.97200559888	28.0	0.0
AgossA	AGT	S	N	0.0	0.324175797618	0.166666666667	0.0625	0.8125	0.14953271028	0.018691588785	1456.0	0.984664536741	9.0	0.0
AgossA	TCA	S	N	0.0	0.324175797618	0.166666666667	0.0175438596491	0.789473684211	0.532710280374	0.018691588785	1456.0	0.513903743316	28.0	0.0
MingeA	TCT	S	N	0.0	0.908049933556	0.125	0.0285714285714	0.714285714286	0.203488372093	0.0174418604651	2101.0	0.447525447525	29.0	0.0
MingeA	AGT	S	N	0.0	0.908049933556	0.1	0.015873015873	0.777777777778	0.366279069767	0.0174418604651	2101.0	0.488671379373	9.0	0.0
MingeA	TCA	S	N	0.0	0.908049933556	0.0909090909091	0.0140845070423	0.732394366197	0.412790697674	0.0174418604651	2101.0	0.263768564356	28.0	0.0
ScastA	TCA	S	N	0.0	0.69444433895	0.142857142857	0.016393442623	0.885245901639	0.592233009709	0.00970873786408	1456.0	0.663221073691	28.0	0.0
CmaltA	AGT	S	N	0.0	0.31660945909	0.1	0.0149253731343	0.880597014925	0.41875	0.025	2101.0	0.745038979447	9.0	0.0
CmaltA	TCA	S	N	0.0	0.31660945909	0.222222222222	0.0697674418605	0.883720930233	0.26875	0.025	2101.0	1.14957375355	28.0	0.0
CbohiA	AGT	S	N	0.0	0.345463416093	0.363636363636	0.0727272727273	0.8	0.337423312883	0.0368098159509	2101.0	0.937229882692	9.0	0.0
CbohiA	TCA	S	N	0.0	0.345463416093	0.181818181818	0.0266666666667	0.893333333333	0.460122699387	0.0368098159509	2101.0	0.837098509298	28.0	0.0

### Alignment improvement:
