### Random Forest prediction
genome	codon	ori_aa	rea_aa	fitch	Fisher pval	Gene frac	N. rea	N. used	Cod. count	Sub. count	G. len	codon_lik	id	prediction
LmeyeA	TCA	S	A	0.0	0.837170996414	0.285714285714	0.0357142857143	0.946428571429	0.554455445545	0.019801980198	1456.0	0.995444606414	28.0	0.0
SpombA	TCT	S	A	0.0	0.191322214976	0.333333333333	0.0714285714286	0.607142857143	0.261682242991	0.14953271028	1452.0	0.757331378299	29.0	0.0
SpombA	AGT	S	A	0.0	0.191322214976	0.5	0.161290322581	0.548387096774	0.289719626168	0.14953271028	1452.0	0.939632545932	9.0	0.0
SpombA	AGC	S	A	0.0	0.191322214976	0.25	0.25	0.0	0.0373831775701	0.14953271028	1452.0	-0.344473007712	11.0	0.0
SpombA	TCA	S	A	0.0	0.191322214976	0.428571428571	0.181818181818	0.522727272727	0.411214953271	0.14953271028	1452.0	0.982456140351	28.0	0.0
SpastA	TCT	S	A	0.0	0.940558783969	0.166666666667	0.0714285714286	0.928571428571	0.274509803922	0.0686274509804	1456.0	1.0449725777	29.0	0.0
SpastA	AGT	S	A	0.0	0.940558783969	0.2	0.0833333333333	0.833333333333	0.117647058824	0.0686274509804	1456.0	0.871904355252	9.0	0.0
SpastA	TCA	S	A	0.0	0.940558783969	0.428571428571	0.0666666666667	0.866666666667	0.588235294118	0.0686274509804	1456.0	1.03924221922	28.0	0.0
AacerA	TCT	S	A	0.0	0.882210771776	0.5	0.0714285714286	0.785714285714	0.28	0.08	643.0	0.931497175141	29.0	0.0
AacerA	TCA	S	A	0.0	0.882210771776	0.5	0.107142857143	0.857142857143	0.56	0.08	643.0	1.26561403509	28.0	0.0
CmetaD	TCT	S	A	0.0	0.117473721444	0.25	0.06	0.86	0.316455696203	0.0189873417722	2101.0	0.94503990878	29.0	0.0
CgigaA	TCT	S	A	0.0	0.160741238903	0.285714285714	0.111111111111	0.777777777778	0.132352941176	0.0294117647059	1879.0	0.993401319736	29.0	0.0
CgigaA	TCA	S	A	0.0	0.160741238903	0.25	0.0571428571429	0.828571428571	0.257352941176	0.0294117647059	1879.0	1.00540865385	28.0	0.0
CsantA	TCT	S	A	0.0	0.784804062534	0.625	0.175	0.65	0.243902439024	0.140243902439	2073.0	1.18874722838	29.0	0.0
CsantA	AGT	S	A	0.0	0.784804062534	0.666666666667	0.147058823529	0.691176470588	0.414634146341	0.140243902439	2073.0	1.04609743321	9.0	0.0
CsantA	AGC	S	A	0.0	0.784804062534	0.111111111111	0.0434782608696	0.695652173913	0.140243902439	0.140243902439	2073.0	0.733201581028	11.0	0.0
CsantA	TCA	S	A	0.0	0.784804062534	0.428571428571	0.166666666667	0.733333333333	0.182926829268	0.140243902439	2073.0	1.24692279	28.0	0.0
CtropB	AGT	S	A	0.0	0.400500412262	0.1	0.0263157894737	0.868421052632	0.245161290323	0.0322580645161	2101.0	0.922292993631	9.0	0.0
CtropB	TCC	S	A	0.0	0.400500412262	0.2	0.142857142857	0.857142857143	0.0451612903226	0.0322580645161	2101.0	1.1887755102	31.0	0.0
CtropB	TCA	S	A	0.0	0.400500412262	0.3	0.0535714285714	0.892857142857	0.361290322581	0.0322580645161	2101.0	1.09474098877	28.0	0.0
CtropA	AGT	S	A	0.0	0.411156141437	0.1	0.0263157894737	0.842105263158	0.245161290323	0.0322580645161	2101.0	0.883439490446	9.0	0.0
CtropA	TCC	S	A	0.0	0.411156141437	0.2	0.142857142857	0.857142857143	0.0451612903226	0.0322580645161	2101.0	1.1887755102	31.0	0.0
CtropA	TCA	S	A	0.0	0.411156141437	0.272727272727	0.0526315789474	0.894736842105	0.367741935484	0.0322580645161	2101.0	1.11484918794	28.0	0.0
WpijpA	TCT	S	A	0.0	0.552381971183	0.166666666667	0.0357142857143	0.857142857143	0.254545454545	0.0454545454545	1456.0	0.895005468465	29.0	0.0
WpijpA	AGT	S	A	0.0	0.552381971183	0.5	0.0869565217391	0.826086956522	0.209090909091	0.0454545454545	1456.0	1.12643678161	9.0	0.0
WpijpA	TCA	S	A	0.0	0.552381971183	0.333333333333	0.0338983050847	0.881355932203	0.536363636364	0.0454545454545	1456.0	0.989850335455	28.0	0.0
BarxA	AGT	S	A	0.0	0.588396235721	1.0	0.0769230769231	0.846153846154	0.361111111111	0.111111111111	442.0	1.11518324607	9.0	0.0
BarxA	TCA	S	A	0.0	0.588396235721	1.0	0.142857142857	0.619047619048	0.583333333333	0.111111111111	442.0	1.08321775312	28.0	0.0
CoxycA	TCT	S	A	0.0	0.278409079139	1.0	0.181818181818	0.636363636364	0.268292682927	0.0487804878049	442.0	1.07855251545	29.0	0.0
CsubhA	TCG	S	A	0.0	0.474538273615	0.25	0.0952380952381	0.761904761905	0.12962962963	0.037037037037	2098.0	1.04467733039	30.0	0.0
CsubhA	AGC	S	A	0.0	0.474538273615	0.1	0.0175438596491	0.894736842105	0.351851851852	0.037037037037	2098.0	0.900655672561	11.0	0.0
CsubhA	TCC	S	A	0.0	0.474538273615	0.1	0.0714285714286	0.892857142857	0.172839506173	0.037037037037	2098.0	1.09394205443	31.0	0.0
CsubhA	TCA	S	A	0.0	0.474538273615	0.111111111111	0.0263157894737	0.894736842105	0.234567901235	0.037037037037	2098.0	0.928315412186	28.0	0.0
CsubhB	TCG	S	A	0.0	0.474538273615	0.25	0.0952380952381	0.761904761905	0.12962962963	0.037037037037	2098.0	1.04467733039	30.0	0.0
CsubhB	AGC	S	A	0.0	0.474538273615	0.1	0.0175438596491	0.894736842105	0.351851851852	0.037037037037	2098.0	0.900655672561	11.0	0.0
CsubhB	TCC	S	A	0.0	0.474538273615	0.1	0.0714285714286	0.892857142857	0.172839506173	0.037037037037	2098.0	1.09394205443	31.0	0.0
CsubhB	TCA	S	A	0.0	0.474538273615	0.111111111111	0.0263157894737	0.894736842105	0.234567901235	0.037037037037	2098.0	0.928315412186	28.0	0.0
OanguA	TCT	S	A	0.0	0.732423645748	0.2	0.0731707317073	0.90243902439	0.266233766234	0.0519480519481	2101.0	1.10321172435	29.0	0.0
OanguA	AGT	S	A	0.0	0.732423645748	0.222222222222	0.0645161290323	0.774193548387	0.201298701299	0.0519480519481	2101.0	0.837944664032	9.0	0.0
OanguA	TCA	S	A	0.0	0.732423645748	0.272727272727	0.0384615384615	0.846153846154	0.506493506494	0.0519480519481	2101.0	0.954740484429	28.0	0.0
SarboA	TCT	S	A	0.0	0.207242362271	0.6	0.151515151515	0.818181818182	0.320388349515	0.0679611650485	1456.0	1.17956656347	29.0	0.0
SarboA	TCA	S	A	0.0	0.207242362271	0.285714285714	0.0344827586207	0.896551724138	0.563106796117	0.0679611650485	1456.0	0.975284837862	28.0	0.0
CcastA	TCT	S	A	0.0	0.876289717482	0.2	0.0454545454545	0.818181818182	0.217821782178	0.039603960396	1455.0	0.861021629084	29.0	0.0
CcastA	TCA	S	A	0.0	0.876289717482	0.333333333333	0.0454545454545	0.909090909091	0.653465346535	0.039603960396	1455.0	1.01384615385	28.0	0.0
KtherA	AGT	S	A	0.0	0.384373273398	0.2	0.0714285714286	0.928571428571	0.137254901961	0.0294117647059	1456.0	1.04525547445	9.0	0.0
KtherA	TCA	S	A	0.0	0.384373273398	0.285714285714	0.031746031746	0.952380952381	0.617647058824	0.0294117647059	1456.0	0.994173814533	28.0	0.0
CblacA	TCT	S	A	0.0	0.844758010918	1.0	0.0666666666667	0.866666666667	0.416666666667	0.0555555555556	442.0	1.2640776699	29.0	0.0
CblacA	AGT	S	A	0.0	0.844758010918	1.0	0.0833333333333	0.833333333333	0.333333333333	0.0555555555556	442.0	1.0056726094	9.0	0.0
CnorvA	TCT	S	A	0.0	0.692143895383	0.222222222222	0.0769230769231	0.846153846154	0.168831168831	0.0584415584416	2101.0	1.01128962223	29.0	0.0
CnorvA	AGT	S	A	0.0	0.692143895383	0.3	0.0769230769231	0.897435897436	0.253246753247	0.0584415584416	2101.0	1.16487234697	9.0	0.0
CnorvA	TCA	S	A	0.0	0.692143895383	0.272727272727	0.0454545454545	0.852272727273	0.571428571429	0.0584415584416	2101.0	0.969097177883	28.0	0.0
CviswA	TCT	S	A	0.0	0.188476160949	0.111111111111	0.1	0.833333333333	0.186335403727	0.0434782608696	2101.0	1.12908366534	29.0	0.0
CviswA	AGT	S	A	0.0	0.188476160949	0.181818181818	0.0344827586207	0.844827586207	0.360248447205	0.0434782608696	2101.0	0.980145867099	9.0	0.0
CviswA	AGC	S	A	0.0	0.188476160949	0.25	0.166666666667	0.833333333333	0.0372670807453	0.0434782608696	2101.0	1.48353909465	11.0	0.0
CviswA	TCA	S	A	0.0	0.188476160949	0.0833333333333	0.015625	0.921875	0.39751552795	0.0434782608696	2101.0	1.00068376068	28.0	0.0
MstarA	TCT	S	A	0.0	0.844758801699	0.2	0.0833333333333	0.777777777778	0.210526315789	0.111111111111	2101.0	0.99652008858	29.0	0.0
MstarA	AGT	S	A	0.0	0.844758801699	0.5	0.109375	0.765625	0.374269005848	0.111111111111	2101.0	1.06821873308	9.0	0.0
MstarA	TCA	S	A	0.0	0.844758801699	0.6	0.130434782609	0.724637681159	0.40350877193	0.111111111111	2101.0	1.01091269841	28.0	0.0
NbaciA	TCA	S	A	0.0	0.116860343803	0.333333333333	0.1	0.84	0.47619047619	0.047619047619	1455.0	1.09192597112	28.0	0.0
KmarxA	TCT	S	A	0.0	0.191176435047	1.0	0.142857142857	0.857142857143	0.2	0.0285714285714	442.0	1.21081830791	29.0	0.0
LstarA	TCT	S	A	0.0	0.507284721102	0.571428571429	0.115384615385	0.75	0.393939393939	0.0984848484848	1779.0	1.13655462185	29.0	0.0
LstarA	AGT	S	A	0.0	0.507284721102	0.428571428571	0.106382978723	0.723404255319	0.356060606061	0.0984848484848	1779.0	0.887778055486	9.0	0.0
LstarA	AGC	S	A	0.0	0.507284721102	0.25	0.166666666667	0.666666666667	0.0454545454545	0.0984848484848	1779.0	0.807560137457	11.0	0.0
LstarA	TCA	S	A	0.0	0.507284721102	0.125	0.037037037037	0.814814814815	0.204545454545	0.0984848484848	1779.0	0.912605718888	28.0	0.0
MfariA	TCT	S	A	0.0	0.192524946471	0.2	0.0555555555556	0.796296296296	0.3375	0.0375	2101.0	0.927496290015	29.0	0.0
MfariA	AGT	S	A	0.0	0.192524946471	0.111111111111	0.0208333333333	0.916666666667	0.3	0.0375	2101.0	0.967741935484	9.0	0.0
MfariA	TCC	S	A	0.0	0.192524946471	0.333333333333	0.333333333333	0.666666666667	0.01875	0.0375	2101.0	1.63740458015	31.0	0.0
MfariA	TCA	S	A	0.0	0.192524946471	0.125	0.0196078431373	0.941176470588	0.31875	0.0375	2101.0	1.03308575287	28.0	0.0
MfariB	TCT	S	A	0.0	0.874468192898	0.2	0.05	0.9	0.246913580247	0.0555555555556	2101.0	1.01650165017	29.0	0.0
MfariB	AGT	S	A	0.0	0.874468192898	0.333333333333	0.0697674418605	0.883720930233	0.265432098765	0.0555555555556	2101.0	1.13349646547	9.0	0.0
MfariB	TCA	S	A	0.0	0.874468192898	0.3	0.0519480519481	0.857142857143	0.475308641975	0.0555555555556	2101.0	1.03761801017	28.0	0.0
CalaiA	TCT	S	A	0.0	0.890325679198	0.166666666667	0.0285714285714	0.885714285714	0.253623188406	0.0217391304348	1905.0	0.825396825397	29.0	0.0
CalaiA	AGT	S	A	0.0	0.890325679198	0.111111111111	0.0204081632653	0.836734693878	0.355072463768	0.0217391304348	1905.0	0.912889518414	9.0	0.0
CalaiA	TCA	S	A	0.0	0.890325679198	0.111111111111	0.0192307692308	0.884615384615	0.376811594203	0.0217391304348	1905.0	0.930651872399	28.0	0.0
LanspB	TCA	S	A	0.0	0.799342035985	0.285714285714	0.0322580645161	0.951612903226	0.613861386139	0.019801980198	1456.0	1.00526575613	28.0	0.0
CphanA	TCT	S	A	0.0	0.452040808709	0.125	0.0322580645161	0.838709677419	0.210884353741	0.0884353741497	2100.0	0.815060476005	29.0	0.0
CphanA	AGT	S	A	0.0	0.452040808709	0.272727272727	0.105263157895	0.815789473684	0.258503401361	0.0884353741497	2100.0	1.00599936849	9.0	0.0
CphanA	TCA	S	A	0.0	0.452040808709	0.6	0.102564102564	0.74358974359	0.530612244898	0.0884353741497	2100.0	1.05793378995	28.0	0.0
LanspA	TCT	S	A	0.0	0.829622699371	0.166666666667	0.0322580645161	0.903225806452	0.300970873786	0.0194174757282	1456.0	0.97576154602	29.0	0.0
LanspA	TCA	S	A	0.0	0.829622699371	0.166666666667	0.0172413793103	0.965517241379	0.563106796117	0.0194174757282	1456.0	0.996308665846	28.0	0.0
CsojaA	TCT	S	A	0.0	0.923008744884	0.166666666667	0.05	0.95	0.181818181818	0.0363636363636	1435.0	1.10179640719	29.0	0.0
CsojaA	AGT	S	A	0.0	0.923008744884	0.142857142857	0.0232558139535	0.860465116279	0.390909090909	0.0363636363636	1435.0	0.89006778662	9.0	0.0
CsojaA	TCA	S	A	0.0	0.923008744884	0.285714285714	0.0444444444444	0.888888888889	0.409090909091	0.0363636363636	1435.0	1.07763354968	28.0	0.0
CglabA	TCT	S	A	0.0	0.703876840404	0.333333333333	0.0714285714286	0.821428571429	0.277227722772	0.049504950495	1439.0	1.05382947977	29.0	0.0
CglabA	TCA	S	A	0.0	0.703876840404	0.428571428571	0.0491803278689	0.918032786885	0.60396039604	0.049504950495	1439.0	1.05571356868	28.0	0.0
ScryoA	TCT	S	A	0.0	0.0882065401335	0.333333333333	0.103448275862	0.689655172414	0.266055045872	0.155963302752	1454.0	1.05240942666	29.0	0.0
ScryoA	AGT	S	A	0.0	0.0882065401335	0.666666666667	0.25	0.4375	0.293577981651	0.155963302752	1454.0	0.947986045036	9.0	0.0
ScryoA	TCC	S	A	0.0	0.0882065401335	0.333333333333	0.333333333333	0.0	0.0275229357798	0.155963302752	1454.0	0.890784982935	31.0	0.0
ScryoA	TCA	S	A	0.0	0.0882065401335	0.666666666667	0.128205128205	0.666666666667	0.357798165138	0.155963302752	1454.0	0.93456725756	28.0	0.0
CneerA	TCT	S	A	0.0	0.318441684137	0.272727272727	0.0975609756098	0.853658536585	0.259493670886	0.0379746835443	2101.0	1.25271444083	29.0	0.0
CneerA	AGT	S	A	0.0	0.318441684137	0.1	0.0172413793103	0.913793103448	0.367088607595	0.0379746835443	2101.0	1.00436227669	9.0	0.0
CneerA	TCA	S	A	0.0	0.318441684137	0.111111111111	0.0188679245283	0.849056603774	0.335443037975	0.0379746835443	2101.0	0.847935973041	28.0	0.0
CsakeA	TCT	S	A	0.0	0.573963560101	0.222222222222	0.0526315789474	0.868421052632	0.25	0.0460526315789	2065.0	1.1124260355	29.0	0.0
CsakeA	AGT	S	A	0.0	0.573963560101	0.375	0.0697674418605	0.906976744186	0.282894736842	0.0460526315789	2065.0	1.17232876712	9.0	0.0
CsakeA	TCA	S	A	0.0	0.573963560101	0.2	0.0281690140845	0.915492957746	0.467105263158	0.0460526315789	2065.0	0.97249034749	28.0	0.0
HuvarA	TCT	S	A	0.0	0.244842053951	0.5	0.148148148148	0.555555555556	0.25	0.101851851852	1397.0	0.795670338017	29.0	0.0
HuvarA	AGT	S	A	0.0	0.244842053951	0.2	0.0322580645161	0.709677419355	0.287037037037	0.101851851852	1397.0	0.812928501469	9.0	0.0
HuvarA	TCA	S	A	0.0	0.244842053951	0.5	0.12	0.62	0.462962962963	0.101851851852	1397.0	0.874617112518	28.0	0.0
CjiufA	TCT	S	A	0.0	0.157273693222	0.272727272727	0.0754716981132	0.849056603774	0.33125	0.025	2080.0	0.97661990648	29.0	0.0
KlactA	TCT	S	A	0.0	0.16306580925	0.5	0.166666666667	0.833333333333	0.176470588235	0.078431372549	1434.0	1.31200897868	29.0	0.0
KlactA	AGT	S	A	0.0	0.16306580925	0.2	0.153846153846	0.846153846154	0.127450980392	0.078431372549	1434.0	1.35765265662	9.0	0.0
KlactA	TCA	S	A	0.0	0.16306580925	0.333333333333	0.0434782608696	0.927536231884	0.676470588235	0.078431372549	1434.0	0.98421363234	28.0	0.0
CzempA	TCT	S	A	0.0	0.167759569805	0.333333333333	0.0588235294118	0.588235294118	0.309090909091	0.127272727273	1455.0	0.659111243662	29.0	0.0
CzempA	AGT	S	A	0.0	0.167759569805	0.666666666667	0.236842105263	0.578947368421	0.345454545455	0.127272727273	1455.0	1.05522788204	9.0	0.0
CzempA	TCA	S	A	0.0	0.167759569805	0.166666666667	0.0789473684211	0.526315789474	0.345454545455	0.127272727273	1455.0	0.66097170315	28.0	0.0
CmetaB	TCT	S	A	0.0	0.117473721444	0.25	0.06	0.86	0.316455696203	0.0189873417722	2101.0	0.94503990878	29.0	0.0
CmetaC	TCT	S	A	0.0	0.117473721444	0.25	0.06	0.86	0.316455696203	0.0189873417722	2101.0	0.94503990878	29.0	0.0
CmetaA	TCT	S	A	0.0	0.117473721444	0.25	0.06	0.86	0.316455696203	0.0189873417722	2101.0	0.94503990878	29.0	0.0
CmetaF	TCT	S	A	0.0	0.117473721444	0.25	0.06	0.86	0.316455696203	0.0189873417722	2101.0	0.94503990878	29.0	0.0
CfrijA	TCT	S	A	0.0	0.410322038182	0.272727272727	0.0769230769231	0.846153846154	0.240740740741	0.0493827160494	2101.0	1.03897254207	29.0	0.0
CfrijA	AGT	S	A	0.0	0.410322038182	0.1	0.0166666666667	0.9	0.37037037037	0.0493827160494	2101.0	0.972288202692	9.0	0.0
CfrijA	TCA	S	A	0.0	0.410322038182	0.2	0.0689655172414	0.844827586207	0.358024691358	0.0493827160494	2101.0	1.10896946565	28.0	0.0
CgallA	TCT	S	A	0.0	0.512038891713	0.666666666667	0.157894736842	0.710526315789	0.255033557047	0.10067114094	2101.0	1.15602390689	29.0	0.0
CgallA	AGT	S	A	0.0	0.512038891713	0.272727272727	0.117647058824	0.823529411765	0.228187919463	0.10067114094	2101.0	1.1345323741	9.0	0.0
CgallA	TCA	S	A	0.0	0.512038891713	0.2	0.0694444444444	0.791666666667	0.48322147651	0.10067114094	2101.0	1.02373612824	28.0	0.0
CmetaE	TCT	S	A	0.0	0.117473721444	0.25	0.06	0.86	0.316455696203	0.0189873417722	2101.0	0.94503990878	29.0	0.0
PpastA	AGT	S	A	0.0	0.520342359829	0.333333333333	0.0625	0.8125	0.285714285714	0.077380952381	2101.0	0.945549242424	9.0	0.0
PpastA	TCA	S	A	0.0	0.520342359829	0.416666666667	0.0961538461538	0.788461538462	0.619047619048	0.077380952381	2101.0	1.0670986163	28.0	0.0
SjapoA	TCT	S	A	0.0	0.0238317043453	0.571428571429	0.126984126984	0.619047619048	0.577981651376	0.183486238532	1450.0	0.87676962677	29.0	0.0
SjapoA	AGT	S	A	0.0	0.0238317043453	1.0	0.321428571429	0.392857142857	0.256880733945	0.183486238532	1450.0	1.28811086798	9.0	0.0
SjapoA	AGC	S	A	0.0	0.0238317043453	0.333333333333	0.25	0.5	0.0366972477064	0.183486238532	1450.0	0.994778067885	11.0	0.0
SjapoA	TCC	S	A	0.0	0.0238317043453	0.333333333333	0.333333333333	0.0	0.0275229357798	0.183486238532	1450.0	0.53264604811	31.0	0.0
SjapoA	TCA	S	A	0.0	0.0238317043453	0.25	0.0909090909091	0.909090909091	0.100917431193	0.183486238532	1450.0	1.31506849315	28.0	0.0
CalbiE	AGT	S	A	0.0	0.868421007203	0.25	0.037037037037	0.777777777778	0.321428571429	0.0238095238095	1101.0	0.898513011152	9.0	0.0
CalbiE	TCA	S	A	0.0	0.868421007203	0.2	0.027027027027	0.918918918919	0.440476190476	0.0238095238095	1101.0	1.02224663554	28.0	0.0
CtetrA	TCT	S	A	0.0	0.454079760849	0.2	0.0810810810811	0.864864864865	0.23125	0.0375	2101.0	1.05295950156	29.0	0.0
CtetrA	AGT	S	A	0.0	0.454079760849	0.1	0.0338983050847	0.830508474576	0.36875	0.0375	2101.0	0.915650609634	9.0	0.0
CtetrA	TCA	S	A	0.0	0.454079760849	0.1	0.0178571428571	0.928571428571	0.35	0.0375	2101.0	1.04154361095	28.0	0.0
MmagnB	TCT	S	A	0.0	0.986119125363	0.3	0.0975609756098	0.853658536585	0.25	0.103658536585	2101.0	1.14022140221	29.0	0.0
MmagnB	AGT	S	A	0.0	0.986119125363	0.4	0.113636363636	0.840909090909	0.268292682927	0.103658536585	2101.0	1.25799573561	9.0	0.0
MmagnB	AGC	S	A	0.0	0.986119125363	0.25	0.105263157895	0.684210526316	0.115853658537	0.103658536585	2101.0	0.712296983759	11.0	0.0
MmagnB	TCA	S	A	0.0	0.986119125363	0.4	0.109090909091	0.672727272727	0.335365853659	0.103658536585	2101.0	0.917979254706	28.0	0.0
MmagnA	TCT	S	A	0.0	0.968121896683	0.3	0.0975609756098	0.853658536585	0.25	0.103658536585	2101.0	1.14022140221	29.0	0.0
MmagnA	AGT	S	A	0.0	0.968121896683	0.4	0.108695652174	0.826086956522	0.280487804878	0.103658536585	2101.0	1.21032649962	9.0	0.0
MmagnA	AGC	S	A	0.0	0.968121896683	0.25	0.117647058824	0.705882352941	0.103658536585	0.103658536585	2101.0	0.764590163934	11.0	0.0
MmagnA	TCA	S	A	0.0	0.968121896683	0.4	0.109090909091	0.672727272727	0.335365853659	0.103658536585	2101.0	0.917979254706	28.0	0.0
CparaA	TCT	S	A	0.0	0.793103376844	0.125	0.02	0.94	0.409836065574	0.00819672131148	1659.0	0.910486537553	29.0	0.0
CcoryA	TCG	S	A	0.0	0.0344852145122	1.0	1.0	0.0	0.0062893081761	0.0314465408805	2101.0	2.30392156863	30.0	0.0
CcoryA	TCT	S	A	0.0	0.0344852145122	0.2	0.0487804878049	0.878048780488	0.25786163522	0.0314465408805	2101.0	0.973493303571	29.0	0.0
CcoryA	AGT	S	A	0.0	0.0344852145122	0.2	0.0363636363636	0.890909090909	0.345911949686	0.0314465408805	2101.0	1.05045773898	9.0	0.0
CparaC	TCT	S	A	0.0	0.280246665532	0.222222222222	0.0338983050847	0.915254237288	0.36875	0.0125	2101.0	0.943217054264	29.0	0.0
CparaB	TCT	S	A	0.0	0.280246665532	0.222222222222	0.0338983050847	0.915254237288	0.36875	0.0125	2101.0	0.943217054264	29.0	0.0
CparaE	TCT	S	A	0.0	0.280246665532	0.222222222222	0.0338983050847	0.915254237288	0.36875	0.0125	2101.0	0.943217054264	29.0	0.0
CparaD	TCT	S	A	0.0	0.280246665532	0.222222222222	0.0338983050847	0.915254237288	0.36875	0.0125	2101.0	0.943217054264	29.0	0.0
CparaF	TCT	S	A	0.0	0.280246665532	0.222222222222	0.0338983050847	0.915254237288	0.36875	0.0125	2101.0	0.943217054264	29.0	0.0
MtetrA	TCG	S	A	0.0	0.871718106628	0.111111111111	0.0625	0.875	0.100628930818	0.106918238994	2100.0	1.03207236842	30.0	0.0
MtetrA	TCT	S	A	0.0	0.871718106628	0.25	0.0740740740741	0.814814814815	0.169811320755	0.106918238994	2100.0	0.953405017921	29.0	0.0
MtetrA	AGT	S	A	0.0	0.871718106628	0.333333333333	0.137931034483	0.793103448276	0.182389937107	0.106918238994	2100.0	1.27184087363	9.0	0.0
MtetrA	AGC	S	A	0.0	0.871718106628	0.2	0.0909090909091	0.818181818182	0.207547169811	0.106918238994	2100.0	1.01420454545	11.0	0.0
MtetrA	TCC	S	A	0.0	0.871718106628	0.125	0.0588235294118	0.647058823529	0.106918238994	0.106918238994	2100.0	0.554952510176	31.0	0.0
MtetrA	TCA	S	A	0.0	0.871718106628	0.375	0.162162162162	0.72972972973	0.232704402516	0.106918238994	2100.0	1.21561544874	28.0	0.0
CsaraA	AGT	S	A	0.0	0.406898508074	0.222222222222	0.05	0.85	0.375	0.04375	2101.0	1.02570093458	9.0	0.0
CsaraA	TCA	S	A	0.0	0.406898508074	0.3	0.0833333333333	0.875	0.3	0.04375	2101.0	1.23327264452	28.0	0.0
CsuavA	TCT	S	A	0.0	0.961073335944	0.222222222222	0.0540540540541	0.891891891892	0.23125	0.05625	2101.0	1.00635727908	29.0	0.0
CsuavA	AGT	S	A	0.0	0.961073335944	0.222222222222	0.0526315789474	0.815789473684	0.2375	0.05625	2101.0	0.985016286645	9.0	0.0
CsuavA	TCA	S	A	0.0	0.961073335944	0.4	0.0625	0.85	0.5	0.05625	2101.0	1.06845932227	28.0	0.0
PkluyA	AGT	S	A	0.0	0.92454329858	0.2	0.0833333333333	0.777777777778	0.233766233766	0.0909090909091	2101.0	0.906961178046	9.0	0.0
PkluyA	TCA	S	A	0.0	0.92454329858	0.333333333333	0.0973451327434	0.796460176991	0.733766233766	0.0909090909091	2101.0	1.03997166565	28.0	0.0
PcanaA	TCT	S	A	0.0	0.40742867194	0.125	0.0606060606061	0.848484848485	0.211538461538	0.0448717948718	2101.0	0.93736422882	29.0	0.0
PcanaA	AGT	S	A	0.0	0.40742867194	0.3	0.0714285714286	0.809523809524	0.269230769231	0.0448717948718	2101.0	1.14754098361	9.0	0.0
PcanaA	TCA	S	A	0.0	0.40742867194	0.2	0.025	0.875	0.512820512821	0.0448717948718	2101.0	0.961649089166	28.0	0.0
YlipoB	TCT	S	A	0.0	0.941198343102	0.5	0.1	0.75	0.27397260274	0.0958904109589	2100.0	0.961408882083	29.0	0.0
YlipoB	AGT	S	A	0.0	0.941198343102	0.272727272727	0.114285714286	0.8	0.239726027397	0.0958904109589	2100.0	1.07582608696	9.0	0.0
YlipoB	TCA	S	A	0.0	0.941198343102	0.4	0.0909090909091	0.772727272727	0.452054794521	0.0958904109589	2100.0	1.09237414853	28.0	0.0
YlipoA	TCT	S	A	0.0	0.941198343102	0.5	0.1	0.75	0.27397260274	0.0958904109589	2100.0	0.961408882083	29.0	0.0
YlipoA	AGT	S	A	0.0	0.941198343102	0.272727272727	0.114285714286	0.8	0.239726027397	0.0958904109589	2100.0	1.07582608696	9.0	0.0
YlipoA	TCA	S	A	0.0	0.941198343102	0.4	0.0909090909091	0.772727272727	0.452054794521	0.0958904109589	2100.0	1.09237414853	28.0	0.0
CjadiA	TCT	S	A	0.0	0.948209205709	0.111111111111	0.0384615384615	0.884615384615	0.163522012579	0.0566037735849	2100.0	0.881542699725	29.0	0.0
CjadiA	AGT	S	A	0.0	0.948209205709	0.222222222222	0.0526315789474	0.842105263158	0.238993710692	0.0566037735849	2100.0	1.00418006431	9.0	0.0
CjadiA	TCA	S	A	0.0	0.948209205709	0.333333333333	0.063829787234	0.840425531915	0.591194968553	0.0566037735849	2100.0	1.06491063029	28.0	0.0
AgossB	TCT	S	A	0.0	0.257769077134	0.142857142857	0.030303030303	0.939393939394	0.308411214953	0.0654205607477	1456.0	1.03599755949	29.0	0.0
AgossB	TCA	S	A	0.0	0.257769077134	0.5	0.103448275862	0.793103448276	0.542056074766	0.0654205607477	1456.0	1.15368457903	28.0	0.0
NdelpA	TCT	S	A	0.0	0.354216542151	0.4	0.115384615385	0.769230769231	0.254901960784	0.0588235294118	1439.0	1.10550635348	29.0	0.0
NdelpA	TCA	S	A	0.0	0.354216542151	0.428571428571	0.0461538461538	0.923076923077	0.637254901961	0.0588235294118	1439.0	1.07351317242	28.0	0.0
LelonA	TCT	S	A	0.0	0.557992771556	0.111111111111	0.0294117647059	0.911764705882	0.208588957055	0.0184049079755	2101.0	1.06362378976	29.0	0.0
LelonA	TCA	S	A	0.0	0.557992771556	0.181818181818	0.0263157894737	0.894736842105	0.466257668712	0.0184049079755	2101.0	0.964416459218	28.0	0.0
LkluyF	AGT	S	A	0.0	0.383083677864	0.2	0.0666666666667	0.8	0.148514851485	0.029702970297	1456.0	0.818553888131	9.0	0.0
LkluyF	TCA	S	A	0.0	0.383083677864	0.333333333333	0.031746031746	0.936507936508	0.623762376238	0.029702970297	1456.0	1.01924009701	28.0	0.0
CalimA	TCT	S	A	0.0	0.706937265301	0.5	0.121212121212	0.69696969697	0.222972972973	0.0945945945946	2100.0	0.924312745448	29.0	0.0
CalimA	AGT	S	A	0.0	0.706937265301	0.272727272727	0.108108108108	0.837837837838	0.25	0.0945945945946	2100.0	1.09076122316	9.0	0.0
CalimA	TCA	S	A	0.0	0.706937265301	0.5	0.0789473684211	0.776315789474	0.513513513514	0.0945945945946	2100.0	1.04387649579	28.0	0.0
BcaliA	TCT	S	A	0.0	0.522242290129	0.2	0.0606060606061	0.848484848485	0.214285714286	0.0519480519481	2101.0	1.01043916487	29.0	0.0
BcaliA	AGT	S	A	0.0	0.522242290129	0.3	0.0789473684211	0.868421052632	0.246753246753	0.0519480519481	2101.0	1.17624642744	9.0	0.0
BcaliA	TCA	S	A	0.0	0.522242290129	0.2	0.0365853658537	0.878048780488	0.532467532468	0.0519480519481	2101.0	0.945148247978	28.0	0.0
SoctoA	TCT	S	A	0.0	0.236042497465	0.6	0.108108108108	0.702702702703	0.339449541284	0.146788990826	1454.0	1.01382743363	29.0	0.0
SoctoA	AGT	S	A	0.0	0.236042497465	0.666666666667	0.21875	0.46875	0.293577981651	0.146788990826	1454.0	0.919949174079	9.0	0.0
SoctoA	TCA	S	A	0.0	0.236042497465	0.5	0.138888888889	0.611111111111	0.330275229358	0.146788990826	1454.0	0.960811953764	28.0	0.0
LkluyB	TCA	S	A	0.0	0.691176363966	1.0	0.0454545454545	0.909090909091	0.628571428571	0.0285714285714	442.0	1.06534216336	28.0	0.0
CdefoA	TCT	S	A	0.0	0.593775048939	0.555555555556	0.138888888889	0.75	0.243243243243	0.0945945945946	2100.0	1.09399389209	29.0	0.0
CdefoA	AGT	S	A	0.0	0.593775048939	0.272727272727	0.108108108108	0.810810810811	0.25	0.0945945945946	2100.0	1.06849315068	9.0	0.0
CdefoA	TCA	S	A	0.0	0.593775048939	0.3	0.0694444444444	0.777777777778	0.486486486486	0.0945945945946	2100.0	1.02188217292	28.0	0.0
LdasiA	TCT	S	A	0.0	0.69595418826	0.2	0.04	0.84	0.245098039216	0.0392156862745	1456.0	0.90864995958	29.0	0.0
LdasiA	AGT	S	A	0.0	0.69595418826	0.2	0.0666666666667	0.8	0.147058823529	0.0392156862745	1456.0	0.956373551466	9.0	0.0
LdasiA	TCA	S	A	0.0	0.69595418826	0.285714285714	0.0327868852459	0.967213114754	0.598039215686	0.0392156862745	1456.0	1.04285953457	28.0	0.0
CpseuA	TCT	S	A	1.0	0.763483554359	1.0	0.142857142857	0.714285714286	0.35	0.075	442.0	1.19652777778	29.0	0.0
CpseuA	TCA	S	A	1.0	0.763483554359	1.0	0.0769230769231	0.846153846154	0.325	0.075	442.0	1.13826606876	28.0	0.0
LkluyE	AGT	S	A	0.0	0.371343055405	0.2	0.0666666666667	0.8	0.148514851485	0.029702970297	1456.0	0.818553888131	9.0	0.0
LkluyE	TCA	S	A	0.0	0.371343055405	0.333333333333	0.03125	0.9375	0.633663366337	0.029702970297	1456.0	1.01687629358	28.0	0.0
LkluyD	AGT	S	A	0.0	0.442752633612	0.2	0.0666666666667	0.8	0.147058823529	0.0294117647059	1456.0	0.818553888131	9.0	0.0
LkluyD	TCA	S	A	0.0	0.442752633612	0.333333333333	0.0327868852459	0.918032786885	0.598039215686	0.0294117647059	1456.0	1.01872596556	28.0	0.0
LkluyC	AGT	S	A	0.0	0.383083677864	0.2	0.0666666666667	0.8	0.148514851485	0.029702970297	1456.0	0.818553888131	9.0	0.0
LkluyC	TCA	S	A	0.0	0.383083677864	0.333333333333	0.031746031746	0.936507936508	0.623762376238	0.029702970297	1456.0	1.01924009701	28.0	0.0
CvartA	TCT	S	A	0.0	0.434250644224	0.375	0.09375	0.84375	0.2	0.05	2101.0	1.17616580311	29.0	0.0
CvartA	AGT	S	A	0.0	0.434250644224	0.2	0.05	0.825	0.25	0.05	2101.0	1.00091827365	9.0	0.0
CvartA	TCA	S	A	0.0	0.434250644224	0.25	0.0344827586207	0.862068965517	0.54375	0.05	2101.0	0.946883673984	28.0	0.0
LkluyA	AGT	S	A	0.0	0.383083677864	0.2	0.0666666666667	0.8	0.148514851485	0.029702970297	1456.0	0.818553888131	9.0	0.0
LkluyA	TCA	S	A	0.0	0.383083677864	0.333333333333	0.031746031746	0.936507936508	0.623762376238	0.029702970297	1456.0	1.01924009701	28.0	0.0
CorthB	TCT	S	A	0.0	0.318111712647	0.2	0.0344827586207	0.913793103448	0.364779874214	0.0125786163522	2101.0	0.935629035414	29.0	0.0
CorthC	TCT	S	A	0.0	0.306276049745	0.2	0.0333333333333	0.916666666667	0.377358490566	0.0125786163522	2101.0	0.939290457219	29.0	0.0
CorthA	TCT	S	A	0.0	0.316705943602	0.2	0.0338983050847	0.915254237288	0.37106918239	0.0125786163522	2101.0	0.938916634652	29.0	0.0
ClusiA	TCT	S	A	0.0	0.759431156901	0.2	0.046511627907	0.906976744186	0.270440251572	0.0440251572327	2101.0	1.05781938326	29.0	0.0
ClusiA	AGT	S	A	0.0	0.759431156901	0.333333333333	0.063829787234	0.872340425532	0.295597484277	0.0440251572327	2101.0	1.06819300837	9.0	0.0
ClusiA	TCA	S	A	0.0	0.759431156901	0.181818181818	0.0289855072464	0.869565217391	0.433962264151	0.0440251572327	2101.0	0.995930327202	28.0	0.0
MguilA	TCT	S	A	0.0	0.58202005785	0.166666666667	0.06	0.8	0.316455696203	0.0316455696203	2101.0	1.00484429066	29.0	0.0
MguilA	AGT	S	A	0.0	0.58202005785	0.111111111111	0.0222222222222	0.888888888889	0.284810126582	0.0316455696203	2101.0	0.942040185471	9.0	0.0
MguilA	TCA	S	A	0.0	0.58202005785	0.1	0.0175438596491	0.947368421053	0.360759493671	0.0316455696203	2101.0	1.05962113659	28.0	0.0
WmucoA	TCT	S	A	0.0	0.881600373758	0.181818181818	0.04	0.88	0.31847133758	0.0509554140127	2101.0	0.894246447706	29.0	0.0
WmucoA	AGT	S	A	0.0	0.881600373758	0.272727272727	0.0666666666667	0.822222222222	0.286624203822	0.0509554140127	2101.0	1.08020250466	9.0	0.0
WmucoA	TCA	S	A	0.0	0.881600373758	0.333333333333	0.0508474576271	0.847457627119	0.375796178344	0.0509554140127	2101.0	1.03623188406	28.0	0.0
ScereC	TCT	S	A	0.0	0.708830363262	0.4	0.0714285714286	0.892857142857	0.282828282828	0.0505050505051	1456.0	1.03245805981	29.0	0.0
ScereC	TCA	S	A	0.0	0.708830363262	0.285714285714	0.0491803278689	0.901639344262	0.616161616162	0.0505050505051	1456.0	1.01563019621	28.0	0.0
ScereA	TCT	S	A	0.0	0.649084195511	0.4	0.0714285714286	0.892857142857	0.285714285714	0.0408163265306	1456.0	1.03245805981	29.0	0.0
ScereA	TCA	S	A	0.0	0.649084195511	0.285714285714	0.0333333333333	0.916666666667	0.612244897959	0.0408163265306	1456.0	0.978345457621	28.0	0.0
ScereD	TCT	S	A	0.0	0.32972180114	0.4	0.111111111111	0.851851851852	0.272727272727	0.0505050505051	1456.0	1.10419026048	29.0	0.0
ScereD	TCA	S	A	0.0	0.32972180114	0.285714285714	0.0333333333333	0.916666666667	0.606060606061	0.0505050505051	1456.0	0.977634700102	28.0	0.0
ScereE	TCT	S	A	0.0	0.365351891206	0.4	0.107142857143	0.857142857143	0.28	0.05	1456.0	1.09948979592	29.0	0.0
ScereE	TCA	S	A	0.0	0.365351891206	0.285714285714	0.0333333333333	0.916666666667	0.6	0.05	1456.0	0.977634700102	28.0	0.0
DhansA	TCT	S	A	0.0	0.0193394141831	0.333333333333	0.0857142857143	0.857142857143	0.21875	0.03125	2101.0	1.098621421	29.0	0.0
DhansA	AGT	S	A	0.0	0.0193394141831	0.222222222222	0.037037037037	0.87037037037	0.3375	0.03125	2101.0	0.952180324415	9.0	0.0
CsalmA	TCT	S	A	0.0	0.11738200995	0.5	0.210526315789	0.684210526316	0.242038216561	0.12101910828	2098.0	1.37723076923	29.0	0.0
CsalmA	AGT	S	A	0.0	0.11738200995	0.363636363636	0.0789473684211	0.684210526316	0.484076433121	0.12101910828	2098.0	0.839993828113	9.0	0.0
CsalmA	TCC	S	A	0.0	0.11738200995	1.0	1.0	0.0	0.00636942675159	0.12101910828	2098.0	3.953125	31.0	0.0
CsalmA	TCA	S	A	0.0	0.11738200995	0.375	0.105263157895	0.763157894737	0.242038216561	0.12101910828	2098.0	0.975134218706	28.0	0.0
LnothA	TCA	S	A	0.0	0.805920985625	0.285714285714	0.0327868852459	0.950819672131	0.60396039604	0.019801980198	1456.0	1.00667779633	28.0	0.0
BcustA	TCT	S	A	0.0	0.93681576863	0.375	0.136363636364	0.863636363636	0.148648648649	0.114864864865	2101.0	1.19314472252	29.0	0.0
BcustA	AGT	S	A	0.0	0.93681576863	0.2	0.0882352941176	0.764705882353	0.22972972973	0.114864864865	2101.0	0.884629165174	9.0	0.0
BcustA	TCA	S	A	0.0	0.93681576863	0.363636363636	0.123595505618	0.752808988764	0.601351351351	0.114864864865	2101.0	1.14104996837	28.0	0.0
CtheaA	TCT	S	A	0.0	0.195038982526	0.2	0.0408163265306	0.897959183673	0.308176100629	0.0125786163522	2101.0	0.987040037028	29.0	0.0
AgossA	TCT	S	A	0.0	0.211258936917	0.142857142857	0.0294117647059	0.941176470588	0.317757009346	0.0654205607477	1456.0	1.0893226856	29.0	0.0
AgossA	TCA	S	A	0.0	0.211258936917	0.5	0.105263157895	0.789473684211	0.532710280374	0.0654205607477	1456.0	1.12370766488	28.0	0.0
MingeA	TCT	S	A	0.0	0.776487148254	0.5	0.142857142857	0.714285714286	0.203488372093	0.116279069767	2101.0	1.05861705862	29.0	0.0
MingeA	AGT	S	A	0.0	0.776487148254	0.4	0.0952380952381	0.777777777778	0.366279069767	0.116279069767	2101.0	1.05510241073	9.0	0.0
MingeA	TCA	S	A	0.0	0.776487148254	0.363636363636	0.12676056338	0.732394366197	0.412790697674	0.116279069767	2101.0	1.02877475248	28.0	0.0
ScastA	TCT	S	A	0.0	0.761122700861	0.6	0.125	0.833333333333	0.233009708738	0.0776699029126	1456.0	1.16680814941	29.0	0.0
ScastA	AGT	S	A	0.0	0.761122700861	0.166666666667	0.0625	0.8125	0.155339805825	0.0776699029126	1456.0	0.934531450578	9.0	0.0
ScastA	TCA	S	A	0.0	0.761122700861	0.571428571429	0.0655737704918	0.885245901639	0.592233009709	0.0776699029126	1456.0	1.09486495498	28.0	0.0
CmaltA	TCT	S	A	0.0	0.343482883097	0.0909090909091	0.027027027027	0.918918918919	0.23125	0.0125	2101.0	1.03105781058	29.0	0.0
CmaltA	TCA	S	A	0.0	0.343482883097	0.111111111111	0.0232558139535	0.883720930233	0.26875	0.0125	2101.0	0.80160165332	28.0	0.0
CbohiA	TCT	S	A	0.0	0.514188641363	0.125	0.0333333333333	0.9	0.184049079755	0.0245398773006	2101.0	1.01582400618	29.0	0.0
CbohiA	AGT	S	A	0.0	0.514188641363	0.0909090909091	0.0363636363636	0.8	0.337423312883	0.0245398773006	2101.0	0.822803045894	9.0	0.0
CbohiA	TCA	S	A	0.0	0.514188641363	0.0909090909091	0.0133333333333	0.893333333333	0.460122699387	0.0245398773006	2101.0	0.910250499462	28.0	0.0

### Alignment improvement:
