### Random Forest prediction
genome	codon	ori_aa	rea_aa	fitch	Fisher pval	Gene frac	N. rea	N. used	Cod. count	Sub. count	G. len	codon_lik	id	prediction
LmeyeA	GGT	G	A	0.0	0.758445862548	0.285714285714	0.0253164556962	0.962025316456	0.69298245614	0.0175438596491	1456.0	0.171943371943	41.0	0.0
SpombA	GGT	G	A	0.0	0.553518085938	0.428571428571	0.0666666666667	0.777777777778	0.75	0.0583333333333	1452.0	0.299717034522	41.0	0.0
SpombA	GGA	G	A	0.0	0.553518085938	0.166666666667	0.0344827586207	0.862068965517	0.241666666667	0.0583333333333	1452.0	0.174764068508	40.0	0.0
SpastA	GGT	G	A	0.0	0.807557496184	0.428571428571	0.0348837209302	0.96511627907	0.741379310345	0.0344827586207	1456.0	0.199715370019	41.0	0.0
SpastA	GGA	G	A	0.0	0.807557496184	0.166666666667	0.037037037037	0.925925925926	0.23275862069	0.0344827586207	1456.0	0.237523452158	40.0	0.0
AacerA	GGT	G	A	0.0	0.55	0.5	0.0222222222222	0.977777777778	0.9	0.02	643.0	0.168674698795	41.0	0.0
CmetaD	GGT	G	A	0.0	0.657894618729	0.0833333333333	0.00854700854701	0.991452991453	0.672413793103	0.00574712643678	2101.0	0.099870427589	41.0	0.0
CgigaA	GGT	G	A	0.0	0.319224872522	0.0909090909091	0.0298507462687	0.925373134328	0.432258064516	0.0322580645161	1879.0	0.126548376297	41.0	0.0
CgigaA	GGG	G	A	0.0	0.319224872522	0.125	0.0285714285714	0.942857142857	0.225806451613	0.0322580645161	1879.0	0.226515656229	42.0	0.0
CgigaA	GGA	G	A	0.0	0.319224872522	0.111111111111	0.0222222222222	0.955555555556	0.290322580645	0.0322580645161	1879.0	0.0309671272034	40.0	0.0
CgigaA	GGC	G	A	0.0	0.319224872522	0.25	0.125	0.75	0.0516129032258	0.0322580645161	1879.0	0.379974326059	43.0	0.0
CsantA	GGT	G	A	0.0	0.0329275471517	0.25	0.0285714285714	0.866666666667	0.610465116279	0.046511627907	2073.0	0.135147140478	41.0	0.0
CsantA	GGA	G	A	0.0	0.0329275471517	0.2	0.0606060606061	0.909090909091	0.191860465116	0.046511627907	2073.0	0.30913511636	40.0	0.0
CsantA	GGC	G	A	0.0	0.0329275471517	0.285714285714	0.214285714286	0.714285714286	0.0813953488372	0.046511627907	2073.0	0.711646586345	43.0	0.0
CtropB	GGT	G	A	0.0	0.250269729709	0.272727272727	0.045045045045	0.945945945946	0.616666666667	0.0333333333333	2101.0	0.205362710455	41.0	0.0
CtropB	GGG	G	A	0.0	0.250269729709	0.125	0.0555555555556	0.833333333333	0.1	0.0333333333333	2101.0	0.120207927225	42.0	0.0
CtropA	GGT	G	A	0.0	0.258503093634	0.272727272727	0.045045045045	0.945945945946	0.616666666667	0.0333333333333	2101.0	0.215859488672	41.0	0.0
CtropA	GGG	G	A	0.0	0.258503093634	0.125	0.0526315789474	0.842105263158	0.105555555556	0.0333333333333	2101.0	0.0816077953715	42.0	0.0
WpijpA	GGT	G	A	0.0	0.147956616243	0.333333333333	0.0588235294118	0.882352941176	0.295652173913	0.0173913043478	1456.0	0.375111375111	41.0	0.0
BarxA	GGT	G	A	0.0	0.756097560976	1.0	0.04	0.96	0.581395348837	0.046511627907	442.0	0.401011279658	41.0	0.0
BarxA	GGA	G	A	0.0	0.756097560976	1.0	0.0588235294118	0.882352941176	0.395348837209	0.046511627907	442.0	0.196459166191	40.0	0.0
CoxycA	GGT	G	A	0.0	0.363414585306	1.0	0.0322580645161	0.903225806452	0.720930232558	0.046511627907	442.0	0.230021936697	41.0	0.0
CoxycA	GGA	G	A	0.0	0.363414585306	1.0	0.125	0.875	0.186046511628	0.046511627907	442.0	0.441069258809	40.0	0.0
CsubhA	GGT	G	A	0.0	0.894579775702	0.1	0.0526315789474	0.947368421053	0.217142857143	0.0342857142857	2098.0	0.220802919708	41.0	0.0
CsubhA	GGG	G	A	0.0	0.894579775702	0.2	0.0363636363636	0.945454545455	0.314285714286	0.0342857142857	2098.0	0.206980340181	42.0	0.0
CsubhA	GGA	G	A	0.0	0.894579775702	0.0909090909091	0.03125	0.9375	0.365714285714	0.0342857142857	2098.0	0.105078809107	40.0	0.0
CsubhB	GGT	G	A	0.0	0.894579775702	0.1	0.0526315789474	0.947368421053	0.217142857143	0.0342857142857	2098.0	0.220802919708	41.0	0.0
CsubhB	GGG	G	A	0.0	0.894579775702	0.2	0.0363636363636	0.945454545455	0.314285714286	0.0342857142857	2098.0	0.206980340181	42.0	0.0
CsubhB	GGA	G	A	0.0	0.894579775702	0.0909090909091	0.03125	0.9375	0.365714285714	0.0342857142857	2098.0	0.105078809107	40.0	0.0
OanguA	GGT	G	A	0.0	0.829988343612	0.181818181818	0.0222222222222	0.933333333333	0.545454545455	0.0181818181818	2101.0	0.196096778506	41.0	0.0
OanguA	GGA	G	A	0.0	0.829988343612	0.0833333333333	0.015873015873	0.936507936508	0.381818181818	0.0181818181818	2101.0	0.0625660909411	40.0	0.0
SarboA	GGT	G	A	0.0	0.797431442532	0.428571428571	0.037037037037	0.962962962963	0.692307692308	0.034188034188	1456.0	0.195528609322	41.0	0.0
SarboA	GGA	G	A	0.0	0.797431442532	0.166666666667	0.0285714285714	0.942857142857	0.299145299145	0.034188034188	1456.0	0.23654676259	40.0	0.0
CcastA	GGT	G	A	0.0	0.34620510731	0.285714285714	0.0298507462687	0.970149253731	0.603603603604	0.018018018018	1455.0	0.228475813812	41.0	0.0
KtherA	GGT	G	A	0.0	0.76999043892	0.166666666667	0.0138888888889	0.972222222222	0.626086956522	0.0173913043478	1456.0	0.162613122172	41.0	0.0
KtherA	GGA	G	A	0.0	0.76999043892	0.142857142857	0.0238095238095	0.952380952381	0.365217391304	0.0173913043478	1456.0	0.0922330097087	40.0	0.0
CblacA	GGT	G	A	0.0	0.576813655761	1.0	0.0540540540541	0.891891891892	0.90243902439	0.0487804878049	442.0	0.251509582568	41.0	0.0
CnorvA	GGT	G	A	0.0	0.18686297131	0.333333333333	0.0442477876106	0.884955752212	0.638418079096	0.0282485875706	2101.0	0.235441452724	41.0	0.0
CviswA	GGT	G	A	0.0	0.705167051697	0.181818181818	0.047619047619	0.933333333333	0.593220338983	0.0395480225989	2101.0	0.213837886252	41.0	0.0
CviswA	GGA	G	A	0.0	0.705167051697	0.181818181818	0.031746031746	0.952380952381	0.35593220339	0.0395480225989	2101.0	0.130294906166	40.0	0.0
MstarA	GGT	G	A	0.0	0.865870004003	0.333333333333	0.0423728813559	0.923728813559	0.662921348315	0.0449438202247	2101.0	0.210160965795	41.0	0.0
MstarA	GGA	G	A	0.0	0.865870004003	0.333333333333	0.0508474576271	0.932203389831	0.331460674157	0.0449438202247	2101.0	0.25142962553	40.0	0.0
NbaciA	GGT	G	A	0.0	0.777851251004	0.333333333333	0.0246913580247	0.925925925926	0.716814159292	0.0265486725664	1455.0	0.186690149704	41.0	0.0
NbaciA	GGA	G	A	0.0	0.777851251004	0.166666666667	0.03125	0.9375	0.283185840708	0.0265486725664	1455.0	0.104595879556	40.0	0.0
LstarA	GGT	G	A	0.0	0.187839349478	0.625	0.0631578947368	0.852631578947	0.59375	0.0375	1779.0	0.264641555286	41.0	0.0
MfariA	GGG	G	A	0.0	0.0038590170514	0.25	0.0909090909091	0.909090909091	0.0614525139665	0.0446927374302	2101.0	0.27573964497	42.0	0.0
MfariA	GGA	G	A	0.0	0.0038590170514	0.181818181818	0.0958904109589	0.890410958904	0.40782122905	0.0446927374302	2101.0	0.351317042209	40.0	0.0
MfariB	GGT	G	A	0.0	0.851924875106	0.2	0.0337078651685	0.932584269663	0.505681818182	0.0340909090909	2101.0	0.175872093023	41.0	0.0
MfariB	GGA	G	A	0.0	0.851924875106	0.0833333333333	0.0352941176471	0.952941176471	0.482954545455	0.0340909090909	2101.0	0.141644562334	40.0	0.0
CalaiA	GGT	G	A	0.0	0.114821439597	0.1	0.0168067226891	0.957983193277	0.74375	0.03125	1905.0	0.111480214949	41.0	0.0
CalaiA	GGA	G	A	0.0	0.114821439597	0.2	0.0769230769231	0.897435897436	0.24375	0.03125	1905.0	0.294310396187	40.0	0.0
LanspB	GGT	G	A	0.0	0.389317824444	0.142857142857	0.0135135135135	0.972972972973	0.649122807018	0.0175438596491	1456.0	0.158191313909	41.0	0.0
LanspB	GGA	G	A	0.0	0.389317824444	0.166666666667	0.030303030303	0.939393939394	0.289473684211	0.0175438596491	1456.0	0.0666666666667	40.0	0.0
CphanA	GGT	G	A	0.0	0.824529540307	0.272727272727	0.0283018867925	0.905660377358	0.609195402299	0.0229885057471	2100.0	0.144101346002	41.0	0.0
CphanA	GGA	G	A	0.0	0.824529540307	0.0833333333333	0.0147058823529	0.941176470588	0.390804597701	0.0229885057471	2100.0	0.144197138315	40.0	0.0
LanspA	GGA	G	A	0.0	0.064712373149	0.333333333333	0.0555555555556	0.916666666667	0.310344827586	0.0172413793103	1456.0	0.175587652223	40.0	0.0
CsojaA	GGT	G	A	0.0	0.817907171384	0.25	0.0425531914894	0.946808510638	0.723076923077	0.0384615384615	1435.0	0.198938648719	41.0	0.0
CsojaA	GGA	G	A	0.0	0.817907171384	0.142857142857	0.0294117647059	0.941176470588	0.261538461538	0.0384615384615	1435.0	0.146373056995	40.0	0.0
CglabA	GGT	G	A	0.0	0.818627653031	0.428571428571	0.0422535211268	0.929577464789	0.617391304348	0.0347826086957	1439.0	0.244206008584	41.0	0.0
CglabA	GGA	G	A	0.0	0.818627653031	0.166666666667	0.0227272727273	0.954545454545	0.382608695652	0.0347826086957	1439.0	0.197682502897	40.0	0.0
ScryoA	GGT	G	A	0.0	0.191252260111	0.166666666667	0.027027027027	0.851351351351	0.621848739496	0.0588235294118	1454.0	0.21913282863	41.0	0.0
ScryoA	GGA	G	A	0.0	0.191252260111	0.428571428571	0.125	0.725	0.336134453782	0.0588235294118	1454.0	0.472229267056	40.0	0.0
CneerA	GGT	G	A	0.0	0.316889894867	0.25	0.0526315789474	0.932330827068	0.734806629834	0.0386740331492	2101.0	0.246131361761	41.0	0.0
CsakeA	GGT	G	A	0.0	0.215590796817	0.181818181818	0.0265486725664	0.929203539823	0.642045454545	0.0454545454545	2065.0	0.146885652309	41.0	0.0
CsakeA	GGA	G	A	0.0	0.215590796817	0.2	0.0833333333333	0.916666666667	0.340909090909	0.0454545454545	2065.0	0.330406147091	40.0	0.0
HuvarA	GGT	G	A	0.0	0.496372557351	0.333333333333	0.0394736842105	0.855263157895	0.697247706422	0.045871559633	1397.0	0.243925233645	41.0	0.0
HuvarA	GGA	G	A	0.0	0.496372557351	0.333333333333	0.0625	0.78125	0.293577981651	0.045871559633	1397.0	0.189379398592	40.0	0.0
CjiufA	GGT	G	A	0.0	0.454470187296	0.166666666667	0.0267857142857	0.964285714286	0.64367816092	0.0172413793103	2080.0	0.144514106583	41.0	0.0
KlactA	GGT	G	A	0.0	0.767737848704	0.142857142857	0.0144927536232	0.971014492754	0.6	0.0173913043478	1434.0	0.177147918512	41.0	0.0
KlactA	GGA	G	A	0.0	0.767737848704	0.166666666667	0.0227272727273	0.977272727273	0.382608695652	0.0173913043478	1434.0	0.159537572254	40.0	0.0
CzempA	GGT	G	A	0.0	0.123486654301	0.714285714286	0.0864197530864	0.827160493827	0.692307692308	0.0598290598291	1455.0	0.436994949495	41.0	0.0
CmetaB	GGT	G	A	0.0	0.660818596347	0.0833333333333	0.00862068965517	0.991379310345	0.666666666667	0.00574712643678	2101.0	0.100906344411	41.0	0.0
CmetaC	GGT	G	A	0.0	0.657894618729	0.0833333333333	0.00854700854701	0.991452991453	0.672413793103	0.00574712643678	2101.0	0.099870427589	41.0	0.0
CmetaA	GGT	G	A	0.0	0.657894618729	0.0833333333333	0.00854700854701	0.991452991453	0.672413793103	0.00574712643678	2101.0	0.099870427589	41.0	0.0
CmetaF	GGT	G	A	0.0	0.657894618729	0.0833333333333	0.00854700854701	0.991452991453	0.672413793103	0.00574712643678	2101.0	0.099870427589	41.0	0.0
CfrijA	GGT	G	A	0.0	0.869385533046	0.25	0.0441176470588	0.948529411765	0.755555555556	0.0444444444444	2101.0	0.219902871262	41.0	0.0
CfrijA	GGA	G	A	0.0	0.869385533046	0.2	0.05	0.925	0.222222222222	0.0444444444444	2101.0	0.175923315478	40.0	0.0
CgallA	GGT	G	A	0.0	0.510400550314	0.181818181818	0.0192307692308	0.923076923077	0.597701149425	0.0229885057471	2101.0	0.119409919851	41.0	0.0
CgallA	GGA	G	A	0.0	0.510400550314	0.0833333333333	0.0298507462687	0.910447761194	0.385057471264	0.0229885057471	2101.0	0.176168299342	40.0	0.0
CmetaE	GGT	G	A	0.0	0.657894618729	0.0833333333333	0.00854700854701	0.991452991453	0.672413793103	0.00574712643678	2101.0	0.099870427589	41.0	0.0
PpastA	GGT	G	A	0.0	0.833934376578	0.166666666667	0.025641025641	0.935897435897	0.450867052023	0.0231213872832	2101.0	0.133914906642	41.0	0.0
PpastA	GGA	G	A	0.0	0.833934376578	0.2	0.0222222222222	0.944444444444	0.520231213873	0.0231213872832	2101.0	0.205853051059	40.0	0.0
SjapoA	GGT	G	A	0.0	0.829499095258	0.571428571429	0.0595238095238	0.857142857143	0.792452830189	0.0471698113208	1450.0	0.297294017716	41.0	0.0
CalbiE	GGT	G	A	0.0	0.485658407527	0.4	0.0588235294118	0.926470588235	0.715789473684	0.0421052631579	1101.0	0.213778829095	41.0	0.0
CtetrA	GGT	G	A	0.0	0.912407221915	0.272727272727	0.0579710144928	0.927536231884	0.766666666667	0.05	2101.0	0.241236240474	41.0	0.0
CtetrA	GGA	G	A	0.0	0.912407221915	0.125	0.0344827586207	0.896551724138	0.161111111111	0.05	2101.0	0.106484893147	40.0	0.0
MmagnB	GGT	G	A	0.0	0.736591127644	0.2	0.0606060606061	0.878787878788	0.182320441989	0.0441988950276	2101.0	0.295764536971	41.0	0.0
MmagnB	GGG	G	A	0.0	0.736591127644	0.2	0.047619047619	0.928571428571	0.232044198895	0.0441988950276	2101.0	0.282366725249	42.0	0.0
MmagnB	GGA	G	A	0.0	0.736591127644	0.333333333333	0.0377358490566	0.933962264151	0.585635359116	0.0441988950276	2101.0	0.187988178172	40.0	0.0
MmagnA	GGT	G	A	0.0	0.391084075147	0.2	0.0571428571429	0.885714285714	0.193370165746	0.0441988950276	2101.0	0.32904100305	41.0	0.0
MmagnA	GGG	G	A	0.0	0.391084075147	0.3	0.0769230769231	0.897435897436	0.21546961326	0.0441988950276	2101.0	0.274721780604	42.0	0.0
MmagnA	GGA	G	A	0.0	0.391084075147	0.25	0.0280373831776	0.943925233645	0.591160220994	0.0441988950276	2101.0	0.181039883065	40.0	0.0
CparaA	GGT	G	A	0.0	0.609848350147	0.1	0.00970873786408	0.990291262136	0.780303030303	0.00757575757576	1659.0	0.0648235294118	41.0	0.0
CcoryA	GGT	G	A	0.0	0.85014395655	0.181818181818	0.0381679389313	0.93893129771	0.744318181818	0.0340909090909	2101.0	0.171827995045	41.0	0.0
CcoryA	GGA	G	A	0.0	0.85014395655	0.1	0.0263157894737	0.921052631579	0.215909090909	0.0340909090909	2101.0	0.146508172363	40.0	0.0
CparaC	GGT	G	A	0.0	0.785345643124	0.181818181818	0.0227272727273	0.962121212121	0.754285714286	0.0171428571429	2101.0	0.1312032039	41.0	0.0
CparaB	GGT	G	A	0.0	0.785345643124	0.181818181818	0.0227272727273	0.962121212121	0.754285714286	0.0171428571429	2101.0	0.1312032039	41.0	0.0
CparaE	GGT	G	A	0.0	0.785345643124	0.181818181818	0.0227272727273	0.962121212121	0.754285714286	0.0171428571429	2101.0	0.1312032039	41.0	0.0
CparaD	GGT	G	A	0.0	0.785345643124	0.181818181818	0.0227272727273	0.962121212121	0.754285714286	0.0171428571429	2101.0	0.1312032039	41.0	0.0
CparaF	GGT	G	A	0.0	0.785345643124	0.181818181818	0.0227272727273	0.962121212121	0.754285714286	0.0171428571429	2101.0	0.1312032039	41.0	0.0
MtetrA	GGG	G	A	0.0	0.510138385799	0.181818181818	0.0350877192982	0.929824561404	0.320224719101	0.0449438202247	2100.0	0.186020544886	42.0	0.0
MtetrA	GGA	G	A	0.0	0.510138385799	0.333333333333	0.0652173913043	0.891304347826	0.516853932584	0.0449438202247	2100.0	0.274399038462	40.0	0.0
CsaraA	GGT	G	A	0.0	0.7499994284	0.2	0.0531914893617	0.925531914894	0.525139664804	0.0391061452514	2101.0	0.216041561075	41.0	0.0
CsaraA	GGA	G	A	0.0	0.7499994284	0.166666666667	0.0277777777778	0.958333333333	0.402234636872	0.0391061452514	2101.0	0.191048034934	40.0	0.0
CsuavA	GGT	G	A	0.0	0.845957471199	0.2	0.0298507462687	0.940298507463	0.396449704142	0.0236686390533	2101.0	0.2	41.0	0.0
CsuavA	GGA	G	A	0.0	0.845957471199	0.0909090909091	0.0208333333333	0.927083333333	0.568047337278	0.0236686390533	2101.0	0.136286613411	40.0	0.0
PkluyA	GGT	G	A	0.0	0.866879921346	0.111111111111	0.0263157894737	0.947368421053	0.211111111111	0.0388888888889	2101.0	0.208516886931	41.0	0.0
PkluyA	GGA	G	A	0.0	0.866879921346	0.416666666667	0.0441176470588	0.889705882353	0.755555555556	0.0388888888889	2101.0	0.211410540679	40.0	0.0
PcanaA	GGT	G	A	0.0	0.192933001451	0.25	0.0412371134021	0.907216494845	0.563953488372	0.0232558139535	2101.0	0.181922342457	41.0	0.0
YlipoB	GGT	G	A	0.0	0.483240083411	0.166666666667	0.0178571428571	0.919642857143	0.64	0.0228571428571	2100.0	0.139993533786	41.0	0.0
YlipoB	GGA	G	A	0.0	0.483240083411	0.0909090909091	0.0327868852459	0.918032786885	0.348571428571	0.0228571428571	2100.0	0.141072358147	40.0	0.0
YlipoA	GGT	G	A	0.0	0.784403137695	0.166666666667	0.0178571428571	0.919642857143	0.64367816092	0.0172413793103	2100.0	0.139993533786	41.0	0.0
YlipoA	GGA	G	A	0.0	0.784403137695	0.0909090909091	0.0166666666667	0.933333333333	0.344827586207	0.0172413793103	2100.0	0.100883392226	40.0	0.0
CjadiA	GGT	G	A	0.0	0.483616286007	0.181818181818	0.031746031746	0.952380952381	0.375	0.0238095238095	2100.0	0.165001849797	41.0	0.0
CjadiA	GGA	G	A	0.0	0.483616286007	0.166666666667	0.0192307692308	0.923076923077	0.619047619048	0.0238095238095	2100.0	0.145888302551	40.0	0.0
AgossB	GGT	G	A	0.0	0.704783625368	0.714285714286	0.0490196078431	0.941176470588	0.902654867257	0.0442477876106	1456.0	0.219409704852	41.0	0.0
NdelpA	GGT	G	A	0.0	0.787071594411	0.5	0.0357142857143	0.928571428571	0.717948717949	0.034188034188	1439.0	0.224792985874	41.0	0.0
NdelpA	GGA	G	A	0.0	0.787071594411	0.142857142857	0.03125	0.9375	0.273504273504	0.034188034188	1439.0	0.278143618689	40.0	0.0
LelonA	GGT	G	A	0.0	0.143114421401	0.0833333333333	0.00840336134454	0.983193277311	0.683908045977	0.0172413793103	2101.0	0.0815924320063	41.0	0.0
LelonA	GGA	G	A	0.0	0.143114421401	0.2	0.037037037037	0.944444444444	0.310344827586	0.0172413793103	2101.0	0.164358073186	40.0	0.0
LkluyF	GGA	G	A	0.0	0.154867209279	0.166666666667	0.0322580645161	0.967741935484	0.269565217391	0.00869565217391	1456.0	0.136558078315	40.0	0.0
CalimA	GGT	G	A	0.0	0.123612616818	0.0909090909091	0.00917431192661	0.935779816514	0.622857142857	0.0228571428571	2100.0	0.105396755325	41.0	0.0
CalimA	GGA	G	A	0.0	0.123612616818	0.181818181818	0.046875	0.890625	0.365714285714	0.0228571428571	2100.0	0.173520561685	40.0	0.0
BcaliA	GGT	G	A	0.0	0.840030064469	0.181818181818	0.025	0.9125	0.454545454545	0.0284090909091	2101.0	0.127292852625	41.0	0.0
BcaliA	GGA	G	A	0.0	0.840030064469	0.25	0.031914893617	0.925531914894	0.534090909091	0.0284090909091	2101.0	0.229193047082	40.0	0.0
SoctoA	GGT	G	A	0.0	0.72890100673	0.428571428571	0.056338028169	0.845070422535	0.596638655462	0.0588235294118	1454.0	0.335917312661	41.0	0.0
SoctoA	GGA	G	A	0.0	0.72890100673	0.333333333333	0.075	0.75	0.336134453782	0.0588235294118	1454.0	0.230866700456	40.0	0.0
CdefoA	GGT	G	A	0.0	0.80850047402	0.25	0.0258620689655	0.913793103448	0.666666666667	0.0229885057471	2100.0	0.146029123206	41.0	0.0
CdefoA	GGA	G	A	0.0	0.80850047402	0.1	0.0178571428571	0.928571428571	0.32183908046	0.0229885057471	2100.0	0.1436944602	40.0	0.0
LdasiA	GGT	G	A	0.0	0.357142785215	0.142857142857	0.0133333333333	0.973333333333	0.657894736842	0.0175438596491	1456.0	0.161075648513	41.0	0.0
LdasiA	GGA	G	A	0.0	0.357142785215	0.166666666667	0.0277777777778	0.944444444444	0.315789473684	0.0175438596491	1456.0	0.11315417256	40.0	0.0
CpseuA	GGT	G	A	1.0	0.480487746774	1.0	0.08	0.88	0.555555555556	0.0444444444444	442.0	0.28749028749	41.0	0.0
LkluyE	GGA	G	A	0.0	0.150442428991	0.166666666667	0.03125	0.96875	0.278260869565	0.00869565217391	1456.0	0.131142310147	40.0	0.0
LkluyD	GGA	G	A	0.0	0.154867209279	0.166666666667	0.0322580645161	0.967741935484	0.269565217391	0.00869565217391	1456.0	0.146486308149	40.0	0.0
LkluyC	GGA	G	A	0.0	0.154867209279	0.166666666667	0.0322580645161	0.967741935484	0.269565217391	0.00869565217391	1456.0	0.136558078315	40.0	0.0
CvartA	GGT	G	A	0.0	0.824008183194	0.181818181818	0.0263157894737	0.907894736842	0.449704142012	0.0236686390533	2101.0	0.208582206853	41.0	0.0
CvartA	GGA	G	A	0.0	0.824008183194	0.0833333333333	0.021978021978	0.956043956044	0.538461538462	0.0236686390533	2101.0	0.139431943932	40.0	0.0
LkluyA	GGA	G	A	0.0	0.154867209279	0.166666666667	0.0322580645161	0.967741935484	0.269565217391	0.00869565217391	1456.0	0.136558078315	40.0	0.0
CorthB	GGT	G	A	0.0	0.392975191956	0.166666666667	0.0241935483871	0.975806451613	0.708571428571	0.0171428571429	2101.0	0.14136076248	41.0	0.0
CorthC	GGT	G	A	0.0	0.392975191956	0.166666666667	0.0241935483871	0.975806451613	0.708571428571	0.0171428571429	2101.0	0.14207753105	41.0	0.0
CorthA	GGT	G	A	0.0	0.418754584141	0.166666666667	0.024	0.976	0.714285714286	0.0171428571429	2101.0	0.126442172404	41.0	0.0
ClusiA	GGT	G	A	0.0	0.437160590064	0.0909090909091	0.00884955752212	0.938053097345	0.642045454545	0.0170454545455	2101.0	0.0568429803596	41.0	0.0
ClusiA	GGA	G	A	0.0	0.437160590064	0.0909090909091	0.0322580645161	0.967741935484	0.352272727273	0.0170454545455	2101.0	0.168309732927	40.0	0.0
MguilA	GGT	G	A	0.0	0.466829873923	0.166666666667	0.031746031746	0.952380952381	0.696132596685	0.0386740331492	2101.0	0.168746559002	41.0	0.0
MguilA	GGA	G	A	0.0	0.466829873923	0.111111111111	0.0625	0.875	0.265193370166	0.0386740331492	2101.0	0.185342789598	40.0	0.0
WmucoA	GGT	G	A	0.0	0.451451542474	0.2	0.0240963855422	0.927710843373	0.485380116959	0.0175438596491	2101.0	0.201822916667	41.0	0.0
WmucoA	GGA	G	A	0.0	0.451451542474	0.0909090909091	0.0116279069767	0.941860465116	0.502923976608	0.0175438596491	2101.0	0.0835164835165	40.0	0.0
ScereC	GGT	G	A	0.0	0.241531052081	0.428571428571	0.0361445783133	0.963855421687	0.709401709402	0.042735042735	1456.0	0.176680620537	41.0	0.0
ScereC	GGG	G	A	0.0	0.241531052081	0.333333333333	0.2	0.8	0.042735042735	0.042735042735	1456.0	0.851106639839	42.0	0.0
ScereC	GGA	G	A	0.0	0.241531052081	0.166666666667	0.0344827586207	0.931034482759	0.247863247863	0.042735042735	1456.0	0.29207232267	40.0	0.0
ScereA	GGT	G	A	0.0	0.252459330032	0.428571428571	0.0352941176471	0.964705882353	0.720338983051	0.0423728813559	1456.0	0.179884643115	41.0	0.0
ScereA	GGG	G	A	0.0	0.252459330032	0.333333333333	0.166666666667	0.833333333333	0.0508474576271	0.0423728813559	1456.0	0.714527027027	42.0	0.0
ScereA	GGA	G	A	0.0	0.252459330032	0.166666666667	0.037037037037	0.925925925926	0.228813559322	0.0423728813559	1456.0	0.312289876728	40.0	0.0
ScereD	GGT	G	A	0.0	0.0991355754019	0.428571428571	0.0365853658537	0.963414634146	0.706896551724	0.0344827586207	1456.0	0.18578553616	41.0	0.0
ScereD	GGG	G	A	0.0	0.0991355754019	0.5	0.25	0.75	0.0344827586207	0.0344827586207	1456.0	1.04444444444	42.0	0.0
ScereE	GGT	G	A	0.0	0.144216389503	0.428571428571	0.0357142857143	0.964285714286	0.724137931034	0.0344827586207	1456.0	0.181309321003	41.0	0.0
ScereE	GGG	G	A	0.0	0.144216389503	0.5	0.25	0.75	0.0344827586207	0.0344827586207	1456.0	1.04444444444	42.0	0.0
DhansA	GGT	G	A	0.0	0.276677628438	0.166666666667	0.0227272727273	0.920454545455	0.483516483516	0.0494505494505	2101.0	0.111231101512	41.0	0.0
DhansA	GGA	G	A	0.0	0.276677628438	0.0909090909091	0.0786516853933	0.887640449438	0.489010989011	0.0494505494505	2101.0	0.262346062943	40.0	0.0
CsalmA	GGT	G	A	0.0	0.290868379651	0.363636363636	0.0396825396825	0.873015873016	0.728323699422	0.028901734104	2098.0	0.257404466038	41.0	0.0
LnothA	GGT	G	A	0.0	0.336389886407	0.142857142857	0.0131578947368	0.973684210526	0.666666666667	0.0175438596491	1456.0	0.174110724793	41.0	0.0
LnothA	GGA	G	A	0.0	0.336389886407	0.166666666667	0.027027027027	0.945945945946	0.324561403509	0.0175438596491	1456.0	0.0854936569222	40.0	0.0
BcustA	GGT	G	A	0.0	0.775214766054	0.25	0.0666666666667	0.916666666667	0.335195530726	0.0502793296089	2101.0	0.294949494949	41.0	0.0
BcustA	GGA	G	A	0.0	0.775214766054	0.4	0.045871559633	0.880733944954	0.608938547486	0.0502793296089	2101.0	0.270984933894	40.0	0.0
CtheaA	GGT	G	A	0.0	0.770553756352	0.166666666667	0.0172413793103	0.98275862069	0.666666666667	0.0114942528736	2101.0	0.1271525831	41.0	0.0
AgossA	GGT	G	A	0.0	0.673727831698	0.714285714286	0.0480769230769	0.942307692308	0.920353982301	0.0442477876106	1456.0	0.21468483482	41.0	0.0
MingeA	GGT	G	A	0.0	0.641399239181	0.25	0.0344827586207	0.931034482759	0.488764044944	0.0449438202247	2101.0	0.176048565121	41.0	0.0
MingeA	GGA	G	A	0.0	0.641399239181	0.3	0.0561797752809	0.921348314607	0.5	0.0449438202247	2101.0	0.262702295822	40.0	0.0
ScastA	GGT	G	A	0.0	0.32488731682	0.142857142857	0.0126582278481	0.962025316456	0.686956521739	0.0173913043478	1456.0	0.166559319851	41.0	0.0
ScastA	GGA	G	A	0.0	0.32488731682	0.166666666667	0.0294117647059	0.941176470588	0.295652173913	0.0173913043478	1456.0	0.224143070045	40.0	0.0
CmaltA	GGT	G	A	0.0	0.748950808393	0.0833333333333	0.0111111111111	0.977777777778	0.51724137931	0.0114942528736	2101.0	0.0691256125871	41.0	0.0
CmaltA	GGA	G	A	0.0	0.748950808393	0.0909090909091	0.0119047619048	0.964285714286	0.48275862069	0.0114942528736	2101.0	0.114729527184	40.0	0.0
CbohiA	GGT	G	A	0.0	0.227512224839	0.181818181818	0.0153846153846	0.961538461538	0.747126436782	0.0229885057471	2101.0	0.117320437041	41.0	0.0
CbohiA	GGA	G	A	0.0	0.227512224839	0.125	0.0512820512821	0.897435897436	0.224137931034	0.0229885057471	2101.0	0.184463194646	40.0	0.0

### Alignment improvement:
