### Random Forest prediction
genome	codon	ori_aa	rea_aa	fitch	Fisher_pval	Gene_frac	N._rea	N._used	Cod._count	Sub._count	G._len	codon_lik	id	prediction	probability
CsantA	GGT	G	F	0.0	0.817695511124	0.153846153846	0.018691588785	0.869158878505	0.607954545455	0.0113636363636	2220.0	-2.62361510053	41.0	0.0	0.0
CtropB	GGG	G	F	0.0	0.0483870819246	0.125	0.0555555555556	0.833333333333	0.0927835051546	0.00515463917526	2250.0	-2.37070524412	42.0	0.0	0.0
CtropA	GGG	G	F	0.0	0.0510752530395	0.125	0.0526315789474	0.842105263158	0.0979381443299	0.00515463917526	2250.0	-2.40192198982	42.0	0.0	0.0
BarxA	GGA	G	F	0.0	0.210526315789	1.0	0.0588235294118	0.882352941176	0.414634146341	0.0243902439024	434.0	-2.41069518717	40.0	0.0	0.092
CoxycA	GGT	G	F	0.0	0.637499874845	1.0	0.0322580645161	0.903225806452	0.720930232558	0.0232558139535	434.0	-2.7411971831	41.0	0.0	0.091
CsubhA	GGA	G	F	0.0	0.80397720505	0.0833333333333	0.0138888888889	0.944444444444	0.385026737968	0.00534759358289	2244.0	-2.83835820896	40.0	0.0	0.0
CsubhB	GGA	G	F	0.0	0.80397720505	0.0833333333333	0.0138888888889	0.944444444444	0.385026737968	0.00534759358289	2244.0	-2.83835820896	40.0	0.0	0.0
OanguA	GGT	G	F	0.0	0.731481388774	0.0833333333333	0.0106382978723	0.914893617021	0.543352601156	0.00578034682081	2248.0	-2.83249279539	41.0	0.0	0.0
CalaiA	GGT	G	F	0.0	0.616564284795	0.0909090909091	0.00769230769231	0.953846153846	0.760233918129	0.00584795321637	2056.0	-2.83493833418	41.0	0.0	0.0
CblacA	GGT	G	F	1.0	0.540540540541	1.0	0.027027027027	0.891891891892	0.90243902439	0.0243902439024	434.0	-2.76647000983	41.0	0.0	0.097
CviswA	GGT	G	F	0.0	0.706043854554	0.0833333333333	0.00884955752212	0.938053097345	0.591623036649	0.00523560209424	2249.0	-2.79479430688	41.0	0.0	0.0
CtetrA	GGA	G	F	0.0	0.165745829649	0.125	0.0333333333333	0.9	0.155440414508	0.00518134715026	2249.0	-2.6813002681	40.0	0.0	0.0
CbohiA	GGA	G	F	0.0	0.134078175643	0.111111111111	0.0243902439024	0.90243902439	0.218085106383	0.00531914893617	2250.0	-2.76352757544	40.0	0.0	0.0
MfariA	GGA	G	F	0.0	0.255617910611	0.0833333333333	0.0131578947368	0.894736842105	0.397905759162	0.00523560209424	2248.0	-2.78747682214	40.0	0.0	0.0
CsakeA	GGT	G	F	0.0	0.672316271046	0.0833333333333	0.00819672131148	0.94262295082	0.648936170213	0.00531914893617	2207.0	-2.82723174031	41.0	0.0	0.0
CjiufA	GGA	G	F	0.0	0.195054887196	0.0833333333333	0.0161290322581	0.967741935484	0.331550802139	0.00534759358289	2231.0	-2.77497425335	40.0	0.0	0.0
CmetaB	GGA	G	F	0.0	0.184782561786	0.111111111111	0.0192307692308	0.942307692308	0.27807486631	0.00534759358289	2250.0	-2.7182320442	40.0	0.0	0.0
CmetaC	GGA	G	F	0.0	0.179347779177	0.111111111111	0.0192307692308	0.942307692308	0.27807486631	0.00534759358289	2250.0	-2.7182320442	40.0	0.0	0.0
CmetaA	GGA	G	F	0.0	0.179347779177	0.111111111111	0.0192307692308	0.942307692308	0.27807486631	0.00534759358289	2250.0	-2.7182320442	40.0	0.0	0.0
CmetaF	GGA	G	F	0.0	0.179347779177	0.111111111111	0.0192307692308	0.942307692308	0.27807486631	0.00534759358289	2250.0	-2.7182320442	40.0	0.0	0.0
CmetaD	GGA	G	F	0.0	0.179347779177	0.111111111111	0.0192307692308	0.942307692308	0.27807486631	0.00534759358289	2250.0	-2.7182320442	40.0	0.0	0.0
CmetaE	GGA	G	F	0.0	0.179347779177	0.111111111111	0.0192307692308	0.942307692308	0.27807486631	0.00534759358289	2250.0	-2.7182320442	40.0	0.0	0.0
CalbiE	GGA	G	F	0.0	0.164999953391	0.166666666667	0.0357142857143	0.928571428571	0.264150943396	0.00943396226415	1183.0	-2.66181288679	40.0	0.0	0.0
CalbiD	GGA	G	F	0.0	0.154970724901	0.1	0.0277777777778	0.944444444444	0.203389830508	0.00564971751412	2058.0	-2.69344608879	40.0	0.0	0.0
CalbiC	GGA	G	F	0.0	0.166666623974	0.0909090909091	0.0212765957447	0.957446808511	0.244791666667	0.00520833333333	2250.0	-2.7546569741	40.0	0.0	0.0
CalbiB	GGA	G	F	0.0	0.166666623974	0.0909090909091	0.0212765957447	0.957446808511	0.244791666667	0.00520833333333	2250.0	-2.7546569741	40.0	0.0	0.0
CalbiA	GGA	G	F	0.0	0.160818674079	0.1	0.025	0.95	0.225988700565	0.00564971751412	2058.0	-2.71428571429	40.0	0.0	0.0
CcoryA	GGT	G	F	0.0	0.631284788901	0.0833333333333	0.00724637681159	0.949275362319	0.730158730159	0.00529100529101	2250.0	-2.82473817836	41.0	0.0	0.0
CparaC	GGT	G	F	0.0	0.622282478287	0.0833333333333	0.00699300699301	0.965034965035	0.756613756614	0.00529100529101	2250.0	-2.83302975106	41.0	0.0	0.0
CparaB	GGT	G	F	0.0	0.620218448114	0.0833333333333	0.00699300699301	0.965034965035	0.760638297872	0.00531914893617	2250.0	-2.83282743967	41.0	0.0	0.0
CparaE	GGT	G	F	0.0	0.622282478287	0.0833333333333	0.00699300699301	0.965034965035	0.756613756614	0.00529100529101	2250.0	-2.83302975106	41.0	0.0	0.0
CparaD	GGT	G	F	0.0	0.620218448114	0.0833333333333	0.00699300699301	0.965034965035	0.760638297872	0.00531914893617	2250.0	-2.83282743967	41.0	0.0	0.0
CparaF	GGT	G	F	0.0	0.622282478287	0.0833333333333	0.00699300699301	0.965034965035	0.756613756614	0.00529100529101	2250.0	-2.83302975106	41.0	0.0	0.0
CsaraA	GGC	G	F	0.0	0.00273223949384	1.0	1.0	0.0	0.00518134715026	0.00518134715026	2249.0	1.95454545455	43.0	0.0	0.31
PkluyA	GGA	G	F	0.0	0.627218806207	0.0769230769231	0.00699300699301	0.874125874126	0.760638297872	0.00531914893617	2247.0	-2.76258331418	40.0	0.0	0.0
LelonA	GGA	G	F	0.0	0.153005413542	0.0909090909091	0.0178571428571	0.946428571429	0.299465240642	0.00534759358289	2249.0	-2.76128065905	40.0	0.0	0.0
CpseuA	GGA	G	F	0.0	0.287499943896	1.0	0.0666666666667	0.8	0.333333333333	0.0222222222222	434.0	-2.58727272727	40.0	0.0	0.092
CchauA	GGA	G	F	0.0	0.227528021031	0.0909090909091	0.0133333333333	0.933333333333	0.396825396825	0.00529100529101	2250.0	-2.79666618767	40.0	0.0	0.0
CbuenA	GGA	G	F	0.0	0.165745814389	0.1	0.0204081632653	0.877551020408	0.251282051282	0.00512820512821	2248.0	-2.79504643963	40.0	0.0	0.0
CdublA	GGA	G	F	0.0	0.146198790029	0.1	0.0243902439024	0.951219512195	0.232954545455	0.00568181818182	2058.0	-2.69144981413	40.0	0.0	0.0
CorthB	GGA	G	F	0.0	0.146739085402	0.1	0.02	0.94	0.26455026455	0.00529100529101	2250.0	-2.76063386155	40.0	0.0	0.0
CorthC	GGA	G	F	0.0	0.141304302793	0.1	0.02	0.94	0.26455026455	0.00529100529101	2250.0	-2.74984260231	40.0	0.0	0.0
CorthA	GGA	G	F	0.0	0.152173871763	0.1	0.0217391304348	0.934782608696	0.243386243386	0.00529100529101	2250.0	-2.81986874859	40.0	0.0	0.0
ClusiA	GGT	G	F	0.0	0.679557900416	0.0833333333333	0.00819672131148	0.94262295082	0.645502645503	0.00529100529101	2250.0	-2.74297918749	41.0	0.0	0.0
MguilA	GGA	G	F	0.0	0.163043435104	0.1	0.0196078431373	0.882352941176	0.261538461538	0.00512820512821	2250.0	-2.69548793284	40.0	0.0	0.0
DhansA	GGA	G	F	0.0	0.262711783457	0.0833333333333	0.0108695652174	0.891304347826	0.476683937824	0.00518134715026	2250.0	-2.78985998193	40.0	0.0	0.0
BcustA	GGA	G	F	0.0	0.709090808653	0.0909090909091	0.00925925925926	0.87962962963	0.590163934426	0.00546448087432	2247.0	-2.80523651937	40.0	0.0	0.0
CtheaA	GGA	G	F	0.0	0.182065163914	0.0909090909091	0.0169491525424	0.949152542373	0.313829787234	0.00531914893617	2250.0	-2.76680132207	40.0	0.0	0.0
CmaltA	GGT	G	F	0.0	0.736413043478	0.0769230769231	0.0102040816327	0.979591836735	0.521276595745	0.00531914893617	2250.0	-2.83155199287	41.0	0.0	0.0