### Random Forest prediction
genome	codon	ori_aa	rea_aa	fitch	Fisher_pval	Gene_frac	N._rea	N._used	Cod._count	Sub._count	G._len	codon_lik	id	prediction	probability
LmeyeA	GAA	E	D	0.0	0.527027027027	0.166666666667	0.0277777777778	0.944444444444	0.947368421053	0.0263157894737	1429.0	1.85429571775	32.0	0.0	0.0
SpombA	GAG	E	D	0.0	0.161290322581	1.0	0.5	0.5	0.0540540540541	0.135135135135	1424.0	3.97727272727	34.0	0.0	0.044
SpombA	GAA	E	D	0.0	0.161290322581	0.285714285714	0.114285714286	0.714285714286	0.945945945946	0.135135135135	1424.0	1.67744610282	32.0	0.0	0.0
WmucoA	GAA	E	D	0.0	0.600563909774	0.0909090909091	0.0392156862745	0.960784313725	0.894736842105	0.0350877192982	2246.0	2.02024647887	32.0	0.0	0.0
AacerA	GAA	E	D	0.0	0.588744588745	0.5	0.1	0.9	0.909090909091	0.0909090909091	630.0	2.15144230769	32.0	0.0	0.012
CgallA	GAA	E	D	0.0	0.327272727273	0.2	0.0540540540541	0.945945945946	0.637931034483	0.0344827586207	2247.0	2.03771760155	32.0	0.0	0.0
CsantA	GAG	E	D	0.0	0.747450980392	0.0909090909091	0.0384615384615	0.846153846154	0.481481481481	0.037037037037	2220.0	1.84462320068	34.0	0.0	0.0
CsantA	GAA	E	D	0.0	0.747450980392	0.111111111111	0.0357142857143	0.964285714286	0.518518518519	0.037037037037	2220.0	1.94502290712	32.0	0.0	0.0
WpijpA	GAA	E	D	0.0	0.329411764706	0.2	0.0952380952381	0.904761904762	0.6	0.0571428571429	1429.0	2.04750922509	32.0	0.0	0.0
CsubhA	GAG	E	D	0.0	0.559322033898	0.1	0.0175438596491	0.894736842105	0.890625	0.015625	2244.0	1.72865971418	34.0	0.0	0.0
CsubhB	GAG	E	D	0.0	0.559322033898	0.1	0.0175438596491	0.894736842105	0.890625	0.015625	2244.0	1.72865971418	34.0	0.0	0.0
OanguA	GAA	E	D	0.0	0.597311513735	0.181818181818	0.0377358490566	0.962264150943	0.883333333333	0.0333333333333	2248.0	2.02423332618	32.0	0.0	0.0
KtherA	GAA	E	D	0.0	0.513513513514	0.166666666667	0.0277777777778	0.972222222222	0.972972972973	0.027027027027	1429.0	1.91136853448	32.0	0.0	0.0
CnorvA	GAA	E	D	0.0	0.526315789474	0.0909090909091	0.0185185185185	0.981481481481	0.947368421053	0.0175438596491	2249.0	1.94441012971	32.0	0.0	0.0
MstarA	GAA	E	D	0.0	0.516129032258	0.0909090909091	0.0322580645161	0.951612903226	0.96875	0.03125	2249.0	1.94028520499	32.0	0.0	0.0
NbaciA	GAA	E	D	0.0	0.576813655761	0.333333333333	0.0571428571429	0.942857142857	0.921052631579	0.0526315789474	1428.0	1.99196898366	32.0	0.0	0.0
CtetrA	GAG	E	D	0.0	0.0574712643678	0.25	0.1	0.9	0.344827586207	0.0344827586207	2249.0	2.28006329114	34.0	0.0	0.0
LstarA	GAA	E	D	0.0	0.598515519568	0.285714285714	0.0512820512821	0.846153846154	0.886363636364	0.0454545454545	1834.0	1.64191756796	32.0	0.0	0.0
MfariA	GAA	E	D	0.0	0.576271186441	0.0909090909091	0.0196078431373	0.960784313725	0.83606557377	0.016393442623	2248.0	1.9701723376	32.0	0.0	0.0
MfariB	GAG	E	D	0.0	0.316666666667	0.125	0.05	0.9	0.327868852459	0.0327868852459	2250.0	2.02256851155	34.0	0.0	0.0
MfariB	GAA	E	D	0.0	0.316666666667	0.1	0.0243902439024	0.975609756098	0.672131147541	0.0327868852459	2250.0	2.0639486177	32.0	0.0	0.0
CcastA	GAA	E	D	0.0	0.160631426104	0.166666666667	0.0263157894737	0.947368421053	1.0	0.0263157894737	1428.0	1.81316998469	32.0	0.0	0.0
LanspB	GAA	E	D	0.0	0.540540540541	0.166666666667	0.0285714285714	0.942857142857	0.921052631579	0.0263157894737	1429.0	1.85188261351	32.0	0.0	0.0
CphanA	GAA	E	D	0.0	0.733766233766	0.166666666667	0.047619047619	0.928571428571	0.724137931034	0.0344827586207	2247.0	1.93470408447	32.0	0.0	0.0
LanspA	GAA	E	D	0.0	0.540540540541	0.166666666667	0.0285714285714	0.942857142857	0.921052631579	0.0263157894737	1429.0	1.85473159934	32.0	0.0	0.0
CglabA	GAA	E	D	0.0	0.148629295712	0.166666666667	0.0294117647059	0.970588235294	1.0	0.0294117647059	1413.0	1.94259732879	32.0	0.0	0.0
ScryoA	GAA	E	D	0.0	0.566666666667	0.285714285714	0.114285714286	0.714285714286	0.972222222222	0.111111111111	1424.0	1.67744610282	32.0	0.0	0.0
CsakeA	GAA	E	D	0.0	0.584745762712	0.0909090909091	0.02	0.96	0.833333333333	0.0166666666667	2207.0	1.99908445869	32.0	0.0	0.0
HuvarA	GAG	E	D	0.0	0.0769230769231	0.333333333333	0.25	0.75	0.129032258065	0.0322580645161	1361.0	2.83732057416	34.0	0.0	0.001
CjiufA	GAA	E	D	0.0	0.575471698113	0.0909090909091	0.0208333333333	0.916666666667	0.857142857143	0.0178571428571	2231.0	1.95919335706	32.0	0.0	0.0
KlactA	GAA	E	D	0.0	0.527777777778	0.2	0.0285714285714	0.942857142857	0.945945945946	0.027027027027	1408.0	1.85210876804	32.0	0.0	0.0
CzempA	GAA	E	D	0.0	9.03447383014e-09	0.666666666667	0.162162162162	0.702702702703	0.973684210526	0.157894736842	1428.0	2.07605559927	32.0	0.0	0.23
PpastA	GAA	E	D	0.0	0.566043249562	0.0833333333333	0.0350877192982	0.929824561404	0.934426229508	0.0327868852459	2248.0	1.89120095125	32.0	0.0	0.0
SjapoA	GAA	E	D	0.0	0.590909090909	0.571428571429	0.153846153846	0.666666666667	0.975	0.15	1423.0	1.79361914257	32.0	0.0	0.0
CalbiD	GAG	E	D	0.0	0.148148148148	0.125	0.0588235294118	0.882352941176	0.309090909091	0.0181818181818	2058.0	2.09822646658	34.0	0.0	0.0
CalbiC	GAG	E	D	0.0	0.194915254237	0.111111111111	0.0416666666667	0.916666666667	0.4	0.0166666666667	2250.0	2.05069767442	34.0	0.0	0.0
CalbiB	GAG	E	D	0.0	0.194915254237	0.111111111111	0.0416666666667	0.916666666667	0.4	0.0166666666667	2250.0	2.05069767442	34.0	0.0	0.0
CalbiA	GAG	E	D	0.0	0.185185185185	0.125	0.047619047619	0.904761904762	0.381818181818	0.0181818181818	2058.0	2.06378378378	34.0	0.0	0.0
MmagnB	GAG	E	D	0.0	0.116666666667	0.0909090909091	0.0181818181818	0.945454545455	0.887096774194	0.0322580645161	2249.0	1.79315799881	34.0	0.0	0.0
MmagnB	GAA	E	D	0.0	0.116666666667	0.25	0.142857142857	0.857142857143	0.112903225806	0.0322580645161	2249.0	2.73624288425	32.0	0.0	0.0
MmagnA	GAG	E	D	0.0	0.116666666667	0.0909090909091	0.0181818181818	0.945454545455	0.887096774194	0.0322580645161	2249.0	1.79315799881	34.0	0.0	0.0
MmagnA	GAA	E	D	0.0	0.116666666667	0.25	0.142857142857	0.857142857143	0.112903225806	0.0322580645161	2249.0	2.73624288425	32.0	0.0	0.0
CcoryA	GAG	E	D	0.0	0.189655172414	0.142857142857	0.0909090909091	0.909090909091	0.183333333333	0.0333333333333	2250.0	2.05181818182	34.0	0.0	0.0
CcoryA	GAA	E	D	0.0	0.189655172414	0.1	0.0204081632653	0.938775510204	0.816666666667	0.0333333333333	2250.0	1.97342427093	32.0	0.0	0.0
MtetrA	GAG	E	D	0.0	0.564971751412	0.0909090909091	0.0338983050847	0.915254237288	0.936507936508	0.031746031746	2248.0	1.86077140169	34.0	0.0	0.0
CsuavA	GAA	E	D	0.0	0.616071428571	0.0909090909091	0.0232558139535	0.976744186047	0.767857142857	0.0178571428571	2250.0	1.93098924167	32.0	0.0	0.0
PkluyA	GAA	E	D	0.0	0.645950039886	0.363636363636	0.0677966101695	0.898305084746	0.921875	0.0625	2247.0	2.0637934308	32.0	0.0	0.0
PcanaA	GAA	E	D	0.0	0.544642857143	0.0909090909091	0.0196078431373	0.980392156863	0.894736842105	0.0175438596491	2250.0	1.9722465035	32.0	0.0	0.0
YlipoB	GAA	E	D	0.0	0.332142857143	0.2	0.0588235294118	0.941176470588	0.586206896552	0.0344827586207	2247.0	2.10420284821	32.0	0.0	0.0
YlipoA	GAA	E	D	0.0	0.332142857143	0.2	0.0588235294118	0.941176470588	0.586206896552	0.0344827586207	2247.0	2.10420284821	32.0	0.0	0.0
CjadiA	GAA	E	D	0.0	0.508928571429	0.0909090909091	0.0181818181818	0.981818181818	0.982142857143	0.0178571428571	2250.0	1.94629517464	32.0	0.0	0.0
AgossB	GAG	E	D	0.0	0.196775723092	0.25	0.2	0.8	0.128205128205	0.0769230769231	1427.0	2.56007751938	34.0	0.0	0.0
AgossB	GAA	E	D	0.0	0.196775723092	0.166666666667	0.0588235294118	0.911764705882	0.871794871795	0.0769230769231	1427.0	1.96521243228	32.0	0.0	0.0
NdelpA	GAA	E	D	0.0	0.0119609011021	0.333333333333	0.0571428571429	0.942857142857	1.0	0.0571428571429	1412.0	2.03700635184	32.0	0.0	0.0
LelonA	GAG	E	D	0.0	0.224137931034	0.1	0.037037037037	0.925925925926	0.45	0.0166666666667	2249.0	2.0252606255	34.0	0.0	0.0
CalimA	GAA	E	D	0.0	0.775757575758	0.181818181818	0.0526315789474	0.921052631579	0.666666666667	0.0350877192982	2247.0	1.93110838947	32.0	0.0	0.0
CchauA	GAG	E	D	0.0	0.101817042607	0.2	0.0740740740741	0.888888888889	0.457627118644	0.0338983050847	2250.0	2.07399919127	34.0	0.0	0.0
BcaliA	GAA	E	D	0.0	0.561403508772	0.1	0.02	0.98	0.877192982456	0.0175438596491	2250.0	1.92957427536	32.0	0.0	0.0
SoctoA	GAA	E	D	0.0	0.566666666667	0.285714285714	0.114285714286	0.714285714286	0.972222222222	0.111111111111	1425.0	1.67744610282	32.0	0.0	0.0
CvartA	GAA	E	D	0.0	0.535714285714	0.0909090909091	0.0192307692308	0.980769230769	0.928571428571	0.0178571428571	2250.0	1.94320137694	32.0	0.0	0.0
CbuenA	GAG	E	D	0.0	0.103448275862	0.166666666667	0.0769230769231	0.846153846154	0.209677419355	0.0161290322581	2248.0	2.13076923077	34.0	0.0	0.0
CdefoA	GAA	E	D	0.0	0.327272727273	0.2	0.0540540540541	0.945945945946	0.637931034483	0.0344827586207	2247.0	2.03418530351	32.0	0.0	0.0
LdasiA	GAA	E	D	0.0	0.527027027027	0.166666666667	0.0277777777778	0.944444444444	0.947368421053	0.0263157894737	1429.0	1.85429571775	32.0	0.0	0.0
LkluyF	GAA	E	D	0.0	0.527027027027	0.166666666667	0.0277777777778	0.944444444444	0.947368421053	0.0263157894737	1429.0	1.85595045773	32.0	0.0	0.0
LkluyE	GAA	E	D	0.0	0.160631426104	0.166666666667	0.0263157894737	0.947368421053	1.0	0.0263157894737	1429.0	1.8639612047	32.0	0.0	0.0
LkluyD	GAA	E	D	0.0	0.513513513514	0.166666666667	0.027027027027	0.945945945946	0.973684210526	0.0263157894737	1429.0	1.85980083857	32.0	0.0	0.0
LkluyC	GAA	E	D	0.0	0.527027027027	0.166666666667	0.0277777777778	0.944444444444	0.947368421053	0.0263157894737	1429.0	1.85595045773	32.0	0.0	0.0
LkluyA	GAA	E	D	0.0	0.527027027027	0.166666666667	0.0277777777778	0.944444444444	0.947368421053	0.0263157894737	1429.0	1.85595045773	32.0	0.0	0.0
CdublA	GAA	E	D	0.0	0.601851851852	0.111111111111	0.0227272727273	0.954545454545	0.8	0.0181818181818	2058.0	2.00657202944	32.0	0.0	0.0
MguilA	GAG	E	D	0.0	0.0283412058905	0.4	0.222222222222	0.777777777778	0.145161290323	0.0483870967742	2250.0	2.53820598007	34.0	0.0	0.004
MguilA	GAA	E	D	0.0	0.0283412058905	0.0909090909091	0.0188679245283	0.962264150943	0.854838709677	0.0483870967742	2250.0	2.00948071536	32.0	0.0	0.0
SpastA	GAA	E	D	0.0	0.540540540541	0.166666666667	0.0285714285714	0.942857142857	0.921052631579	0.0263157894737	1429.0	1.91351201989	32.0	0.0	0.0
ScereC	GAA	E	D	0.0	0.527027027027	0.166666666667	0.0285714285714	0.971428571429	0.921052631579	0.0263157894737	1429.0	1.9426910299	32.0	0.0	0.0
ScereA	GAA	E	D	0.0	0.527027027027	0.166666666667	0.0285714285714	0.971428571429	0.921052631579	0.0263157894737	1429.0	1.9426910299	32.0	0.0	0.0
ScereD	GAA	E	D	0.0	0.513513513514	0.166666666667	0.0277777777778	0.972222222222	0.947368421053	0.0263157894737	1429.0	1.94424993267	32.0	0.0	0.0
ScereE	GAA	E	D	0.0	0.513513513514	0.166666666667	0.0277777777778	0.972222222222	0.947368421053	0.0263157894737	1429.0	1.94424993267	32.0	0.0	0.0
DhansA	GAG	E	D	0.0	0.237288135593	0.125	0.0666666666667	0.866666666667	0.25	0.0333333333333	2250.0	2.10556760665	34.0	0.0	0.0
DhansA	GAA	E	D	0.0	0.237288135593	0.1	0.0222222222222	0.977777777778	0.75	0.0333333333333	2250.0	2.04245164532	32.0	0.0	0.0
CsalmA	GAA	E	D	0.0	0.527777777778	0.272727272727	0.0526315789474	0.877192982456	0.98275862069	0.051724137931	2153.0	1.80470127326	32.0	0.0	0.0
LnothA	GAA	E	D	0.0	0.540540540541	0.166666666667	0.0285714285714	0.942857142857	0.921052631579	0.0263157894737	1429.0	1.86320754717	32.0	0.0	0.0
BcustA	GAA	E	D	0.0	0.00254580083017	0.272727272727	0.0491803278689	0.885245901639	1.0	0.0491803278689	2247.0	1.84109386548	32.0	0.0	0.004
AgossA	GAG	E	D	0.0	0.157657657658	0.333333333333	0.25	0.75	0.102564102564	0.0769230769231	1427.0	2.69806763285	34.0	0.0	0.0
AgossA	GAA	E	D	0.0	0.157657657658	0.166666666667	0.0571428571429	0.914285714286	0.897435897436	0.0769230769231	1427.0	1.96619562206	32.0	0.0	0.0
MingeA	GAA	E	D	0.0	0.0329313137778	0.0909090909091	0.0327868852459	0.950819672131	0.983870967742	0.0322580645161	2249.0	1.94059586913	32.0	0.0	0.0
CmaltA	GAG	E	D	0.0	0.0789473684211	0.111111111111	0.111111111111	0.888888888889	0.157894736842	0.0175438596491	2250.0	2.35994930292	34.0	0.0	0.0