### Random Forest prediction
genome	codon	ori_aa	rea_aa	fitch	Fisher pval	Gene frac	N. rea	N. used	Cod. count	Sub. count	G. len	codon_lik	id	prediction
Paracentrotus	TCC	S	P	0.0	0.211267566732	0.111111111111	0.0333333333333	0.5	0.24	0.008	1926.0	-1.16471354167	31.0	0.0
Beta_vulgaris_vulgaris	TCT	S	P	0.0	0.622448940839	0.142857142857	0.0434782608696	0.913043478261	0.209090909091	0.00909090909091	1539.0	-0.895973154362	29.0	0.0
Malus_domestica	TCT	S	P	0.0	0.64361699373	0.166666666667	0.047619047619	0.666666666667	0.182608695652	0.00869565217391	1518.0	-1.58856088561	29.0	0.0
Phoenix_dactylifera	TCT	S	P	0.0	0.638095205214	0.1	0.0285714285714	0.542857142857	0.227272727273	0.00649350649351	1738.0	-2.02128851541	29.0	0.0
Caenorhabditis	AGT	S	P	0.0	0.106330553113	0.181818181818	0.0588235294118	0.264705882353	0.27868852459	0.0409836065574	1865.0	-1.21444823663	9.0	0.0
Caenorhabditis	TCC	S	P	0.0	0.106330553113	0.5	0.333333333333	0.333333333333	0.0245901639344	0.0409836065574	1865.0	0.361290322581	31.0	0.0
Caenorhabditis	TCA	S	P	0.0	0.106330553113	0.2	0.0645161290323	0.290322580645	0.254098360656	0.0409836065574	1865.0	-1.08007566204	28.0	0.0
Schistosoma	TCG	S	P	0.0	0.10299723234	0.4	0.25	0.166666666667	0.0857142857143	0.0714285714286	1800.0	0.0912052117264	30.0	0.0
Schistosoma	TCT	S	P	0.0	0.10299723234	0.3	0.0612244897959	0.285714285714	0.35	0.0714285714286	1800.0	-1.02900278109	29.0	0.0
Schistosoma	AGT	S	P	0.0	0.10299723234	0.25	0.0816326530612	0.34693877551	0.35	0.0714285714286	1800.0	-0.897292993631	9.0	0.0
Fasciola	TCG	S	P	0.0	0.298213341486	0.166666666667	0.125	0.25	0.0559440559441	0.0629370629371	1825.0	-1.00481927711	30.0	0.0
Fasciola	TCT	S	P	0.0	0.298213341486	0.25	0.0416666666667	0.347222222222	0.503496503497	0.0629370629371	1825.0	-1.21601941748	29.0	0.0
Fasciola	AGT	S	P	0.0	0.298213341486	0.333333333333	0.0851063829787	0.340425531915	0.328671328671	0.0629370629371	1825.0	-0.892521454843	9.0	0.0
Fasciola	TCA	S	P	0.0	0.298213341486	0.25	0.166666666667	0.166666666667	0.041958041958	0.0629370629371	1825.0	-0.909090909091	28.0	0.0
Dunaliella_salina	AGT	S	P	0.0	0.7580644326	0.142857142857	0.0232558139535	0.674418604651	0.438775510204	0.0102040816327	1392.0	-1.10177777778	9.0	0.0
Carica_papaya	TCT	S	P	0.0	0.370808998868	0.2	0.0588235294118	0.676470588235	0.253731343284	0.0149253731343	1751.0	-1.41083916084	29.0	0.0
Patiria	TCG	S	P	0.0	0.102298456113	0.2	0.111111111111	0.444444444444	0.0731707317073	0.0406504065041	1926.0	-0.802603036876	30.0	0.0
Patiria	TCT	S	P	0.0	0.102298456113	0.0833333333333	0.0263157894737	0.526315789474	0.308943089431	0.0406504065041	1926.0	-1.15619967794	29.0	0.0
Patiria	AGT	S	P	0.0	0.102298456113	0.25	0.2	0.6	0.0406504065041	0.0406504065041	1926.0	-0.334645669291	9.0	0.0
Patiria	AGC	S	P	0.0	0.102298456113	0.166666666667	0.1	0.5	0.0813008130081	0.0406504065041	1926.0	-0.730844793713	11.0	0.0
Patiria	TCC	S	P	0.0	0.102298456113	0.111111111111	0.027027027027	0.648648648649	0.30081300813	0.0406504065041	1926.0	-0.9834625323	31.0	0.0
Zea_mays_NB	TCT	S	P	0.0	0.646464615078	0.142857142857	0.0434782608696	0.739130434783	0.193277310924	0.00840336134454	1540.0	-1.26906957251	29.0	0.0
Pseudendoclonium_akinetum	AGT	S	P	0.0	0.934652703353	0.0909090909091	0.0212765957447	0.574468085106	0.313333333333	0.0133333333333	1930.0	-1.00122900451	9.0	0.0
Pseudendoclonium_akinetum	TCA	S	P	0.0	0.934652703353	0.111111111111	0.03125	0.75	0.213333333333	0.0133333333333	1930.0	-1.00123380629	28.0	0.0
Arabidopsis_thaliana	TCT	S	P	0.0	0.405759966449	0.2	0.0666666666667	0.8	0.229007633588	0.0152671755725	1780.0	-1.02136181575	29.0	0.0
Lumbricus	TCT	S	P	0.0	0.00858054894384	0.0909090909091	0.0285714285714	0.457142857143	0.277777777778	0.0238095238095	1920.0	-1.22600795003	29.0	0.0
Lumbricus	AGT	S	P	0.0	0.00858054894384	0.5	0.285714285714	0.142857142857	0.0555555555556	0.0238095238095	1920.0	-0.168975069252	9.0	0.0
Halocynthia	TCG	S	P	0.0	0.468966182829	0.25	0.166666666667	0.5	0.0434782608696	0.0579710144928	1893.0	-0.326797385621	30.0	0.0
Halocynthia	TCT	S	P	0.0	0.468966182829	0.166666666667	0.04	0.56	0.36231884058	0.0579710144928	1893.0	-0.926249008723	29.0	0.0
Halocynthia	AGT	S	P	0.0	0.468966182829	0.181818181818	0.0508474576271	0.406779661017	0.427536231884	0.0579710144928	1893.0	-1.0517756389	9.0	0.0
Halocynthia	TCA	S	P	0.0	0.468966182829	0.333333333333	0.117647058824	0.411764705882	0.123188405797	0.0579710144928	1893.0	-0.404624277457	28.0	0.0
Limulus	TCT	S	P	0.0	0.758455821697	0.3	0.0612244897959	0.551020408163	0.374045801527	0.0381679389313	1919.0	-0.905901116427	29.0	0.0
Limulus	TCC	S	P	0.0	0.758455821697	0.111111111111	0.0416666666667	0.375	0.18320610687	0.0381679389313	1919.0	-1.21018593371	31.0	0.0
Limulus	TCA	S	P	0.0	0.758455821697	0.0909090909091	0.0238095238095	0.619047619048	0.320610687023	0.0381679389313	1919.0	-1.18619731357	28.0	0.0
Bracteacoccus_aerius	AGT	S	P	0.0	0.576505041627	0.111111111111	0.0227272727273	0.704545454545	0.392857142857	0.0446428571429	1789.0	-1.11082024433	9.0	0.0
Bracteacoccus_aerius	AGC	S	P	0.0	0.576505041627	0.444444444444	0.0888888888889	0.711111111111	0.401785714286	0.0446428571429	1789.0	-0.433361994841	11.0	0.0
Oryza_sativa_I2	TCT	S	P	0.0	0.467592562223	0.125	0.0416666666667	0.75	0.188976377953	0.00787401574803	1693.0	-1.24572823434	29.0	0.0
Oryza_sativa_J2	TCT	S	P	0.0	0.67441856852	0.125	0.04	0.68	0.229357798165	0.00917431192661	1446.0	-1.48256735341	29.0	0.0
Pycnococcus_provasolii	TCT	S	P	0.0	0.262146901664	0.0833333333333	0.0178571428571	0.803571428571	0.427480916031	0.0229007633588	1930.0	-1.07397069086	29.0	0.0
Pycnococcus_provasolii	TCA	S	P	0.0	0.262146901664	0.166666666667	0.125	0.6875	0.12213740458	0.0229007633588	1930.0	-0.462829736211	28.0	0.0
Polytoma_uvella	AGT	S	P	0.0	0.288783342284	0.166666666667	0.111111111111	0.444444444444	0.0978260869565	0.0217391304348	1394.0	-0.787810383747	9.0	0.0
Polytoma_uvella	TCC	S	P	0.0	0.288783342284	0.142857142857	0.0222222222222	0.755555555556	0.489130434783	0.0217391304348	1394.0	-1.11810012837	31.0	0.0
Axinella	TCG	S	P	0.0	0.877696249828	0.111111111111	0.0588235294118	0.882352941176	0.137096774194	0.0241935483871	1924.0	-0.784472769409	30.0	0.0
Axinella	TCT	S	P	0.0	0.877696249828	0.1	0.0263157894737	0.815789473684	0.306451612903	0.0241935483871	1924.0	-0.968911917098	29.0	0.0
Axinella	TCA	S	P	0.0	0.877696249828	0.125	0.0344827586207	0.793103448276	0.233870967742	0.0241935483871	1924.0	-1.0255033557	28.0	0.0
Terebratulina	TCC	S	P	0.0	0.44744244372	0.272727272727	0.0652173913043	0.565217391304	0.365079365079	0.0238095238095	1915.0	-0.957185247986	31.0	0.0
Beta_vulgaris_maritima	TCT	S	P	0.0	0.623809482708	0.125	0.0384615384615	0.923076923077	0.222222222222	0.00854700854701	1604.0	-0.922155688623	29.0	0.0
Vitis_vinifera	TCT	S	P	0.0	0.546442451687	0.222222222222	0.0625	0.65625	0.238805970149	0.0149253731343	1516.0	-1.44966028413	29.0	0.0
Bfloridae	AGT	S	P	0.0	0.352941149392	0.142857142857	0.0588235294118	0.411764705882	0.20987654321	0.0123456790123	1192.0	-1.12659698026	9.0	0.0
Katharina	TCT	S	P	0.0	0.605022047057	0.363636363636	0.0754716981132	0.754716981132	0.445378151261	0.0588235294118	1917.0	-0.722787193974	29.0	0.0
Katharina	AGC	S	P	0.0	0.605022047057	0.166666666667	0.111111111111	0.222222222222	0.0756302521008	0.0588235294118	1917.0	-0.703862660944	11.0	0.0
Katharina	TCA	S	P	0.0	0.605022047057	0.222222222222	0.0645161290323	0.451612903226	0.260504201681	0.0588235294118	1917.0	-1.02807236432	28.0	0.0
Lotus_japonicus	TCT	S	P	0.0	0.645631036117	0.125	0.0357142857143	0.642857142857	0.212121212121	0.00757575757576	1683.0	-1.68736767819	29.0	0.0
Geodia	TCT	S	P	0.0	0.904778665767	0.0833333333333	0.0212765957447	0.829787234043	0.361538461538	0.0153846153846	1925.0	-0.963613550816	29.0	0.0
Geodia	TCA	S	P	0.0	0.904778665767	0.1	0.03125	0.8125	0.246153846154	0.0153846153846	1925.0	-0.969586374696	28.0	0.0
Metridium	TCG	S	P	0.0	0.202020184583	0.166666666667	0.1	0.9	0.0833333333333	0.00833333333333	1928.0	-0.531007751938	30.0	0.0
Chlamydomonas_reinhardtii	TCT	S	P	0.0	0.713261616925	0.142857142857	0.0384615384615	0.653846153846	0.276595744681	0.0212765957447	1389.0	-1.00879765396	29.0	0.0
Chlamydomonas_reinhardtii	AGT	S	P	0.0	0.713261616925	0.142857142857	0.03125	0.59375	0.340425531915	0.0212765957447	1389.0	-1.13169230769	9.0	0.0
Acropora	TCG	S	P	0.0	0.614846916519	0.111111111111	0.0434782608696	0.826086956522	0.181102362205	0.0314960629921	1926.0	-0.926236378877	30.0	0.0
Acropora	TCT	S	P	0.0	0.614846916519	0.181818181818	0.0392156862745	0.78431372549	0.40157480315	0.0314960629921	1926.0	-0.892926169308	29.0	0.0
Acropora	TCA	S	P	0.0	0.614846916519	0.142857142857	0.1	0.7	0.0787401574803	0.0314960629921	1926.0	-0.452941176471	28.0	0.0
Brassica_rapa_oleifera	TCT	S	P	0.0	0.634020581184	0.125	0.04	0.8	0.227272727273	0.00909090909091	1553.0	-1.2207384132	29.0	0.0
Glycine_max	TCT	S	P	0.0	0.647619014738	0.142857142857	0.04	0.76	0.201612903226	0.00806451612903	1641.0	-1.43735224586	29.0	0.0
Trichinella	AGT	S	P	0.0	0.198812014138	0.111111111111	0.05	0.4	0.152671755725	0.0152671755725	1883.0	-1.21606118547	9.0	0.0
Trichinella	AGC	S	P	0.0	0.198812014138	0.166666666667	0.0769230769231	0.307692307692	0.0992366412214	0.0152671755725	1883.0	-1.1593323217	11.0	0.0
Bracteacoccus_minor	TCT	S	P	0.0	0.2158119605	0.142857142857	0.105263157895	0.368421052632	0.191919191919	0.040404040404	1686.0	-0.594	29.0	0.0
Bracteacoccus_minor	AGT	S	P	0.0	0.2158119605	0.111111111111	0.025	0.675	0.40404040404	0.040404040404	1686.0	-1.05130687318	9.0	0.0
Bracteacoccus_minor	AGC	S	P	0.0	0.2158119605	0.125	0.0344827586207	0.724137931034	0.292929292929	0.040404040404	1686.0	-1.04881266491	11.0	0.0
Chromochloris_zofingiensis	TCT	S	P	0.0	0.18285990044	0.333333333333	0.117647058824	0.323529411765	0.34	0.08	1522.0	-0.761581920904	29.0	0.0
Chromochloris_zofingiensis	AGT	S	P	0.0	0.18285990044	0.3	0.0545454545455	0.563636363636	0.55	0.08	1522.0	-0.972232111072	9.0	0.0
Chromochloris_zofingiensis	AGC	S	P	0.0	0.18285990044	0.166666666667	0.1	0.5	0.1	0.08	1522.0	-0.631782945736	11.0	0.0
Balanoglossus	TCT	S	P	0.0	0.353932547417	0.111111111111	0.04	0.72	0.189393939394	0.00757575757576	1926.0	-0.99923605806	29.0	0.0
Drosophila	TCT	S	P	0.0	0.510781731039	0.0909090909091	0.0185185185185	0.5	0.482142857143	0.0267857142857	1919.0	-1.28279137742	29.0	0.0
Drosophila	AGT	S	P	0.0	0.510781731039	0.142857142857	0.0714285714286	0.571428571429	0.125	0.0267857142857	1919.0	-0.801398601399	9.0	0.0
Drosophila	TCA	S	P	0.0	0.510781731039	0.111111111111	0.025	0.65	0.357142857143	0.0267857142857	1919.0	-1.01161665053	28.0	0.0
Sorghum_bicolor	TCT	S	P	1.0	0.468749967632	0.166666666667	0.0526315789474	0.736842105263	0.19387755102	0.0102040816327	1275.0	-1.2619775739	29.0	0.0
Myxine	AGC	S	P	0.0	0.309090900827	0.166666666667	0.0588235294118	0.411764705882	0.101796407186	0.0179640718563	1919.0	-1.03935185185	11.0	0.0
Myxine	TCA	S	P	0.0	0.309090900827	0.181818181818	0.0333333333333	0.6	0.359281437126	0.0179640718563	1919.0	-1.16688481675	28.0	0.0
Ciona	TCT	S	P	0.0	0.618298928151	0.333333333333	0.0704225352113	0.380281690141	0.422619047619	0.047619047619	1891.0	-0.8277762469	29.0	0.0
Ciona	AGT	S	P	0.0	0.618298928151	0.0833333333333	0.0238095238095	0.547619047619	0.25	0.047619047619	1891.0	-1.1047265987	9.0	0.0
Ciona	TCA	S	P	0.0	0.618298928151	0.0833333333333	0.0526315789474	0.473684210526	0.22619047619	0.047619047619	1891.0	-0.931614939506	28.0	0.0
Epigonichthys	TCT	S	P	0.0	0.715372882587	0.0833333333333	0.02	0.66	0.434782608696	0.0173913043478	1918.0	-1.07385697538	29.0	0.0
Epigonichthys	AGC	S	P	0.0	0.715372882587	0.125	0.0769230769231	0.769230769231	0.113043478261	0.0173913043478	1918.0	-0.696734059098	11.0	0.0
Daphnia	TCT	S	P	0.0	0.0786910291012	0.0833333333333	0.0196078431373	0.549019607843	0.418032786885	0.0409836065574	1916.0	-1.16387699494	29.0	0.0
Daphnia	AGT	S	P	0.0	0.0786910291012	0.2	0.1875	0.3125	0.131147540984	0.0409836065574	1916.0	-0.132352941176	9.0	0.0
Daphnia	TCA	S	P	0.0	0.0786910291012	0.111111111111	0.0434782608696	0.565217391304	0.188524590164	0.0409836065574	1916.0	-0.87914893617	28.0	0.0
Zea_mays_s	TCT	S	P	0.0	0.646226380895	0.125	0.0384615384615	0.769230769231	0.206349206349	0.00793650793651	1605.0	-1.25504861631	29.0	0.0
Homo	TCC	S	P	0.0	0.874999956843	0.1	0.0232558139535	0.674418604651	0.3359375	0.015625	1920.0	-1.1905634448	31.0	0.0
Homo	TCA	S	P	0.0	0.874999956843	0.1	0.025	0.65	0.3125	0.015625	1920.0	-1.09250243427	28.0	0.0
Blanceolatum	AGC	S	P	0.0	0.0729166558775	0.333333333333	0.25	0.5	0.0526315789474	0.0131578947368	1187.0	-0.745	11.0	0.0
Saccoglossus	TCT	S	P	0.0	0.209599869405	0.1	0.0204081632653	0.632653061224	0.352517985612	0.0215827338129	1924.0	-1.21505376344	29.0	0.0
Saccoglossus	TCC	S	P	0.0	0.209599869405	0.25	0.0869565217391	0.478260869565	0.165467625899	0.0215827338129	1924.0	-0.967741935484	31.0	0.0

### Alignment improvement:
