### Random Forest prediction
genome	codon	ori_aa	rea_aa	fitch	Fisher_pval	Gene_frac	N._rea	N._used	Cod._count	Sub._count	G._len	codon_lik	id	prediction	probability
Metaseiulus_occidentalis	ACT	T	P	0.0	0.739999910234	0.1	0.03125	0.78125	0.533333333333	0.0166666666667	1280.0	-1.14503205128	13.0	0.0	0.0
Aphrocallistes_vastus	ACA	T	P	0.0	0.828571369385	0.222222222222	0.0425531914894	0.659574468085	0.643835616438	0.027397260274	1349.0	-1.15780821918	12.0	0.0	0.0
Trichobilharzia_regenti	ACT	T	P	0.0	0.758620606318	0.333333333333	0.0714285714286	0.678571428571	0.717948717949	0.0512820512821	1324.0	-0.835032437442	13.0	0.0	0.0
Versteria_mustelae	ACT	T	P	0.0	0.545454388521	0.1	0.0222222222222	0.644444444444	0.882352941176	0.0196078431373	1328.0	-1.10457142857	13.0	0.0	0.0
Euseius_nicholsi	ACT	T	P	0.0	0.799999930949	0.142857142857	0.047619047619	0.809523809524	0.388888888889	0.0185185185185	1296.0	-1.01479654747	13.0	0.0	0.0
Halocynthia	ACT	T	P	0.0	0.695652068836	0.125	0.0322580645161	0.870967741935	0.62	0.02	1348.0	-0.996661101836	13.0	0.0	0.0
Echinococcus_equinus	ACT	T	P	0.0	0.677777666529	0.125	0.0487804878049	0.658536585366	0.745454545455	0.0363636363636	1331.0	-0.856155778894	13.0	0.0	0.0
Taenia_crassiceps	ACT	T	P	0.0	0.756005921766	0.111111111111	0.0526315789474	0.631578947368	0.703703703704	0.037037037037	1333.0	-0.952252858104	13.0	0.0	0.0
Terebratulina	ACC	T	P	0.0	0.764705801117	0.125	0.037037037037	0.851851851852	0.465517241379	0.0172413793103	1351.0	-0.998087954111	15.0	0.0	0.0
Tetrancistrum_nebulosi	ACT	T	P	0.0	0.742424153495	0.111111111111	0.037037037037	0.592592592593	0.490909090909	0.0181818181818	1333.0	-1.24476190476	13.0	0.0	0.0
Trichinella	ACG	T	P	0.0	0.00276679800958	0.666666666667	0.4	0.4	0.0694444444444	0.0416666666667	1343.0	0.974874371859	14.0	0.0	0.055
Trichinella	ACT	T	P	0.0	0.00276679800958	0.142857142857	0.0769230769231	0.384615384615	0.180555555556	0.0416666666667	1343.0	-1.076171875	13.0	0.0	0.0
Pseudogarypus_banksi	ACT	T	P	0.0	0.717391206776	0.111111111111	0.0285714285714	0.714285714286	0.538461538462	0.0153846153846	1347.0	-1.34115920763	13.0	0.0	0.0
Myxine	ACA	T	P	0.0	0.807692241297	0.125	0.04	0.76	0.409836065574	0.016393442623	1350.0	-1.17616580311	12.0	0.0	0.0
Ciona	ACA	T	P	0.0	0.796542482947	0.142857142857	0.0555555555556	0.888888888889	0.310344827586	0.0344827586207	1348.0	-0.830924855491	12.0	0.0	0.0
Ciona	ACT	T	P	0.0	0.796542482947	0.1	0.0277777777778	0.722222222222	0.620689655172	0.0344827586207	1348.0	-1.01225666907	13.0	0.0	0.0
Caenorhabditis	ACA	T	P	0.0	0.557369697287	0.222222222222	0.0526315789474	0.552631578947	0.575757575758	0.0757575757576	1346.0	-1.01017639077	12.0	0.0	0.0
Caenorhabditis	ACT	T	P	0.0	0.557369697287	0.5	0.115384615385	0.653846153846	0.393939393939	0.0757575757576	1346.0	-0.71130952381	13.0	0.0	0.0
Ascidiella_aspersa	ACC	T	P	0.0	0.488372044848	0.142857142857	0.0714285714286	0.785714285714	0.264150943396	0.0188679245283	1350.0	-0.896103896104	15.0	0.0	0.0
Saccoglossus	ACT	T	P	0.0	0.785714211731	0.142857142857	0.04	0.92	0.403225806452	0.0161290322581	1351.0	-1.00515463918	13.0	0.0	0.0