### Random Forest prediction
genome	codon	ori_aa	rea_aa	fitch	Fisher pval	Gene frac	N. rea	N. used	Cod. count	Sub. count	G. len	codon_lik	id	prediction
Paracentrotus	GCA	A	P	0.0	0.516703717484	0.1	0.0204081632653	0.918367346939	0.385826771654	0.0236220472441	1784.0	-1.13394109397	44.0	0.0
Paracentrotus	GCC	A	P	0.0	0.516703717484	0.25	0.047619047619	0.690476190476	0.330708661417	0.0236220472441	1784.0	-0.975669099757	47.0	0.0
Andalucia	GCA	A	P	0.0	0.934395528062	0.1	0.0540540540541	0.72972972973	0.298387096774	0.0322580645161	1783.0	-1.03361344538	44.0	0.0
Andalucia	GCT	A	P	0.0	0.934395528062	0.166666666667	0.0333333333333	0.683333333333	0.483870967742	0.0322580645161	1783.0	-1.16276413478	45.0	0.0
Seculomonas	GCA	A	P	0.0	0.874444169	0.153846153846	0.0327868852459	0.704918032787	0.491935483871	0.0241935483871	1784.0	-1.12676056338	44.0	0.0
Seculomonas	GCT	A	P	0.0	0.874444169	0.1	0.0212765957447	0.702127659574	0.379032258065	0.0241935483871	1784.0	-1.27159590044	45.0	0.0
Schistosoma	GCT	A	P	0.0	0.666666551582	0.142857142857	0.027027027027	0.351351351351	0.74	0.02	1688.0	-1.44577205882	45.0	0.0
Fasciola	GCT	A	P	0.0	0.666666551582	0.111111111111	0.0192307692308	0.403846153846	0.8	0.0153846153846	1701.0	-1.48612945839	45.0	0.0
Patiria	GCA	A	P	0.0	0.453270974797	0.142857142857	0.027027027027	0.864864864865	0.316239316239	0.00854700854701	1784.0	-1.09707822809	44.0	0.0
Halocynthia	GCA	A	P	0.0	0.285714236392	0.111111111111	0.0454545454545	0.772727272727	0.268292682927	0.0121951219512	1746.0	-1.04874213836	44.0	0.0
Caenorhabditis	GCA	A	P	0.0	0.128947306138	0.25	0.0689655172414	0.655172413793	0.345238095238	0.0595238095238	1755.0	-0.856465005931	44.0	0.0
Caenorhabditis	GCT	A	P	0.0	0.128947306138	0.25	0.0434782608696	0.630434782609	0.547619047619	0.0595238095238	1755.0	-1.09288389513	45.0	0.0
Caenorhabditis	GCG	A	P	0.0	0.128947306138	0.333333333333	0.333333333333	0.0	0.0357142857143	0.0595238095238	1755.0	-1.01111111111	46.0	0.0
Axinella	GCT	A	P	0.0	0.857142807821	0.1	0.0277777777778	0.805555555556	0.292682926829	0.00813008130081	1777.0	-1.13658070678	45.0	0.0
Terebratulina	GCC	A	P	0.0	0.450873096802	0.2	0.0298507462687	0.641791044776	0.465277777778	0.0138888888889	1783.0	-1.26680348897	47.0	0.0
Jbahamiensis	GCA	A	P	0.0	0.807560071016	0.0833333333333	0.0142857142857	0.785714285714	0.555555555556	0.015873015873	1784.0	-1.23125918667	44.0	0.0
Jbahamiensis	GCT	A	P	0.0	0.807560071016	0.0909090909091	0.0238095238095	0.738095238095	0.333333333333	0.015873015873	1784.0	-1.20542317173	45.0	0.0
Bfloridae	GCA	A	P	0.0	0.862318793045	0.142857142857	0.0454545454545	0.818181818182	0.282051282051	0.025641025641	1085.0	-1.08194233687	44.0	0.0
Bfloridae	GCT	A	P	0.0	0.862318793045	0.166666666667	0.027027027027	0.891891891892	0.474358974359	0.025641025641	1085.0	-1.10920577617	45.0	0.0
Geodia	GCA	A	P	0.0	0.143421042183	0.2	0.0666666666667	0.733333333333	0.254237288136	0.0169491525424	1780.0	-0.874712643678	44.0	0.0
Metridium	GCT	A	P	0.0	0.597581282491	0.181818181818	0.0363636363636	0.872727272727	0.413533834586	0.015037593985	1783.0	-1.05746408495	45.0	0.0
Acropora	GCA	A	P	0.0	0.95666998659	0.111111111111	0.0434782608696	0.869565217391	0.185483870968	0.0322580645161	1781.0	-0.968515742129	44.0	0.0
Acropora	GCT	A	P	0.0	0.95666998659	0.181818181818	0.0444444444444	0.866666666667	0.362903225806	0.0322580645161	1781.0	-1.02517162471	45.0	0.0
Acropora	GCG	A	P	0.0	0.95666998659	0.0909090909091	0.0294117647059	0.705882352941	0.274193548387	0.0322580645161	1781.0	-1.19716885743	46.0	0.0
Trichinella	GCA	A	P	0.0	0.93259182034	0.2	0.0416666666667	0.458333333333	0.311688311688	0.0649350649351	1759.0	-1.22011661808	44.0	0.0
Trichinella	GCC	A	P	0.0	0.93259182034	0.166666666667	0.0666666666667	0.6	0.194805194805	0.0649350649351	1759.0	-1.23744292237	47.0	0.0
Trichinella	GCT	A	P	0.0	0.93259182034	0.5	0.09375	0.59375	0.415584415584	0.0649350649351	1759.0	-0.59381663113	45.0	0.0
Balanoglossus	GCA	A	P	0.0	0.85097972099	0.111111111111	0.0227272727273	0.909090909091	0.328358208955	0.0149253731343	1784.0	-1.18068535826	44.0	0.0
Balanoglossus	GCC	A	P	0.0	0.85097972099	0.0909090909091	0.0166666666667	0.75	0.44776119403	0.0149253731343	1784.0	-1.31074095348	47.0	0.0
Reclinomonas	GCA	A	P	0.0	0.791725033282	0.111111111111	0.0131578947368	0.697368421053	0.608	0.016	1784.0	-1.25957638576	44.0	0.0
Reclinomonas	GCT	A	P	0.0	0.791725033282	0.0909090909091	0.0238095238095	0.761904761905	0.336	0.016	1784.0	-1.22819885901	45.0	0.0
Drosophila	GCT	A	P	0.0	0.617021144371	0.111111111111	0.0121951219512	0.865853658537	0.77358490566	0.00943396226415	1783.0	-1.15494137353	45.0	0.0
Jlibera	GCA	A	P	0.0	0.049846779457	0.272727272727	0.0810810810811	0.567567567568	0.291338582677	0.0236220472441	1784.0	-0.89332096475	44.0	0.0
Myxine	GCC	A	P	0.0	0.479166616317	0.111111111111	0.0322580645161	0.870967741935	0.274336283186	0.00884955752212	1783.0	-1.09723756906	47.0	0.0
Ciona	GCT	A	P	0.0	0.620370239302	0.111111111111	0.0208333333333	0.833333333333	0.738461538462	0.0153846153846	1767.0	-1.03225806452	45.0	0.0
Epigonichthys	GCG	A	P	0.0	0.240740692789	0.125	0.0322580645161	0.935483870968	0.254098360656	0.00819672131148	1783.0	-0.982142857143	46.0	0.0
Daphnia	GCA	A	P	0.0	0.418878023852	0.111111111111	0.037037037037	0.62962962963	0.25	0.0277777777778	1783.0	-1.08527131783	44.0	0.0
Daphnia	GCC	A	P	0.0	0.418878023852	0.25	0.0625	0.8125	0.296296296296	0.0277777777778	1783.0	-0.955961331901	47.0	0.0
Homo	GCA	A	P	0.0	0.843166488048	0.125	0.0277777777778	0.805555555556	0.292682926829	0.0162601626016	1782.0	-1.20663507109	44.0	0.0
Homo	GCC	A	P	0.0	0.843166488048	0.0909090909091	0.0151515151515	0.833333333333	0.536585365854	0.0162601626016	1782.0	-1.22590673575	47.0	0.0
Blanceolatum	GCA	A	P	0.0	0.155758634224	0.166666666667	0.0666666666667	0.8	0.185185185185	0.037037037037	1083.0	-0.984409799555	44.0	0.0
Blanceolatum	GCC	A	P	0.0	0.155758634224	0.25	0.125	0.875	0.0987654320988	0.037037037037	1083.0	-0.508333333333	47.0	0.0
Blanceolatum	GCG	A	P	0.0	0.155758634224	0.166666666667	0.05	0.75	0.246913580247	0.037037037037	1083.0	-1.14666666667	46.0	0.0
Saccoglossus	GCT	A	P	0.0	0.41818175227	0.0909090909091	0.0204081632653	0.836734693878	0.37984496124	0.0077519379845	1784.0	-1.25931131413	45.0	0.0

### Alignment improvement:
