### Random Forest prediction
genome	codon	ori_aa	rea_aa	fitch	Fisher_pval	Gene_frac	N._rea	N._used	Cod._count	Sub._count	G._len	codon_lik	id	prediction	probability
Metaseiulus_occidentalis	AGA	R	D	0.0	0.0428571379249	0.111111111111	0.047619047619	0.0	0.35	0.0166666666667	1280.0	-0.547647768396	8.0	0.0	0.0
Schistosoma	AGG	R	D	0.0	0.190476182256	0.111111111111	0.0588235294118	0.0	0.257575757576	0.030303030303	1325.0	-0.571856287425	10.0	0.0	0.0
Schistosoma	CGT	R	D	0.0	0.190476182256	0.142857142857	0.05	0.85	0.30303030303	0.030303030303	1325.0	-1.71446862996	57.0	0.0	0.0
Fasciola	AGG	R	D	0.0	0.190476182256	0.142857142857	0.0833333333333	0.0	0.260869565217	0.0434782608696	1332.0	-0.527659574468	10.0	0.0	0.0
Fasciola	CGT	R	D	0.0	0.190476182256	0.142857142857	0.0454545454545	0.772727272727	0.478260869565	0.0434782608696	1332.0	-1.6678200692	57.0	0.0	0.0
Trichobilharzia_regenti	CGA	R	D	0.0	0.0132275114008	0.25	0.25	0.75	0.0888888888889	0.0444444444444	1324.0	-0.512820512821	56.0	0.0	0.0
Trichobilharzia_regenti	AGA	R	D	0.0	0.0132275114008	0.2	0.1	0.0	0.222222222222	0.0444444444444	1324.0	-0.221662468514	8.0	0.0	0.003
Versteria_mustelae	CGT	R	D	0.0	0.653846034335	0.166666666667	0.05	0.85	0.408163265306	0.0204081632653	1328.0	-1.61302681992	57.0	0.0	0.0
Haplorchis_taichui	AGG	R	D	0.0	0.0295566476952	0.125	0.0454545454545	0.0454545454545	0.379310344828	0.0344827586207	1320.0	-0.505813953488	10.0	0.0	0.0
Haplorchis_taichui	CGA	R	D	0.0	0.0295566476952	0.333333333333	0.25	0.5	0.0689655172414	0.0344827586207	1320.0	-0.329032258065	56.0	0.0	0.0
Echinococcus_equinus	CGT	R	D	0.0	0.65517229474	0.125	0.0434782608696	0.826086956522	0.396551724138	0.0172413793103	1331.0	-1.71046770601	57.0	0.0	0.0
Taenia_crassiceps	CGT	R	D	0.0	0.603448138951	0.142857142857	0.0384615384615	0.846153846154	0.509803921569	0.0196078431373	1333.0	-1.73776908023	57.0	0.0	0.0
Tetrancistrum_nebulosi	AGA	R	D	0.0	0.020054028055	0.166666666667	0.05	0.0	0.263157894737	0.0526315789474	1333.0	-0.423076923077	8.0	0.0	0.002
Tetrancistrum_nebulosi	AGG	R	D	0.0	0.020054028055	0.222222222222	0.0769230769231	0.0384615384615	0.342105263158	0.0526315789474	1333.0	-0.808823529412	10.0	0.0	0.0
Tetrancistrum_nebulosi	CGT	R	D	0.0	0.020054028055	0.142857142857	0.0714285714286	0.928571428571	0.184210526316	0.0526315789474	1333.0	-1.55373406193	57.0	0.0	0.0
Trichinella	AGA	R	D	0.0	0.0142857093535	0.142857142857	0.03125	0.0	0.438356164384	0.013698630137	1343.0	-0.889871382637	8.0	0.0	0.001
Pseudogarypus_banksi	AGA	R	D	0.0	0.0454545402234	0.111111111111	0.0333333333333	0.0	0.483870967742	0.0161290322581	1347.0	-0.691326530612	8.0	0.0	0.0
Benedenia_hoshinai	CGT	R	D	0.0	0.666666551582	0.142857142857	0.0454545454545	0.772727272727	0.52380952381	0.0238095238095	1333.0	-1.65932792584	57.0	0.0	0.0
Ciona	CGC	R	D	0.0	0.0256410167884	0.5	0.5	0.5	0.013986013986	0.00699300699301	1348.0	1.34615384615	59.0	0.0	0.015
Caenorhabditis	AGG	R	D	0.0	0.0892857081205	0.142857142857	0.0666666666667	0.0	0.172413793103	0.0114942528736	1346.0	-0.443686006826	10.0	0.0	0.0