### Random Forest prediction
genome	codon	ori_aa	rea_aa	fitch	Fisher_pval	Gene_frac	N._rea	N._used	Cod._count	Sub._count	G._len	codon_lik	id	prediction	probability
LmeyeA	ACA	T	N	0.0	0.631147540984	0.142857142857	0.0208333333333	0.916666666667	0.75	0.015625	1429.0	-0.08916048888	12.0	0.0	0.0
SpombA	ACT	T	N	0.0	0.674999887792	0.166666666667	0.0277777777778	0.694444444444	0.6	0.0166666666667	1424.0	-0.218455743879	13.0	0.0	0.0
WmucoA	ACT	T	N	0.0	0.0892578531922	0.272727272727	0.063829787234	0.808510638298	0.474747474747	0.030303030303	2246.0	0.113766730402	13.0	0.0	0.0
CgallA	ACA	T	N	0.0	0.755555555556	0.0833333333333	0.013698630137	0.643835616438	0.623931623932	0.017094017094	2247.0	-0.470545977011	12.0	0.0	0.0
CgallA	ACT	T	N	0.0	0.755555555556	0.0909090909091	0.0227272727273	0.727272727273	0.376068376068	0.017094017094	2247.0	-0.0523379383634	13.0	0.0	0.0
CsantA	ACA	T	N	0.0	0.81766227471	0.0769230769231	0.0178571428571	0.625	0.474576271186	0.0254237288136	2220.0	-0.447572815534	12.0	0.0	0.0
CsantA	ACT	T	N	0.0	0.81766227471	0.181818181818	0.037037037037	0.685185185185	0.457627118644	0.0254237288136	2220.0	-0.408704663212	13.0	0.0	0.0
WpijpA	ACA	T	N	0.0	0.732768361582	0.285714285714	0.0408163265306	0.857142857143	0.720588235294	0.0294117647059	1429.0	-0.166238894373	12.0	0.0	0.0
BarxA	ACA	T	N	0.0	0.71875	1.0	0.0666666666667	0.533333333333	0.6	0.04	434.0	-0.54	12.0	0.0	0.048
CsubhA	ACC	T	N	4.0	0.793814361803	0.111111111111	0.0212765957447	0.829787234043	0.427272727273	0.00909090909091	2244.0	-0.105437352246	15.0	0.0	0.051
CsubhB	ACC	T	N	4.0	0.793814361803	0.111111111111	0.0212765957447	0.829787234043	0.427272727273	0.00909090909091	2244.0	-0.105437352246	15.0	0.0	0.051
OanguA	ACA	T	N	0.0	0.202686169805	0.2	0.0392156862745	0.745098039216	0.432203389831	0.0169491525424	2248.0	-0.226683137739	12.0	0.0	0.0
SarboA	ACA	T	N	0.0	0.715517241379	0.142857142857	0.0277777777778	0.888888888889	0.590163934426	0.016393442623	1429.0	-0.0653333333333	12.0	0.0	0.0
KtherA	ACA	T	N	0.0	0.658333333333	0.142857142857	0.0238095238095	0.952380952381	0.666666666667	0.015873015873	1429.0	-0.0471719716052	12.0	0.0	0.0
CnorvA	ACA	T	N	0.0	0.456886728068	0.0909090909091	0.0178571428571	0.803571428571	0.549019607843	0.0294117647059	2249.0	-0.163647222775	12.0	0.0	0.0
CnorvA	ACT	T	N	0.0	0.456886728068	0.2	0.0454545454545	0.772727272727	0.43137254902	0.0294117647059	2249.0	0.0676165177493	13.0	0.0	0.0
CviswA	ACT	T	N	0.0	0.757425658824	0.0909090909091	0.0188679245283	0.905660377358	0.495327102804	0.00934579439252	2249.0	-0.055231974292	13.0	0.0	0.0
MstarA	ACA	T	N	0.0	0.244186046512	0.1	0.0181818181818	0.745454545455	0.5	0.00909090909091	2249.0	-0.137123103514	12.0	0.0	0.0
NbaciA	ACA	T	N	0.0	0.175925925926	0.142857142857	0.04	0.72	0.384615384615	0.0153846153846	1428.0	0.146910221531	12.0	0.0	0.0
LstarA	ACA	T	N	1.0	0.775050224146	0.125	0.027027027027	0.675675675676	0.393617021277	0.0212765957447	1834.0	-0.219686554853	12.0	0.0	0.0
LstarA	ACT	T	N	1.0	0.775050224146	0.125	0.0185185185185	0.777777777778	0.574468085106	0.0212765957447	1834.0	-0.315821378056	13.0	0.0	0.0
MfariB	ACT	T	N	0.0	0.200980392157	0.111111111111	0.0238095238095	0.952380952381	0.403846153846	0.00961538461538	2250.0	0.0582603938731	13.0	0.0	0.0
CcastA	ACA	T	N	0.0	0.221153846154	0.166666666667	0.0384615384615	0.846153846154	0.426229508197	0.016393442623	1428.0	-0.107720588235	12.0	0.0	0.0
LanspB	ACA	T	N	0.0	0.65	0.142857142857	0.0222222222222	0.911111111111	0.714285714286	0.015873015873	1429.0	-0.0933561204871	12.0	0.0	0.0
CphanA	ACA	T	N	0.0	0.753703703704	0.153846153846	0.0246913580247	0.679012345679	0.698275862069	0.0172413793103	2247.0	-0.366579634465	12.0	0.0	0.0
LanspA	ACT	T	N	0.0	0.188524590164	0.2	0.0434782608696	0.95652173913	0.365079365079	0.015873015873	1429.0	0.0319461958806	13.0	0.0	0.0
CglabA	ACA	T	N	0.0	0.361184558435	0.285714285714	0.0540540540541	0.810810810811	0.536231884058	0.0289855072464	1413.0	0.219256933543	12.0	0.0	0.0
ScryoA	ACG	T	N	0.0	0.0333333291484	1.0	1.0	0.0	0.0144927536232	0.0289855072464	1424.0	4.58	14.0	0.0	0.05
ScryoA	ACT	T	N	0.0	0.0333333291484	0.166666666667	0.027027027027	0.621621621622	0.536231884058	0.0289855072464	1424.0	-0.51874838376	13.0	0.0	0.0
CsakeA	ACT	T	N	0.0	0.217821710393	0.1	0.0227272727273	0.931818181818	0.407407407407	0.00925925925926	2207.0	-0.082198564001	13.0	0.0	0.0
KlactA	ACA	T	N	0.0	0.666666666667	0.166666666667	0.0217391304348	0.891304347826	0.676470588235	0.0147058823529	1408.0	-0.190106895829	12.0	0.0	0.0
CzempA	ACT	T	N	0.0	0.749999913687	0.2	0.030303030303	0.636363636364	0.5	0.0151515151515	1428.0	-0.384862653419	13.0	0.0	0.0
PpastA	ACA	T	N	0.0	0.593406593407	0.0833333333333	0.0114942528736	0.83908045977	0.81308411215	0.00934579439252	2248.0	-0.307663410969	12.0	0.0	0.0
SjapoA	ACT	T	N	0.0	0.689368663517	0.166666666667	0.0344827586207	0.551724137931	0.816901408451	0.0281690140845	1423.0	-0.406141078838	13.0	0.0	0.0
MmagnB	ACA	T	N	0.0	0.616278937286	0.0909090909091	0.0112359550562	0.730337078652	0.760683760684	0.00854700854701	2249.0	-0.155421686747	12.0	0.0	0.0
MmagnA	ACA	T	N	0.0	0.616278937286	0.0909090909091	0.0111111111111	0.722222222222	0.769230769231	0.00854700854701	2249.0	-0.165992865636	12.0	0.0	0.0
MtetrA	ACA	T	N	0.0	0.40588232857	0.0909090909091	0.015873015873	0.650793650794	0.533898305085	0.00847457627119	2248.0	-0.237293675437	12.0	0.0	0.0
MtetrA	ACG	T	N	0.0	0.40588232857	0.142857142857	0.0588235294118	0.647058823529	0.14406779661	0.00847457627119	2248.0	0.13768686074	14.0	0.0	0.0
CsaraA	ACA	T	N	0.0	0.73762367179	0.0909090909091	0.0178571428571	0.928571428571	0.528301886792	0.00943396226415	2249.0	-0.00348027842227	12.0	0.0	0.0
CsuavA	ACA	T	N	0.0	0.197532860843	0.0769230769231	0.015625	0.84375	0.64	0.03	2250.0	-0.153732324893	12.0	0.0	0.0
CsuavA	ACT	T	N	0.0	0.197532860843	0.222222222222	0.0571428571429	0.828571428571	0.35	0.03	2250.0	0.187908496732	13.0	0.0	0.0
PkluyA	ACA	T	N	0.0	0.559782456709	0.0909090909091	0.010101010101	0.808080808081	0.87610619469	0.00884955752212	2247.0	-0.316040807467	12.0	0.0	0.0
PcanaA	ACA	T	N	0.0	0.416943521595	0.0833333333333	0.0169491525424	0.864406779661	0.59	0.03	2250.0	-0.0558629305729	12.0	0.0	0.0
PcanaA	ACT	T	N	0.0	0.416943521595	0.2	0.0487804878049	0.780487804878	0.41	0.03	2250.0	-0.08501913614	13.0	0.0	0.0
YlipoB	ACA	T	N	0.0	0.754588607595	0.0833333333333	0.0142857142857	0.657142857143	0.598290598291	0.017094017094	2247.0	-0.258245934033	12.0	0.0	0.0
YlipoB	ACT	T	N	0.0	0.754588607595	0.0909090909091	0.0212765957447	0.68085106383	0.401709401709	0.017094017094	2247.0	-0.264301230992	13.0	0.0	0.0
YlipoA	ACA	T	N	0.0	0.754588607595	0.0833333333333	0.0142857142857	0.657142857143	0.598290598291	0.017094017094	2247.0	-0.258245934033	12.0	0.0	0.0
YlipoA	ACT	T	N	0.0	0.754588607595	0.0909090909091	0.0212765957447	0.68085106383	0.401709401709	0.017094017094	2247.0	-0.264301230992	13.0	0.0	0.0
CjadiA	ACA	T	N	0.0	0.133192389006	0.0909090909091	0.0153846153846	0.907692307692	0.643564356436	0.029702970297	2250.0	-0.0216548157725	12.0	0.0	0.0
CjadiA	ACT	T	N	0.0	0.133192389006	0.2	0.0571428571429	0.742857142857	0.346534653465	0.029702970297	2250.0	-0.112234910277	13.0	0.0	0.0
NdelpA	ACA	T	N	0.0	0.746892655367	0.142857142857	0.0294117647059	0.794117647059	0.492753623188	0.0289855072464	1412.0	-0.0289115646259	12.0	0.0	0.0
NdelpA	ACT	T	N	0.0	0.746892655367	0.166666666667	0.0285714285714	0.885714285714	0.507246376812	0.0289855072464	1412.0	-0.0259238830667	13.0	0.0	0.0
LelonA	ACT	T	N	0.0	0.363945578231	0.166666666667	0.0384615384615	0.942307692308	0.504854368932	0.0194174757282	2249.0	0.00760690789474	13.0	0.0	0.0
CalimA	ACA	T	N	0.0	0.2625	0.0833333333333	0.0119047619048	0.690476190476	0.730434782609	0.0173913043478	2247.0	-0.339845236585	12.0	0.0	0.0
CalimA	ACT	T	N	0.0	0.2625	0.1	0.0322580645161	0.645161290323	0.269565217391	0.0173913043478	2247.0	-0.1968892261	13.0	0.0	0.0
BcaliA	ACA	T	N	0.0	0.808008504607	0.1	0.02	0.82	0.5	0.03	2250.0	-0.105076248172	12.0	0.0	0.0
BcaliA	ACT	T	N	0.0	0.808008504607	0.166666666667	0.04	0.82	0.5	0.03	2250.0	0.00385749943272	13.0	0.0	0.0
SoctoA	ACT	T	N	0.0	0.715908992826	0.166666666667	0.025641025641	0.615384615385	0.590909090909	0.0151515151515	1425.0	-0.373408423115	13.0	0.0	0.0
CvartA	ACA	T	N	0.0	0.80831643002	0.0833333333333	0.0416666666667	0.895833333333	0.475247524752	0.039603960396	2250.0	0.192595857206	12.0	0.0	0.0
CvartA	ACT	T	N	0.0	0.80831643002	0.2	0.0377358490566	0.77358490566	0.524752475248	0.039603960396	2250.0	-0.146295912015	13.0	0.0	0.0
CbuenA	ACG	T	N	7.0	0.00499999827373	1.0	1.0	0.0	0.00917431192661	0.00917431192661	2248.0	3.80909090909	14.0	0.0	0.288
CdefoA	ACA	T	N	0.0	0.779166590423	0.0833333333333	0.0128205128205	0.666666666667	0.661016949153	0.0169491525424	2247.0	-0.390313390313	12.0	0.0	0.0
CdefoA	ACT	T	N	0.0	0.779166590423	0.0909090909091	0.025641025641	0.666666666667	0.330508474576	0.0169491525424	2247.0	-0.158460161146	13.0	0.0	0.0
LdasiA	ACA	T	N	0.0	0.672131147541	0.142857142857	0.0232558139535	0.906976744186	0.671875	0.015625	1429.0	-0.055791118054	12.0	0.0	0.0
LkluyF	ACA	T	N	0.0	0.691666666667	0.142857142857	0.0243902439024	0.878048780488	0.630769230769	0.0153846153846	1429.0	-0.198546647914	12.0	0.0	0.0
LkluyE	ACA	T	N	0.0	0.691666666667	0.142857142857	0.0243902439024	0.878048780488	0.630769230769	0.0153846153846	1429.0	-0.198546647914	12.0	0.0	0.0
LkluyD	ACA	T	N	0.0	0.691666666667	0.142857142857	0.0243902439024	0.878048780488	0.630769230769	0.0153846153846	1429.0	-0.206047819972	12.0	0.0	0.0
LkluyC	ACA	T	N	0.0	0.691666666667	0.142857142857	0.0243902439024	0.878048780488	0.630769230769	0.0153846153846	1429.0	-0.198546647914	12.0	0.0	0.0
LkluyA	ACA	T	N	0.0	0.691666666667	0.142857142857	0.0243902439024	0.878048780488	0.630769230769	0.0153846153846	1429.0	-0.198546647914	12.0	0.0	0.0
ClusiA	ACT	T	N	0.0	0.349704870377	0.181818181818	0.03125	0.921875	0.598130841121	0.018691588785	2250.0	0.0237852531431	13.0	0.0	0.0
MguilA	ACT	T	N	0.0	0.189702931738	0.166666666667	0.04	0.92	0.47619047619	0.0190476190476	2250.0	-0.0320207702293	13.0	0.0	0.0
SpastA	ACA	T	N	0.0	0.749999913686	0.166666666667	0.030303030303	0.878787878788	0.507692307692	0.0153846153846	1429.0	-0.063736903376	12.0	0.0	0.0
ScereC	ACA	T	N	0.0	0.706896551724	0.142857142857	0.0263157894737	0.868421052632	0.612903225806	0.0161290322581	1429.0	-0.0980988593156	12.0	0.0	0.0
ScereA	ACA	T	N	0.0	0.706896551724	0.142857142857	0.0263157894737	0.868421052632	0.612903225806	0.0161290322581	1429.0	-0.0980988593156	12.0	0.0	0.0
ScereD	ACA	T	N	0.0	0.706896551724	0.142857142857	0.027027027027	0.891891891892	0.606557377049	0.016393442623	1429.0	-0.0332813312533	12.0	0.0	0.0
ScereE	ACA	T	N	0.0	0.706896551724	0.142857142857	0.0277777777778	0.916666666667	0.590163934426	0.016393442623	1429.0	-0.0491584290676	12.0	0.0	0.0
DhansA	ACT	T	N	0.0	0.742424242424	0.0909090909091	0.0188679245283	0.943396226415	0.524752475248	0.00990099009901	2250.0	-0.0353732638889	13.0	0.0	0.0
LnothA	ACA	T	N	0.0	0.675	0.142857142857	0.0238095238095	0.904761904762	0.65625	0.015625	1429.0	-0.0638882528051	12.0	0.0	0.0
BcustA	ACA	T	N	0.0	0.36797752809	0.181818181818	0.0327868852459	0.704918032787	0.512605042017	0.0168067226891	2247.0	-0.252816660976	12.0	0.0	0.0
MingeA	ACA	T	N	0.0	0.7	0.1	0.0149253731343	0.746268656716	0.603603603604	0.00900900900901	2249.0	-0.308480453972	12.0	0.0	0.0
ScastA	ACA	T	N	0.0	0.732758528423	0.142857142857	0.0263157894737	0.789473684211	0.575757575758	0.0151515151515	1426.0	-0.0768643420718	12.0	0.0	0.0
CmaltA	ACT	T	N	0.0	0.696969592347	0.1	0.0161290322581	0.951612903226	0.613861386139	0.00990099009901	2250.0	0.0605106680658	13.0	0.0	0.0