### Random Forest prediction
genome	codon	ori_aa	rea_aa	fitch	Fisher_pval	Gene_frac	N._rea	N._used	Cod._count	Sub._count	G._len	codon_lik	id	prediction	probability
CgallA	TCA	S	F	0.0	0.753846068861	0.0833333333333	0.0123456790123	0.777777777778	0.48502994012	0.0059880239521	2247.0	-1.97377393129	28.0	0.0	0.0
CsantA	AGC	S	F	0.0	0.0846773956882	0.1	0.0416666666667	0.666666666667	0.135593220339	0.00564971751412	2220.0	-1.80347593583	11.0	0.0	0.0
CsubhA	AGC	S	F	0.0	0.824999939581	0.0909090909091	0.0161290322581	0.887096774194	0.350282485876	0.00564971751412	2244.0	-1.82745371987	11.0	0.0	0.0
CsubhB	AGC	S	F	0.0	0.824999939581	0.0909090909091	0.0161290322581	0.887096774194	0.350282485876	0.00564971751412	2244.0	-1.82745371987	11.0	0.0	0.0
NbaciA	TCT	S	F	0.0	0.337209234078	0.166666666667	0.0263157894737	0.868421052632	0.372549019608	0.00980392156863	1428.0	-1.90884115884	29.0	0.0	0.0
MfariA	AGC	S	F	0.0	0.0341614874666	1.0	0.333333333333	0.666666666667	0.0169491525424	0.00564971751412	2248.0	0.407766990291	11.0	0.0	0.063
CphanA	TCA	S	F	0.0	0.753846068861	0.0833333333333	0.0117647058824	0.741176470588	0.518292682927	0.00609756097561	2247.0	-1.98285075183	28.0	0.0	0.0
HuvarA	TCA	S	F	0.0	0.771428492513	0.166666666667	0.02	0.62	0.47619047619	0.00952380952381	1361.0	-1.97726838586	28.0	0.0	0.0
CzempA	AGT	S	F	0.0	0.704385058632	0.333333333333	0.0526315789474	0.552631578947	0.345454545455	0.0272727272727	1428.0	-1.74560080442	9.0	0.0	0.0
CzempA	TCA	S	F	0.0	0.704385058632	0.166666666667	0.0263157894737	0.526315789474	0.345454545455	0.0272727272727	1428.0	-1.83275087369	28.0	0.0	0.0
SjapoA	TCT	S	F	0.0	0.680327758484	0.142857142857	0.016393442623	0.622950819672	0.586538461538	0.00961538461538	1423.0	-1.80954609265	29.0	0.0	0.0
MmagnB	TCA	S	F	0.0	0.273722583635	0.0909090909091	0.0192307692308	0.653846153846	0.295454545455	0.00568181818182	2249.0	-1.88601036269	28.0	0.0	0.0
MmagnA	TCA	S	F	0.0	0.266423313562	0.0909090909091	0.0192307692308	0.653846153846	0.295454545455	0.00568181818182	2249.0	-1.88601036269	28.0	0.0	0.0
YlipoB	TCT	S	F	0.0	0.156249956843	0.111111111111	0.0243902439024	0.756097560976	0.25	0.00609756097561	2247.0	-1.8550443459	29.0	0.0	0.0
YlipoA	TCT	S	F	0.0	0.156249956843	0.111111111111	0.0243902439024	0.756097560976	0.25	0.00609756097561	2247.0	-1.8550443459	29.0	0.0	0.0
CalimA	TCT	S	F	0.0	0.119230733377	0.111111111111	0.027027027027	0.702702702703	0.222891566265	0.00602409638554	2247.0	-1.84671311724	29.0	0.0	0.0
CdefoA	TCT	S	F	0.0	0.126923038414	0.1	0.0263157894737	0.736842105263	0.230303030303	0.00606060606061	2247.0	-1.83183453237	29.0	0.0	0.0
MingeA	TCA	S	F	0.0	0.402877630778	0.0833333333333	0.013698630137	0.72602739726	0.394594594595	0.00540540540541	2249.0	-1.87089403028	28.0	0.0	0.0