### Random Forest prediction
genome	codon	ori_aa	rea_aa	fitch	Fisher pval	Gene frac	N. rea	N. used	Cod. count	Sub. count	G. len	codon_lik	id	prediction
Paracentrotus	TCT	S	G	0.0	0.0481287667602	0.5	0.152173913043	0.5	0.368	0.096	1926.0	-0.0764730463853	29.0	0.0
Paracentrotus	AGT	S	G	0.0	0.0481287667602	0.5	0.5	0.25	0.032	0.096	1926.0	1.34782608696	9.0	0.0
Paracentrotus	TCC	S	G	0.0	0.0481287667602	0.222222222222	0.0666666666667	0.5	0.24	0.096	1926.0	-0.451171875	31.0	0.0
Paracentrotus	TCA	S	G	0.0	0.0481287667602	0.111111111111	0.0285714285714	0.714285714286	0.28	0.096	1926.0	-0.417545807885	28.0	0.0
Phoenix_dactylifera	AGT	S	G	0.0	0.861904714227	0.111111111111	0.0344827586207	0.965517241379	0.188311688312	0.00649350649351	1738.0	0.124666666667	9.0	0.0
Caenorhabditis	TCG	S	G	0.0	0.728887278702	0.333333333333	0.25	0.0	0.0327868852459	0.155737704918	1865.0	-0.792079207921	30.0	0.0
Caenorhabditis	TCT	S	G	0.0	0.728887278702	0.6	0.148936170213	0.36170212766	0.385245901639	0.155737704918	1865.0	-0.0675731355583	29.0	0.0
Caenorhabditis	AGT	S	G	0.0	0.728887278702	0.363636363636	0.147058823529	0.264705882353	0.27868852459	0.155737704918	1865.0	-0.474971558589	9.0	0.0
Caenorhabditis	TCA	S	G	0.0	0.728887278702	0.3	0.193548387097	0.290322580645	0.254098360656	0.155737704918	1865.0	-0.229508196721	28.0	0.0
Physcomitrella_patens	AGT	S	G	0.0	0.491869872385	0.1	0.030303030303	0.969696969697	0.2578125	0.0078125	1926.0	0.000586166471278	9.0	0.0
Schistosoma	TCT	S	G	0.0	0.554052281296	0.3	0.0612244897959	0.285714285714	0.35	0.1	1800.0	-0.802542709575	29.0	0.0
Schistosoma	AGT	S	G	0.0	0.554052281296	0.416666666667	0.122448979592	0.34693877551	0.35	0.1	1800.0	-0.415605095541	9.0	0.0
Schistosoma	AGC	S	G	0.0	0.554052281296	1.0	1.0	0.0	0.00714285714286	0.1	1800.0	4.38461538462	11.0	0.0
Schistosoma	TCA	S	G	0.0	0.554052281296	0.4	0.153846153846	0.384615384615	0.185714285714	0.1	1800.0	-0.135981665393	28.0	0.0
Fasciola	TCG	S	G	0.0	0.632016292815	0.166666666667	0.125	0.25	0.0559440559441	0.111888111888	1825.0	-0.961445783133	30.0	0.0
Fasciola	TCT	S	G	0.0	0.632016292815	0.333333333333	0.111111111111	0.347222222222	0.503496503497	0.111888111888	1825.0	-0.260517799353	29.0	0.0
Fasciola	AGT	S	G	0.0	0.632016292815	0.416666666667	0.127659574468	0.340425531915	0.328671328671	0.111888111888	1825.0	-0.189619942787	9.0	0.0
Fasciola	AGC	S	G	0.0	0.632016292815	0.5	0.5	0.0	0.013986013986	0.111888111888	1825.0	1.53125	11.0	0.0
Dunaliella_salina	TCG	S	G	0.0	0.0775144340977	1.0	1.0	0.0	0.0102040816327	0.122448979592	1392.0	4.76785714286	30.0	0.0
Dunaliella_salina	TCT	S	G	0.0	0.0775144340977	0.5	0.166666666667	0.6	0.30612244898	0.122448979592	1392.0	0.125162972621	29.0	0.0
Dunaliella_salina	AGT	S	G	0.0	0.0775144340977	0.285714285714	0.046511627907	0.674418604651	0.438775510204	0.122448979592	1392.0	-0.251555555556	9.0	0.0
Dunaliella_salina	AGC	S	G	0.0	0.0775144340977	0.333333333333	0.2	0.7	0.102040816327	0.122448979592	1392.0	0.398390342052	11.0	0.0
Dunaliella_salina	TCA	S	G	0.0	0.0775144340977	0.5	0.2	0.4	0.102040816327	0.122448979592	1392.0	0.119691119691	28.0	0.0
Patiria	TCG	S	G	0.0	0.629697867189	0.2	0.111111111111	0.444444444444	0.0731707317073	0.0894308943089	1926.0	0.154013015184	30.0	0.0
Patiria	TCT	S	G	0.0	0.629697867189	0.333333333333	0.131578947368	0.526315789474	0.308943089431	0.0894308943089	1926.0	0.0831991411702	29.0	0.0
Patiria	AGC	S	G	0.0	0.629697867189	0.166666666667	0.1	0.5	0.0813008130081	0.0894308943089	1926.0	-0.145383104126	11.0	0.0
Patiria	TCC	S	G	0.0	0.629697867189	0.333333333333	0.0810810810811	0.648648648649	0.30081300813	0.0894308943089	1926.0	-0.162273901809	31.0	0.0
Patiria	TCA	S	G	0.0	0.629697867189	0.142857142857	0.0416666666667	0.75	0.19512195122	0.0894308943089	1926.0	-0.338486574451	28.0	0.0
Chaetosphaeridium_globosum	AGC	S	G	0.0	0.0120579851323	0.5	0.333333333333	0.333333333333	0.0234375	0.015625	1930.0	0.788079470199	11.0	0.0
Chaetosphaeridium_globosum	TCA	S	G	0.0	0.0120579851323	0.0909090909091	0.0294117647059	0.970588235294	0.265625	0.015625	1930.0	-0.111370262391	28.0	0.0
Mesostigma_viride	TCA	S	G	0.0	0.205128172668	0.125	0.0434782608696	0.913043478261	0.1796875	0.0078125	1873.0	-0.214592274678	28.0	0.0
Pseudendoclonium_akinetum	AGT	S	G	0.0	0.0915068356598	0.181818181818	0.063829787234	0.574468085106	0.313333333333	0.04	1930.0	-0.292093404342	9.0	0.0
Pseudendoclonium_akinetum	AGC	S	G	0.0	0.0915068356598	0.181818181818	0.115384615385	0.5	0.173333333333	0.04	1930.0	-0.218894009217	11.0	0.0
Lumbricus	TCG	S	G	0.0	0.641914055731	0.5	0.5	0.5	0.015873015873	0.134920634921	1920.0	1.94495412844	30.0	0.0
Lumbricus	TCT	S	G	0.0	0.641914055731	0.363636363636	0.114285714286	0.457142857143	0.277777777778	0.134920634921	1920.0	-0.416240772288	29.0	0.0
Lumbricus	AGT	S	G	0.0	0.641914055731	0.25	0.142857142857	0.142857142857	0.0555555555556	0.134920634921	1920.0	-0.717451523546	9.0	0.0
Lumbricus	TCC	S	G	0.0	0.641914055731	0.333333333333	0.111111111111	0.444444444444	0.214285714286	0.134920634921	1920.0	-0.55698005698	31.0	0.0
Lumbricus	TCA	S	G	0.0	0.641914055731	0.545454545455	0.166666666667	0.583333333333	0.380952380952	0.134920634921	1920.0	-0.0859634551495	28.0	0.0
Halocynthia	TCT	S	G	0.0	0.920858749795	0.333333333333	0.08	0.56	0.36231884058	0.0579710144928	1893.0	-0.29381443299	29.0	0.0
Halocynthia	AGT	S	G	0.0	0.920858749795	0.272727272727	0.0677966101695	0.406779661017	0.427536231884	0.0579710144928	1893.0	-0.741121805509	9.0	0.0
Limulus	TCG	S	G	0.0	0.262413623241	0.5	0.5	0.5	0.0152671755725	0.0916030534351	1919.0	1.47058823529	30.0	0.0
Limulus	TCT	S	G	0.0	0.262413623241	0.1	0.0408163265306	0.551020408163	0.374045801527	0.0916030534351	1919.0	-0.549043062201	29.0	0.0
Limulus	AGT	S	G	0.0	0.262413623241	0.2	0.111111111111	0.444444444444	0.0687022900763	0.0916030534351	1919.0	-0.163793103448	9.0	0.0
Limulus	TCC	S	G	0.0	0.262413623241	0.333333333333	0.125	0.375	0.18320610687	0.0916030534351	1919.0	-0.164106709782	31.0	0.0
Limulus	TCA	S	G	0.0	0.262413623241	0.363636363636	0.119047619048	0.619047619048	0.320610687023	0.0916030534351	1919.0	-0.113941639648	28.0	0.0
Bracteacoccus_aerius	TCT	S	G	0.0	0.594881808478	0.125	0.0769230769231	0.538461538462	0.116071428571	0.0357142857143	1789.0	-0.129985228951	29.0	0.0
Bracteacoccus_aerius	AGT	S	G	0.0	0.594881808478	0.222222222222	0.0454545454545	0.704545454545	0.392857142857	0.0357142857143	1789.0	-0.397033158813	9.0	0.0
Bracteacoccus_aerius	AGC	S	G	0.0	0.594881808478	0.111111111111	0.0222222222222	0.711111111111	0.401785714286	0.0357142857143	1789.0	-0.328030954428	11.0	0.0
Pycnococcus_provasolii	AGT	S	G	0.0	0.116735804671	0.222222222222	0.0833333333333	0.666666666667	0.18320610687	0.030534351145	1930.0	-0.377939983779	9.0	0.0
Pycnococcus_provasolii	AGC	S	G	0.0	0.116735804671	0.125	0.0588235294118	0.764705882353	0.129770992366	0.030534351145	1930.0	-0.250851305335	11.0	0.0
Pycnococcus_provasolii	TCA	S	G	0.0	0.116735804671	0.166666666667	0.0625	0.6875	0.12213740458	0.030534351145	1930.0	-0.169064748201	28.0	0.0
Polytoma_uvella	TCT	S	G	0.0	0.521142549478	0.2	0.166666666667	0.5	0.0652173913043	0.0760869565217	1394.0	0.193333333333	29.0	0.0
Polytoma_uvella	AGT	S	G	0.0	0.521142549478	0.166666666667	0.111111111111	0.444444444444	0.0978260869565	0.0760869565217	1394.0	-0.313769751693	9.0	0.0
Polytoma_uvella	AGC	S	G	0.0	0.521142549478	0.4	0.0769230769231	0.769230769231	0.282608695652	0.0760869565217	1394.0	0.0832713754647	11.0	0.0
Polytoma_uvella	TCC	S	G	0.0	0.521142549478	0.428571428571	0.0666666666667	0.755555555556	0.489130434783	0.0760869565217	1394.0	0.00556268720582	31.0	0.0
Axinella	TCT	S	G	0.0	0.659335530364	0.2	0.0526315789474	0.815789473684	0.306451612903	0.0483870967742	1924.0	-0.0927461139896	29.0	0.0
Axinella	AGT	S	G	0.0	0.659335530364	0.2	0.0714285714286	0.75	0.225806451613	0.0483870967742	1924.0	0.0324809951624	9.0	0.0
Axinella	TCC	S	G	0.0	0.659335530364	0.25	0.166666666667	0.833333333333	0.0483870967742	0.0483870967742	1924.0	0.535483870968	31.0	0.0
Axinella	TCA	S	G	0.0	0.659335530364	0.125	0.0344827586207	0.793103448276	0.233870967742	0.0483870967742	1924.0	-0.18322147651	28.0	0.0
Terebratulina	TCT	S	G	0.0	0.123437571481	0.363636363636	0.142857142857	0.47619047619	0.333333333333	0.0793650793651	1915.0	-0.243981481481	29.0	0.0
Terebratulina	AGT	S	G	0.0	0.123437571481	0.333333333333	0.333333333333	0.666666666667	0.0238095238095	0.0793650793651	1915.0	1.49006622517	9.0	0.0
Terebratulina	AGC	S	G	0.0	0.123437571481	0.2	0.166666666667	0.5	0.047619047619	0.0793650793651	1915.0	0.506666666667	11.0	0.0
Terebratulina	TCC	S	G	0.0	0.123437571481	0.0909090909091	0.0217391304348	0.565217391304	0.365079365079	0.0793650793651	1915.0	-0.749470114455	31.0	0.0
Terebratulina	TCA	S	G	0.0	0.123437571481	0.0909090909091	0.0384615384615	0.576923076923	0.206349206349	0.0793650793651	1915.0	-0.5618754804	28.0	0.0
Bfloridae	TCG	S	G	0.0	0.685897420405	0.2	0.125	0.75	0.0987654320988	0.0246913580247	1192.0	0.211796246649	30.0	0.0
Bfloridae	TCT	S	G	0.0	0.685897420405	0.142857142857	0.05	0.8	0.246913580247	0.0246913580247	1192.0	-0.0653021442495	29.0	0.0
Katharina	TCG	S	G	0.0	0.411614822698	0.333333333333	0.25	0.75	0.0336134453782	0.0756302521008	1917.0	0.732057416268	30.0	0.0
Katharina	TCT	S	G	0.0	0.411614822698	0.272727272727	0.0754716981132	0.754716981132	0.445378151261	0.0756302521008	1917.0	-0.0760828625235	29.0	0.0
Katharina	TCA	S	G	0.0	0.411614822698	0.444444444444	0.129032258065	0.451612903226	0.260504201681	0.0756302521008	1917.0	-0.396132252027	28.0	0.0
Geodia	TCT	S	G	0.0	0.501566927181	0.166666666667	0.0425531914894	0.829787234043	0.361538461538	0.0384615384615	1925.0	-0.140945211209	29.0	0.0
Geodia	AGT	S	G	0.0	0.501566927181	0.111111111111	0.0322580645161	0.806451612903	0.238461538462	0.0384615384615	1925.0	-0.174702567314	9.0	0.0
Geodia	AGC	S	G	0.0	0.501566927181	0.25	0.166666666667	0.5	0.0461538461538	0.0384615384615	1925.0	0.390476190476	11.0	0.0
Geodia	TCA	S	G	0.0	0.501566927181	0.1	0.03125	0.8125	0.246153846154	0.0384615384615	1925.0	-0.271289537713	28.0	0.0
Metridium	TCT	S	G	0.0	0.608016792979	0.0833333333333	0.02	0.82	0.416666666667	0.025	1928.0	-0.204393879953	29.0	0.0
Metridium	AGT	S	G	0.0	0.608016792979	0.111111111111	0.04	0.76	0.208333333333	0.025	1928.0	-0.42578125	9.0	0.0
Metridium	TCC	S	G	0.0	0.608016792979	0.166666666667	0.0833333333333	0.75	0.1	0.025	1928.0	-0.0132669983416	31.0	0.0
Chlamydomonas_reinhardtii	TCT	S	G	0.0	0.861832888888	0.142857142857	0.0769230769231	0.653846153846	0.276595744681	0.0957446808511	1389.0	-0.201612903226	29.0	0.0
Chlamydomonas_reinhardtii	AGT	S	G	0.0	0.861832888888	0.428571428571	0.125	0.59375	0.340425531915	0.0957446808511	1389.0	0.00861538461538	9.0	0.0
Chlamydomonas_reinhardtii	AGC	S	G	0.0	0.861832888888	0.428571428571	0.103448275862	0.655172413793	0.308510638298	0.0957446808511	1389.0	0.0407894736842	11.0	0.0
Acropora	TCT	S	G	0.0	0.307339115684	0.0909090909091	0.0196078431373	0.78431372549	0.40157480315	0.0314960629921	1926.0	-0.210668728257	29.0	0.0
Acropora	AGT	S	G	0.0	0.307339115684	0.0909090909091	0.0357142857143	0.678571428571	0.220472440945	0.0314960629921	1926.0	-0.181754385965	9.0	0.0
Acropora	TCC	S	G	0.0	0.307339115684	0.142857142857	0.0909090909091	0.636363636364	0.0866141732283	0.0314960629921	1926.0	-0.227826086957	31.0	0.0
Acropora	TCA	S	G	0.0	0.307339115684	0.142857142857	0.1	0.7	0.0787401574803	0.0314960629921	1926.0	-0.323529411765	28.0	0.0
Trichinella	TCG	S	G	0.0	0.668574537272	0.2	0.0909090909091	0.454545454545	0.0839694656489	0.106870229008	1883.0	-0.645101663586	30.0	0.0
Trichinella	TCT	S	G	0.0	0.668574537272	0.444444444444	0.137931034483	0.344827586207	0.221374045802	0.106870229008	1883.0	-0.475431606906	29.0	0.0
Trichinella	AGT	S	G	0.0	0.668574537272	0.222222222222	0.1	0.4	0.152671755725	0.106870229008	1883.0	-0.543021032505	9.0	0.0
Trichinella	AGC	S	G	0.0	0.668574537272	0.5	0.230769230769	0.307692307692	0.0992366412214	0.106870229008	1883.0	-0.0910470409712	11.0	0.0
Trichinella	TCC	S	G	0.0	0.668574537272	0.125	0.047619047619	0.333333333333	0.160305343511	0.106870229008	1883.0	-0.632993512512	31.0	0.0
Trichinella	TCA	S	G	0.0	0.668574537272	0.333333333333	0.0810810810811	0.486486486486	0.282442748092	0.106870229008	1883.0	-0.233814874264	28.0	0.0
Bracteacoccus_minor	TCT	S	G	0.0	0.140953881811	0.285714285714	0.105263157895	0.368421052632	0.191919191919	0.0505050505051	1686.0	-0.166	29.0	0.0
Bracteacoccus_minor	AGT	S	G	0.0	0.140953881811	0.333333333333	0.075	0.675	0.40404040404	0.0505050505051	1686.0	-0.227008712488	9.0	0.0
Chromochloris_zofingiensis	TCT	S	G	0.0	0.406989451342	0.222222222222	0.117647058824	0.323529411765	0.34	0.11	1522.0	-0.597740112994	29.0	0.0
Chromochloris_zofingiensis	AGT	S	G	0.0	0.406989451342	0.4	0.0909090909091	0.563636363636	0.55	0.11	1522.0	-0.290138839445	9.0	0.0
Chromochloris_zofingiensis	AGC	S	G	0.0	0.406989451342	0.333333333333	0.2	0.5	0.1	0.11	1522.0	0.257751937984	11.0	0.0
Balanoglossus	TCT	S	G	0.0	0.813021842223	0.222222222222	0.08	0.72	0.189393939394	0.0757575757576	1926.0	-0.178762414057	29.0	0.0
Balanoglossus	AGC	S	G	0.0	0.813021842223	0.1	0.0555555555556	0.666666666667	0.136363636364	0.0757575757576	1926.0	-0.453074433657	11.0	0.0
Balanoglossus	TCC	S	G	0.0	0.813021842223	0.363636363636	0.125	0.575	0.30303030303	0.0757575757576	1926.0	-0.241162227603	31.0	0.0
Balanoglossus	TCA	S	G	0.0	0.813021842223	0.181818181818	0.0588235294118	0.735294117647	0.257575757576	0.0757575757576	1926.0	-0.193641618497	28.0	0.0
Drosophila	TCT	S	G	0.0	0.240249756603	0.272727272727	0.0925925925926	0.5	0.482142857143	0.0625	1919.0	-0.444647424187	29.0	0.0
Drosophila	TCC	S	G	0.0	0.240249756603	0.333333333333	0.333333333333	0.666666666667	0.0267857142857	0.0625	1919.0	0.936708860759	31.0	0.0
Drosophila	TCA	S	G	0.0	0.240249756603	0.111111111111	0.025	0.65	0.357142857143	0.0625	1919.0	-0.419651500484	28.0	0.0
Myxine	TCT	S	G	0.0	0.0530345114329	0.545454545455	0.205128205128	0.487179487179	0.233532934132	0.101796407186	1919.0	0.18875502008	29.0	0.0
Myxine	AGT	S	G	0.0	0.0530345114329	0.166666666667	0.142857142857	0.428571428571	0.0419161676647	0.101796407186	1919.0	-0.320652173913	9.0	0.0
Myxine	AGC	S	G	0.0	0.0530345114329	0.5	0.176470588235	0.411764705882	0.101796407186	0.101796407186	1919.0	0.440972222222	11.0	0.0
Myxine	TCC	S	G	0.0	0.0530345114329	0.25	0.075	0.525	0.239520958084	0.101796407186	1919.0	-0.31938976378	31.0	0.0
Myxine	TCA	S	G	0.0	0.0530345114329	0.181818181818	0.0333333333333	0.6	0.359281437126	0.101796407186	1919.0	-0.594240837696	28.0	0.0
Ciona	TCT	S	G	0.0	0.686121296051	0.416666666667	0.0704225352113	0.380281690141	0.422619047619	0.0654761904762	1891.0	-0.628823367319	29.0	0.0
Ciona	AGT	S	G	0.0	0.686121296051	0.25	0.0952380952381	0.547619047619	0.25	0.0654761904762	1891.0	-0.251621872104	9.0	0.0
Ciona	TCC	S	G	0.0	0.686121296051	0.166666666667	0.0833333333333	0.333333333333	0.0714285714286	0.0654761904762	1891.0	-0.863636363636	31.0	0.0
Ciona	TCA	S	G	0.0	0.686121296051	0.0833333333333	0.0263157894737	0.473684210526	0.22619047619	0.0654761904762	1891.0	-0.635455023672	28.0	0.0
Epigonichthys	TCG	S	G	0.0	0.331431428674	0.166666666667	0.1	0.7	0.0869565217391	0.0608695652174	1918.0	-0.178431372549	30.0	0.0
Epigonichthys	TCT	S	G	0.0	0.331431428674	0.166666666667	0.04	0.66	0.434782608696	0.0608695652174	1918.0	-0.406799531067	29.0	0.0
Epigonichthys	TCC	S	G	0.0	0.331431428674	0.285714285714	0.153846153846	0.538461538462	0.113043478261	0.0608695652174	1918.0	-0.123906705539	31.0	0.0
Epigonichthys	TCA	S	G	0.0	0.331431428674	0.142857142857	0.111111111111	0.555555555556	0.15652173913	0.0608695652174	1918.0	-0.0426695842451	28.0	0.0
Daphnia	TCT	S	G	0.0	0.240856644264	0.0833333333333	0.0392156862745	0.549019607843	0.418032786885	0.0737704918033	1916.0	-0.522382249903	29.0	0.0
Daphnia	AGT	S	G	0.0	0.240856644264	0.3	0.1875	0.3125	0.131147540984	0.0737704918033	1916.0	0.030637254902	9.0	0.0
Daphnia	AGC	S	G	0.0	0.240856644264	0.125	0.1	0.7	0.0819672131148	0.0737704918033	1916.0	-0.327485380117	11.0	0.0
Daphnia	TCC	S	G	0.0	0.240856644264	0.142857142857	0.0769230769231	0.538461538462	0.106557377049	0.0737704918033	1916.0	-0.239329268293	31.0	0.0
Daphnia	TCA	S	G	0.0	0.240856644264	0.222222222222	0.0869565217391	0.565217391304	0.188524590164	0.0737704918033	1916.0	-0.217021276596	28.0	0.0
Homo	AGT	S	G	0.0	0.373770747991	0.166666666667	0.166666666667	0.166666666667	0.046875	0.0859375	1920.0	0.313915857605	9.0	0.0
Homo	AGC	S	G	0.0	0.373770747991	0.375	0.142857142857	0.571428571429	0.1640625	0.0859375	1920.0	0.210720887246	11.0	0.0
Homo	TCC	S	G	0.0	0.373770747991	0.3	0.093023255814	0.674418604651	0.3359375	0.0859375	1920.0	-0.201099404489	31.0	0.0
Homo	TCA	S	G	0.0	0.373770747991	0.3	0.075	0.65	0.3125	0.0859375	1920.0	-0.227361246349	28.0	0.0
Blanceolatum	TCA	S	G	0.0	0.192176865464	0.333333333333	0.153846153846	0.538461538462	0.171052631579	0.0263157894737	1187.0	-0.429429429429	28.0	0.0
Saccoglossus	TCT	S	G	0.0	0.197168954996	0.5	0.102040816327	0.632653061224	0.352517985612	0.0791366906475	1924.0	-0.190362405416	29.0	0.0
Saccoglossus	AGC	S	G	0.0	0.197168954996	0.4	0.25	0.5	0.0575539568345	0.0791366906475	1924.0	0.533512064343	11.0	0.0
Saccoglossus	TCA	S	G	0.0	0.197168954996	0.272727272727	0.105263157895	0.605263157895	0.273381294964	0.0791366906475	1924.0	-0.358935742972	28.0	0.0

### Alignment improvement:
