### Random Forest prediction
genome	codon	ori_aa	rea_aa	fitch	Fisher pval	Gene frac	N. rea	N. used	Cod. count	Sub. count	G. len	codon_lik	id	prediction
Paracentrotus	GCC	A	L	0.0	0.482558085338	0.125	0.027027027027	0.702702702703	0.373737373737	0.010101010101	1436.0	-1.0938215103	47.0	0.0
Schistosoma	GCT	A	L	0.0	0.63157882017	0.142857142857	0.0344827586207	0.448275862069	0.783783783784	0.027027027027	1278.0	-1.02155172414	45.0	0.0
Fasciola	GCT	A	L	0.0	0.672413680003	0.125	0.025	0.45	0.754716981132	0.0188679245283	1341.0	-1.22327044025	45.0	0.0
Lumbricus	GCA	A	L	0.0	0.101815571522	0.111111111111	0.0263157894737	0.763157894737	0.327586206897	0.0258620689655	1525.0	-1.24107142857	44.0	0.0
Lumbricus	GCT	A	L	0.0	0.101815571522	0.111111111111	0.025	0.825	0.344827586207	0.0258620689655	1525.0	-0.954108858058	45.0	0.0
Lumbricus	GCG	A	L	0.0	0.101815571522	0.5	0.25	0.5	0.0344827586207	0.0258620689655	1525.0	0.520408163265	46.0	0.0
Halocynthia	GCT	A	L	0.0	0.805376905336	0.2	0.046511627907	0.813953488372	0.614285714286	0.0285714285714	1418.0	-0.903162055336	45.0	0.0
Caenorhabditis	GCA	A	L	0.0	0.064247119451	0.285714285714	0.12	0.64	0.324675324675	0.0649350649351	1433.0	-0.708754208754	44.0	0.0
Caenorhabditis	GCT	A	L	0.0	0.064247119451	0.125	0.0222222222222	0.644444444444	0.584415584416	0.0649350649351	1433.0	-1.22693032015	45.0	0.0
Caenorhabditis	GCG	A	L	0.0	0.064247119451	0.5	0.5	0.0	0.025974025974	0.0649350649351	1433.0	1.12244897959	46.0	0.0
Axinella	GCA	A	L	0.0	0.933532261371	0.125	0.0294117647059	0.705882352941	0.300884955752	0.0265486725664	1523.0	-0.849936948298	44.0	0.0
Axinella	GCC	A	L	0.0	0.933532261371	0.125	0.0357142857143	0.964285714286	0.247787610619	0.0265486725664	1523.0	-0.911214953271	47.0	0.0
Axinella	GCT	A	L	0.0	0.933532261371	0.1	0.030303030303	0.818181818182	0.29203539823	0.0265486725664	1523.0	-1.22049286641	45.0	0.0
Terebratulina	GCA	A	L	0.0	0.940754046607	0.125	0.0322580645161	0.741935483871	0.26724137931	0.0431034482759	1487.0	-1.18169398907	44.0	0.0
Terebratulina	GCC	A	L	0.0	0.940754046607	0.25	0.0545454545455	0.709090909091	0.474137931034	0.0431034482759	1487.0	-0.916024653313	47.0	0.0
Terebratulina	GCT	A	L	0.0	0.940754046607	0.125	0.0416666666667	0.791666666667	0.206896551724	0.0431034482759	1487.0	-1.00700525394	45.0	0.0
Bfloridae	GCT	A	L	2.0	0.459016367973	0.166666666667	0.0322580645161	0.935483870968	0.476923076923	0.0307692307692	875.0	-1.06486486486	45.0	0.0
Bfloridae	GCG	A	L	2.0	0.459016367973	0.2	0.1	0.8	0.153846153846	0.0307692307692	875.0	-0.665236051502	46.0	0.0
Katharina	GCA	A	L	0.0	0.0475376169361	0.125	0.0384615384615	0.769230769231	0.26	0.03	1515.0	-1.13731825525	44.0	0.0
Katharina	GCC	A	L	0.0	0.0475376169361	0.4	0.117647058824	0.647058823529	0.17	0.03	1515.0	-1.01724137931	47.0	0.0
Geodia	GCA	A	L	0.0	0.339831820506	0.222222222222	0.0714285714286	0.714285714286	0.261682242991	0.0467289719626	1524.0	-1.02571860817	44.0	0.0
Geodia	GCC	A	L	0.0	0.339831820506	0.142857142857	0.0769230769231	0.692307692308	0.121495327103	0.0467289719626	1524.0	-1.03986710963	47.0	0.0
Geodia	GCT	A	L	0.0	0.339831820506	0.1	0.02	0.86	0.467289719626	0.0467289719626	1524.0	-0.967381974249	45.0	0.0
Geodia	GCG	A	L	0.0	0.339831820506	0.125	0.0625	0.8125	0.14953271028	0.0467289719626	1524.0	-0.806451612903	46.0	0.0
Metridium	GCA	A	L	0.0	0.59578131959	0.166666666667	0.0555555555556	0.722222222222	0.157894736842	0.0350877192982	1534.0	-1.33816425121	44.0	0.0
Metridium	GCC	A	L	0.0	0.59578131959	0.222222222222	0.0571428571429	0.885714285714	0.30701754386	0.0350877192982	1534.0	-0.847272727273	47.0	0.0
Metridium	GCT	A	L	0.0	0.59578131959	0.111111111111	0.0204081632653	0.857142857143	0.429824561404	0.0350877192982	1534.0	-1.18733509235	45.0	0.0
Acropora	GCC	A	L	0.0	0.488992293746	0.166666666667	0.0588235294118	0.882352941176	0.150442477876	0.0353982300885	1532.0	-1.10886075949	47.0	0.0
Acropora	GCT	A	L	0.0	0.488992293746	0.1	0.0238095238095	0.857142857143	0.371681415929	0.0353982300885	1532.0	-1.10256410256	45.0	0.0
Acropora	GCG	A	L	0.0	0.488992293746	0.111111111111	0.0606060606061	0.666666666667	0.29203539823	0.0353982300885	1532.0	-0.997399219766	46.0	0.0
Trichinella	GCC	A	L	0.0	0.147058772757	0.25	0.0833333333333	0.75	0.218181818182	0.0181818181818	1259.0	-0.850694444444	47.0	0.0
Balanoglossus	GCC	A	L	0.0	0.639249611493	0.111111111111	0.0434782608696	0.826086956522	0.422018348624	0.0183486238532	1534.0	-1.00280112045	47.0	0.0
Drosophila	GCA	A	L	0.0	0.151685360285	0.142857142857	0.0588235294118	0.941176470588	0.175257731959	0.0103092783505	1523.0	-0.755667506297	44.0	0.0
Myxine	GCT	A	L	0.0	0.799999930949	0.111111111111	0.025	0.875	0.39603960396	0.00990099009901	1533.0	-0.968152866242	45.0	0.0
Saccoglossus	GCA	A	L	0.0	0.707792174702	0.285714285714	0.0454545454545	0.909090909091	0.403669724771	0.0275229357798	1532.0	-1.01666666667	44.0	0.0
Saccoglossus	GCT	A	L	0.0	0.707792174702	0.111111111111	0.025641025641	0.897435897436	0.357798165138	0.0275229357798	1532.0	-0.928888888889	45.0	0.0
Daphnia	GCA	A	L	0.0	0.268292649243	0.111111111111	0.0434782608696	0.652173913043	0.239583333333	0.0104166666667	1517.0	-1.26542056075	44.0	0.0
Homo	GCA	A	L	0.0	0.842215934304	0.125	0.0322580645161	0.838709677419	0.298076923077	0.0192307692308	1533.0	-0.984700973574	44.0	0.0
Homo	GCC	A	L	0.0	0.842215934304	0.111111111111	0.0181818181818	0.890909090909	0.528846153846	0.0192307692308	1533.0	-1.07025761124	47.0	0.0
Blanceolatum	GCA	A	L	2.0	0.380790941726	0.2	0.0769230769231	0.846153846154	0.203125	0.03125	839.0	-0.801948051948	44.0	0.0
Blanceolatum	GCG	A	L	2.0	0.380790941726	0.2	0.0588235294118	0.882352941176	0.265625	0.03125	839.0	-1.03015075377	46.0	0.0
Epigonichthys	GCA	A	L	0.0	0.894557786725	0.142857142857	0.030303030303	0.909090909091	0.308411214953	0.018691588785	1522.0	-1.0091503268	44.0	0.0
Epigonichthys	GCT	A	L	0.0	0.894557786725	0.125	0.0277777777778	0.888888888889	0.336448598131	0.018691588785	1522.0	-0.974299065421	45.0	0.0

### Alignment improvement:
