### Random Forest prediction
genome	codon	ori_aa	rea_aa	fitch	Fisher_pval	Gene_frac	N._rea	N._used	Cod._count	Sub._count	G._len	codon_lik	id	prediction	probability
LmeyeA	GCA	A	G	0.0	0.116246474615	0.166666666667	0.0540540540541	0.810810810811	0.37	0.02	1429.0	0.161108260646	44.0	0.0	0.0
SpombA	GCA	A	G	0.0	0.165555906236	0.333333333333	0.136363636364	0.454545454545	0.222222222222	0.10101010101	1424.0	-0.090319792567	44.0	0.0	0.0
SpombA	GCT	A	G	0.0	0.165555906236	0.5	0.0882352941176	0.588235294118	0.686868686869	0.10101010101	1424.0	-0.0658488437676	45.0	0.0	0.0
SpombA	GCG	A	G	0.0	0.165555906236	0.25	0.25	0.0	0.040404040404	0.10101010101	1424.0	0.0289156626506	46.0	0.0	0.0
WmucoA	GCA	A	G	0.0	0.615309566314	0.0909090909091	0.0212765957447	0.851063829787	0.335714285714	0.0357142857143	2246.0	0.0744870651204	44.0	0.0	0.0
WmucoA	GCT	A	G	0.0	0.615309566314	0.333333333333	0.0470588235294	0.811764705882	0.607142857143	0.0357142857143	2246.0	0.0767866193614	45.0	0.0	0.0
CgallA	GCA	A	G	0.0	0.665675061282	0.153846153846	0.0689655172414	0.655172413793	0.367088607595	0.0569620253165	2247.0	-0.0244263508512	44.0	0.0	0.0
CgallA	GCC	A	G	0.0	0.665675061282	0.166666666667	0.0833333333333	0.666666666667	0.0759493670886	0.0569620253165	2247.0	0.288811795317	47.0	0.0	0.0
CgallA	GCT	A	G	0.0	0.665675061282	0.272727272727	0.046511627907	0.651162790698	0.544303797468	0.0569620253165	2247.0	-0.304740119456	45.0	0.0	0.0
CgigaA	GCA	A	G	0.0	0.241878880444	0.166666666667	0.0833333333333	0.75	0.0975609756098	0.0406504065041	2002.0	0.398215733982	44.0	0.0	0.0
CgigaA	GCT	A	G	0.0	0.241878880444	0.3	0.046875	0.84375	0.520325203252	0.0406504065041	2002.0	0.0067264573991	45.0	0.0	0.0
CgigaA	GCG	A	G	0.0	0.241878880444	0.142857142857	0.0909090909091	0.818181818182	0.0894308943089	0.0406504065041	2002.0	0.538148524924	46.0	0.0	0.0
CsantA	GCA	A	G	0.0	0.3205857723	0.222222222222	0.0540540540541	0.675675675676	0.318965517241	0.0689655172414	2220.0	-0.0890391659622	44.0	0.0	0.0
CsantA	GCT	A	G	0.0	0.3205857723	0.4	0.115384615385	0.673076923077	0.448275862069	0.0689655172414	2220.0	0.367096378146	45.0	0.0	0.0
CtropB	GCC	A	G	0.0	0.593175816771	0.111111111111	0.0416666666667	0.958333333333	0.181818181818	0.0151515151515	2250.0	0.237387387387	47.0	0.0	0.0
CtropB	GCT	A	G	0.0	0.593175816771	0.0833333333333	0.0135135135135	0.932432432432	0.560606060606	0.0151515151515	2250.0	0.0534272713929	45.0	0.0	0.0
CtropA	GCC	A	G	0.0	0.356642884402	0.111111111111	0.0434782608696	0.95652173913	0.174242424242	0.0151515151515	2250.0	0.26320754717	47.0	0.0	0.0
CtropA	GCT	A	G	0.0	0.356642884402	0.0833333333333	0.0133333333333	0.933333333333	0.568181818182	0.0151515151515	2250.0	0.0543117145746	45.0	0.0	0.0
WpijpA	GCA	A	G	0.0	0.0360759385506	0.142857142857	0.0277777777778	0.888888888889	0.391304347826	0.0217391304348	1429.0	0.0816596194503	44.0	0.0	0.0
WpijpA	GCC	A	G	0.0	0.0360759385506	0.2	0.142857142857	0.714285714286	0.0760869565217	0.0217391304348	1429.0	0.785519125683	47.0	0.0	0.0
CsubhA	GCC	A	G	0.0	0.328088519035	0.166666666667	0.0375	0.875	0.575539568345	0.0287769784173	2244.0	0.0524559530166	47.0	0.0	0.0
CsubhA	GCG	A	G	0.0	0.328088519035	0.125	0.0714285714286	0.785714285714	0.10071942446	0.0287769784173	2244.0	0.0623608017817	46.0	0.0	0.0
CsubhB	GCC	A	G	0.0	0.328088519035	0.166666666667	0.0375	0.875	0.575539568345	0.0287769784173	2244.0	0.0524559530166	47.0	0.0	0.0
CsubhB	GCG	A	G	0.0	0.328088519035	0.125	0.0714285714286	0.785714285714	0.10071942446	0.0287769784173	2244.0	0.0623608017817	46.0	0.0	0.0
OanguA	GCA	A	G	0.0	0.115221598767	0.222222222222	0.0408163265306	0.836734693878	0.355072463768	0.0652173913043	2248.0	-0.0602664411081	44.0	0.0	0.0
OanguA	GCC	A	G	0.0	0.115221598767	0.2	0.2	0.8	0.036231884058	0.0652173913043	2248.0	0.959016393443	47.0	0.0	0.001
OanguA	GCT	A	G	0.0	0.115221598767	0.333333333333	0.0609756097561	0.853658536585	0.594202898551	0.0652173913043	2248.0	0.124983692107	45.0	0.0	0.0
OanguA	GCG	A	G	0.0	0.115221598767	0.5	0.5	0.5	0.0144927536232	0.0652173913043	2248.0	1.57276995305	46.0	0.0	0.038
SarboA	GCA	A	G	0.0	0.0419306982582	0.333333333333	0.0526315789474	0.815789473684	0.413043478261	0.0434782608696	1429.0	0.20149068323	44.0	0.0	0.0
SarboA	GCC	A	G	0.0	0.0419306982582	1.0	1.0	0.0	0.0108695652174	0.0434782608696	1429.0	3.41176470588	47.0	0.0	0.088
SarboA	GCT	A	G	0.0	0.0419306982582	0.166666666667	0.02	0.8	0.54347826087	0.0434782608696	1429.0	0.0503445635528	45.0	0.0	0.0
CalaiA	GCA	A	G	0.0	0.158048588485	0.25	0.115384615385	0.884615384615	0.201550387597	0.0387596899225	2056.0	0.468543774747	44.0	0.0	0.0
CalaiA	GCT	A	G	0.0	0.158048588485	0.2	0.02	0.88	0.77519379845	0.0387596899225	2056.0	0.0902255639098	45.0	0.0	0.0
KtherA	GCA	A	G	0.0	0.0941553589694	0.333333333333	0.0769230769231	0.717948717949	0.386138613861	0.029702970297	1429.0	0.0923527974591	44.0	0.0	0.0
CblacA	GCA	A	G	0.0	0.178571428571	1.0	0.2	0.8	0.15625	0.0625	434.0	1.32181818182	44.0	0.0	0.123
CblacA	GCT	A	G	0.0	0.178571428571	1.0	0.0384615384615	0.846153846154	0.8125	0.0625	434.0	0.156403079076	45.0	0.0	0.096
CnorvA	GCA	A	G	0.0	0.211761983204	0.0909090909091	0.0185185185185	0.87037037037	0.397058823529	0.0367647058824	2249.0	0.140588235294	44.0	0.0	0.0
CnorvA	GCC	A	G	0.0	0.211761983204	0.5	0.25	0.75	0.0294117647059	0.0367647058824	2249.0	1.66357308585	47.0	0.0	0.002
CnorvA	GCT	A	G	0.0	0.211761983204	0.25	0.04	0.813333333333	0.551470588235	0.0367647058824	2249.0	-0.066722972973	45.0	0.0	0.0
CviswA	GCA	A	G	0.0	0.0224232851272	0.111111111111	0.0227272727273	0.886363636364	0.338461538462	0.0153846153846	2249.0	-0.122424816481	44.0	0.0	0.0
CviswA	GCC	A	G	0.0	0.0224232851272	0.5	0.25	0.75	0.0307692307692	0.0153846153846	2249.0	0.957393483709	47.0	0.0	0.001
MstarA	GCT	A	G	0.0	0.103704104894	0.166666666667	0.0595238095238	0.738095238095	0.672	0.04	2249.0	0.055977710233	45.0	0.0	0.0
NbaciA	GCA	A	G	0.0	0.581378786693	0.2	0.111111111111	0.722222222222	0.197802197802	0.0659340659341	1428.0	0.388977212507	44.0	0.0	0.0
NbaciA	GCT	A	G	0.0	0.581378786693	0.5	0.0571428571429	0.8	0.769230769231	0.0659340659341	1428.0	0.100450388972	45.0	0.0	0.0
CtetrA	GCA	A	G	0.0	0.574728132498	0.125	0.0454545454545	0.909090909091	0.171875	0.0234375	2249.0	0.170597089814	44.0	0.0	0.0
CtetrA	GCT	A	G	0.0	0.574728132498	0.153846153846	0.0229885057471	0.942528735632	0.6796875	0.0234375	2249.0	0.101113861386	45.0	0.0	0.0
CbohiA	GCA	A	G	0.0	0.81673329509	0.125	0.0277777777778	0.916666666667	0.246575342466	0.0342465753425	2250.0	0.193510669395	44.0	0.0	0.0
CbohiA	GCT	A	G	0.0	0.81673329509	0.230769230769	0.037037037037	0.861111111111	0.739726027397	0.0342465753425	2250.0	-0.0144563798815	45.0	0.0	0.0
LstarA	GCA	A	G	0.0	0.543448053393	0.285714285714	0.108108108108	0.675675675676	0.313559322034	0.0677966101695	1834.0	0.0337335620354	44.0	0.0	0.0
LstarA	GCT	A	G	0.0	0.543448053393	0.4	0.056338028169	0.647887323944	0.601694915254	0.0677966101695	1834.0	-0.0469652051802	45.0	0.0	0.0
MfariA	GCT	A	G	0.0	0.416542423752	0.166666666667	0.0294117647059	0.941176470588	0.535433070866	0.0157480314961	2248.0	0.107624055209	45.0	0.0	0.0
MfariB	GCA	A	G	0.0	0.0096309637444	0.2	0.0408163265306	0.816326530612	0.362962962963	0.0296296296296	2250.0	-0.0735800344234	44.0	0.0	0.001
MfariB	GCT	A	G	0.0	0.0096309637444	0.0833333333333	0.0120481927711	0.939759036145	0.614814814815	0.0296296296296	2250.0	0.106889297923	45.0	0.0	0.001
MfariB	GCG	A	G	0.0	0.0096309637444	1.0	1.0	0.0	0.00740740740741	0.0296296296296	2250.0	3.29411764706	46.0	0.0	0.219
CcastA	GCA	A	G	0.0	0.220779158006	0.142857142857	0.0285714285714	0.771428571429	0.364583333333	0.0104166666667	1428.0	0.0465306122449	44.0	0.0	0.0
LanspB	GCA	A	G	0.0	0.197899138629	0.2	0.0555555555556	0.777777777778	0.36	0.02	1429.0	0.0801587301587	44.0	0.0	0.0
CphanA	GCA	A	G	0.0	0.50479050413	0.333333333333	0.0816326530612	0.65306122449	0.302469135802	0.0555555555556	2247.0	-0.0590430201932	44.0	0.0	0.0
CphanA	GCT	A	G	0.0	0.50479050413	0.333333333333	0.0462962962963	0.657407407407	0.666666666667	0.0555555555556	2247.0	-0.21770406634	45.0	0.0	0.0
LanspA	GCA	A	G	0.0	0.836474157772	0.2	0.0285714285714	0.771428571429	0.353535353535	0.040404040404	1429.0	-0.0958310774228	44.0	0.0	0.0
LanspA	GCT	A	G	0.0	0.836474157772	0.5	0.051724137931	0.879310344828	0.585858585859	0.040404040404	1429.0	0.213732916186	45.0	0.0	0.0
CsojaA	GCA	A	G	0.0	0.218390753008	0.166666666667	0.0357142857143	0.892857142857	0.304347826087	0.0108695652174	1498.0	0.141062455133	44.0	0.0	0.0
CglabA	GCA	A	G	0.0	0.5232513193	0.166666666667	0.027027027027	0.810810810811	0.415730337079	0.0449438202247	1413.0	0.26164874552	44.0	0.0	0.0
CglabA	GCT	A	G	0.0	0.5232513193	0.333333333333	0.06	0.82	0.561797752809	0.0449438202247	1413.0	0.118898385565	45.0	0.0	0.0
ScryoA	GCA	A	G	0.0	0.260271044031	0.166666666667	0.03125	0.625	0.333333333333	0.09375	1424.0	-0.396815860619	44.0	0.0	0.0
ScryoA	GCT	A	G	0.0	0.260271044031	0.5	0.148148148148	0.5	0.5625	0.09375	1424.0	0.223426946321	45.0	0.0	0.0
CneerA	GCA	A	G	0.0	0.0480645106272	0.166666666667	0.05	0.9	0.153846153846	0.0153846153846	2249.0	0.24512987013	44.0	0.0	0.0
CneerA	GCC	A	G	0.0	0.0480645106272	0.2	0.0769230769231	0.923076923077	0.1	0.0153846153846	2249.0	0.325203252033	47.0	0.0	0.0
CsakeA	GCA	A	G	0.0	0.807121955771	0.111111111111	0.0204081632653	0.918367346939	0.3828125	0.0234375	2207.0	-0.0389105058366	44.0	0.0	0.0
CsakeA	GCT	A	G	0.0	0.807121955771	0.181818181818	0.027397260274	0.931506849315	0.5703125	0.0234375	2207.0	0.131142643764	45.0	0.0	0.0
HuvarA	GCA	A	G	0.0	0.0561000531057	0.2	0.0384615384615	0.692307692308	0.298850574713	0.103448275862	1361.0	-0.377785896967	44.0	0.0	0.0
HuvarA	GCC	A	G	0.0	0.0561000531057	0.5	0.5	0.0	0.0229885057471	0.103448275862	1361.0	1.37089201878	47.0	0.0	0.023
HuvarA	GCT	A	G	0.0	0.0561000531057	0.833333333333	0.118644067797	0.661016949153	0.67816091954	0.103448275862	1361.0	0.304003874717	45.0	0.0	0.0
CjiufA	GCA	A	G	0.0	0.287014877306	0.25	0.0714285714286	0.928571428571	0.204379562044	0.021897810219	2231.0	0.321650237313	44.0	0.0	0.0
CjiufA	GCT	A	G	0.0	0.287014877306	0.0769230769231	0.0102040816327	0.938775510204	0.715328467153	0.021897810219	2231.0	0.0482634190347	45.0	0.0	0.0
KlactA	GCT	A	G	0.0	0.713333234361	0.166666666667	0.0185185185185	0.777777777778	0.586956521739	0.0108695652174	1408.0	-0.114928280503	45.0	0.0	0.0
CzempA	GCT	A	G	0.0	0.00783013934603	0.333333333333	0.155555555556	0.577777777778	0.5625	0.0875	1428.0	0.597796143251	45.0	0.0	0.0
CmetaB	GCA	A	G	0.0	0.222303914133	0.285714285714	0.0833333333333	0.875	0.171428571429	0.0285714285714	2250.0	0.370434782609	44.0	0.0	0.0
CmetaB	GCT	A	G	0.0	0.222303914133	0.153846153846	0.0190476190476	0.961904761905	0.75	0.0285714285714	2250.0	0.118666943522	45.0	0.0	0.0
CmetaC	GCA	A	G	0.0	0.222303914133	0.285714285714	0.0833333333333	0.875	0.171428571429	0.0285714285714	2250.0	0.370434782609	44.0	0.0	0.0
CmetaC	GCT	A	G	0.0	0.222303914133	0.153846153846	0.0190476190476	0.961904761905	0.75	0.0285714285714	2250.0	0.118666943522	45.0	0.0	0.0
CmetaA	GCA	A	G	0.0	0.222303914133	0.285714285714	0.0833333333333	0.875	0.171428571429	0.0285714285714	2250.0	0.370434782609	44.0	0.0	0.0
CmetaA	GCT	A	G	0.0	0.222303914133	0.153846153846	0.0190476190476	0.961904761905	0.75	0.0285714285714	2250.0	0.118666943522	45.0	0.0	0.0
CmetaF	GCA	A	G	0.0	0.222303914133	0.285714285714	0.0833333333333	0.875	0.171428571429	0.0285714285714	2250.0	0.370434782609	44.0	0.0	0.0
CmetaF	GCT	A	G	0.0	0.222303914133	0.153846153846	0.0190476190476	0.961904761905	0.75	0.0285714285714	2250.0	0.118666943522	45.0	0.0	0.0
CfrijA	GCT	A	G	0.0	0.722598468106	0.153846153846	0.0210526315789	0.936842105263	0.7421875	0.015625	2249.0	0.0414414414414	45.0	0.0	0.0
CmetaD	GCA	A	G	0.0	0.222303914133	0.285714285714	0.0833333333333	0.875	0.171428571429	0.0285714285714	2250.0	0.370434782609	44.0	0.0	0.0
CmetaD	GCT	A	G	0.0	0.222303914133	0.153846153846	0.0190476190476	0.961904761905	0.75	0.0285714285714	2250.0	0.118666943522	45.0	0.0	0.0
CmetaE	GCA	A	G	0.0	0.222303914133	0.285714285714	0.0833333333333	0.875	0.171428571429	0.0285714285714	2250.0	0.370434782609	44.0	0.0	0.0
CmetaE	GCT	A	G	0.0	0.222303914133	0.153846153846	0.0190476190476	0.961904761905	0.75	0.0285714285714	2250.0	0.118666943522	45.0	0.0	0.0
PpastA	GCA	A	G	0.0	0.188603691826	0.2	0.0384615384615	0.820512820513	0.586466165414	0.0225563909774	2248.0	-0.00562851782364	44.0	0.0	0.0
SjapoA	GCA	A	G	0.0	0.270926913568	0.333333333333	0.166666666667	0.583333333333	0.153846153846	0.0897435897436	1423.0	0.564043209877	44.0	0.0	0.0
SjapoA	GCC	A	G	0.0	0.270926913568	0.333333333333	0.25	0.5	0.0512820512821	0.0897435897436	1423.0	0.508235294118	47.0	0.0	0.0
SjapoA	GCT	A	G	0.0	0.270926913568	0.333333333333	0.0655737704918	0.606557377049	0.782051282051	0.0897435897436	1423.0	-0.0534218428955	45.0	0.0	0.0
CalbiE	GCT	A	G	0.0	0.818309796426	0.285714285714	0.0454545454545	0.931818181818	0.594594594595	0.027027027027	1183.0	0.241348908971	45.0	0.0	0.0
CalbiD	GCT	A	G	0.0	0.817030149537	0.2	0.0263157894737	0.947368421053	0.603174603175	0.015873015873	2058.0	0.111667859699	45.0	0.0	0.0
CalbiC	GCT	A	G	0.0	0.832648209984	0.181818181818	0.025641025641	0.948717948718	0.573529411765	0.0147058823529	2250.0	0.109664912767	45.0	0.0	0.0
CalbiB	GCT	A	G	0.0	0.832648209984	0.181818181818	0.025641025641	0.948717948718	0.573529411765	0.0147058823529	2250.0	0.109664912767	45.0	0.0	0.0
CalbiA	GCT	A	G	0.0	0.821975280631	0.2	0.0266666666667	0.946666666667	0.595238095238	0.015873015873	2058.0	0.123952614851	45.0	0.0	0.0
MmagnB	GCA	A	G	0.0	0.910606754346	0.222222222222	0.0566037735849	0.660377358491	0.404580152672	0.0458015267176	2249.0	-0.249319331	44.0	0.0	0.0
MmagnB	GCC	A	G	0.0	0.910606754346	0.111111111111	0.0322580645161	0.806451612903	0.236641221374	0.0458015267176	2249.0	-0.128464419476	47.0	0.0	0.0
MmagnB	GCT	A	G	0.0	0.910606754346	0.25	0.0606060606061	0.787878787879	0.251908396947	0.0458015267176	2249.0	0.265653495441	45.0	0.0	0.0
MmagnA	GCA	A	G	0.0	0.859692870525	0.222222222222	0.0588235294118	0.647058823529	0.389312977099	0.0458015267176	2249.0	-0.31064607883	44.0	0.0	0.0
MmagnA	GCC	A	G	0.0	0.859692870525	0.111111111111	0.0322580645161	0.806451612903	0.236641221374	0.0458015267176	2249.0	-0.128464419476	47.0	0.0	0.0
MmagnA	GCT	A	G	0.0	0.859692870525	0.25	0.0588235294118	0.794117647059	0.259541984733	0.0458015267176	2249.0	0.330882352941	45.0	0.0	0.0
CparaA	GCA	A	G	1.0	0.241575039724	0.2	0.05	0.95	0.18691588785	0.018691588785	1816.0	0.0591304347826	44.0	0.0	0.0
CparaA	GCT	A	G	1.0	0.241575039724	0.0909090909091	0.0119047619048	0.964285714286	0.785046728972	0.018691588785	1816.0	0.0717934928744	45.0	0.0	0.0
CcoryA	GCA	A	G	0.0	0.881397741335	0.2	0.047619047619	0.833333333333	0.291666666667	0.0416666666667	2250.0	0.0736789878442	44.0	0.0	0.0
CcoryA	GCT	A	G	0.0	0.881397741335	0.307692307692	0.0421052631579	0.873684210526	0.659722222222	0.0416666666667	2250.0	0.009810710988	45.0	0.0	0.0
CparaC	GCA	A	G	0.0	0.806213832081	0.166666666667	0.0333333333333	0.933333333333	0.217391304348	0.0289855072464	2250.0	0.000353982300885	44.0	0.0	0.0
CparaC	GCT	A	G	0.0	0.806213832081	0.166666666667	0.0285714285714	0.952380952381	0.760869565217	0.0289855072464	2250.0	0.156577057254	45.0	0.0	0.0
CparaB	GCA	A	G	0.0	0.806213832081	0.166666666667	0.0333333333333	0.933333333333	0.217391304348	0.0289855072464	2250.0	0.000353982300885	44.0	0.0	0.0
CparaB	GCT	A	G	0.0	0.806213832081	0.166666666667	0.0285714285714	0.952380952381	0.760869565217	0.0289855072464	2250.0	0.156577057254	45.0	0.0	0.0
CparaE	GCA	A	G	0.0	0.806213832081	0.166666666667	0.0333333333333	0.933333333333	0.217391304348	0.0289855072464	2250.0	0.000353982300885	44.0	0.0	0.0
CparaE	GCT	A	G	0.0	0.806213832081	0.166666666667	0.0285714285714	0.952380952381	0.760869565217	0.0289855072464	2250.0	0.156577057254	45.0	0.0	0.0
CparaD	GCA	A	G	0.0	0.806213832081	0.166666666667	0.0333333333333	0.933333333333	0.217391304348	0.0289855072464	2250.0	0.000353982300885	44.0	0.0	0.0
CparaD	GCT	A	G	0.0	0.806213832081	0.166666666667	0.0285714285714	0.952380952381	0.760869565217	0.0289855072464	2250.0	0.156577057254	45.0	0.0	0.0
CparaF	GCA	A	G	0.0	0.806213832081	0.166666666667	0.0333333333333	0.933333333333	0.217391304348	0.0289855072464	2250.0	0.000353982300885	44.0	0.0	0.0
CparaF	GCT	A	G	0.0	0.806213832081	0.166666666667	0.0285714285714	0.952380952381	0.760869565217	0.0289855072464	2250.0	0.156577057254	45.0	0.0	0.0
MtetrA	GCA	A	G	0.0	0.0745324890267	0.125	0.09375	0.8125	0.238805970149	0.044776119403	2248.0	0.212130541872	44.0	0.0	0.0
MtetrA	GCC	A	G	0.0	0.0745324890267	0.1	0.0166666666667	0.716666666667	0.44776119403	0.044776119403	2248.0	-0.386757654002	47.0	0.0	0.0
MtetrA	GCT	A	G	0.0	0.0745324890267	0.166666666667	0.133333333333	0.6	0.111940298507	0.044776119403	2248.0	0.151674326986	45.0	0.0	0.0
CsaraA	GCC	A	G	0.0	0.157203770037	0.166666666667	0.111111111111	0.888888888889	0.0703125	0.015625	2249.0	0.308168316832	47.0	0.0	0.0
CsaraA	GCT	A	G	0.0	0.157203770037	0.0909090909091	0.0133333333333	0.96	0.5859375	0.015625	2249.0	0.0217295551314	45.0	0.0	0.0
CsuavA	GCA	A	G	0.0	0.60394516882	0.181818181818	0.0350877192982	0.912280701754	0.416058394161	0.0510948905109	2250.0	0.125114657861	44.0	0.0	0.0
CsuavA	GCT	A	G	0.0	0.60394516882	0.363636363636	0.0704225352113	0.746478873239	0.518248175182	0.0510948905109	2250.0	0.25185528757	45.0	0.0	0.0
PkluyA	GCA	A	G	0.0	0.124623440862	0.333333333333	0.0394736842105	0.763157894737	0.59375	0.03125	2247.0	0.00249272953885	44.0	0.0	0.0
PkluyA	GCG	A	G	0.0	0.124623440862	0.333333333333	0.2	0.6	0.0390625	0.03125	2247.0	1.22564102564	46.0	0.0	0.001
PcanaA	GCA	A	G	0.0	0.643481108662	0.1	0.0217391304348	0.847826086957	0.328571428571	0.0428571428571	2250.0	-0.172325581395	44.0	0.0	0.0
PcanaA	GCT	A	G	0.0	0.643481108662	0.363636363636	0.0561797752809	0.797752808989	0.635714285714	0.0428571428571	2250.0	0.218708984608	45.0	0.0	0.0
YlipoB	GCA	A	G	0.0	0.399364408542	0.181818181818	0.0740740740741	0.685185185185	0.3375	0.05625	2247.0	-0.00260677762182	44.0	0.0	0.0
YlipoB	GCC	A	G	0.0	0.399364408542	0.25	0.2	0.6	0.03125	0.05625	2247.0	0.830357142857	47.0	0.0	0.001
YlipoB	GCT	A	G	0.0	0.399364408542	0.25	0.0408163265306	0.642857142857	0.6125	0.05625	2247.0	-0.311089195705	45.0	0.0	0.0
YlipoA	GCA	A	G	0.0	0.399364408542	0.181818181818	0.0740740740741	0.685185185185	0.3375	0.05625	2247.0	-0.00260677762182	44.0	0.0	0.0
YlipoA	GCC	A	G	0.0	0.399364408542	0.25	0.2	0.6	0.03125	0.05625	2247.0	0.830357142857	47.0	0.0	0.001
YlipoA	GCT	A	G	0.0	0.399364408542	0.25	0.0408163265306	0.642857142857	0.6125	0.05625	2247.0	-0.311089195705	45.0	0.0	0.0
CjadiA	GCA	A	G	0.0	0.88272018402	0.333333333333	0.0714285714286	0.875	0.4	0.0571428571429	2250.0	0.322310979008	44.0	0.0	0.0
CjadiA	GCT	A	G	0.0	0.88272018402	0.333333333333	0.0487804878049	0.756097560976	0.585714285714	0.0571428571429	2250.0	0.0661288189393	45.0	0.0	0.0
NdelpA	GCA	A	G	0.0	0.342443509209	0.5	0.0857142857143	0.857142857143	0.411764705882	0.0470588235294	1412.0	0.337237809861	44.0	0.0	0.0
NdelpA	GCT	A	G	0.0	0.342443509209	0.166666666667	0.0212765957447	0.808510638298	0.552941176471	0.0470588235294	1412.0	-0.0044256688795	45.0	0.0	0.0
LelonA	GCA	A	G	0.0	0.819587943118	0.1	0.025	0.9	0.289855072464	0.0289855072464	2249.0	0.0783553141971	44.0	0.0	0.0
LelonA	GCT	A	G	0.0	0.819587943118	0.230769230769	0.0322580645161	0.94623655914	0.673913043478	0.0289855072464	2249.0	0.11684460261	45.0	0.0	0.0
CpseuA	GCA	A	G	0.0	0.814814750879	1.0	0.1	0.9	0.357142857143	0.0357142857143	434.0	0.623293903549	44.0	0.0	0.046
CalimA	GCA	A	G	0.0	0.931531608204	0.222222222222	0.047619047619	0.642857142857	0.260869565217	0.055900621118	2247.0	-0.0654437283094	44.0	0.0	0.0
CalimA	GCT	A	G	0.0	0.931531608204	0.416666666667	0.0642201834862	0.633027522936	0.67701863354	0.055900621118	2247.0	-0.191242627212	45.0	0.0	0.0
CchauA	GCA	A	G	0.0	0.9178830728	0.1	0.037037037037	0.888888888889	0.188811188811	0.041958041958	2250.0	-0.0390472471691	44.0	0.0	0.0
CchauA	GCT	A	G	0.0	0.9178830728	0.384615384615	0.0510204081633	0.84693877551	0.685314685315	0.041958041958	2250.0	0.0672695191884	45.0	0.0	0.0
BcaliA	GCA	A	G	0.0	0.835692266602	0.2	0.0363636363636	0.927272727273	0.404411764706	0.0294117647059	2250.0	0.226679280984	44.0	0.0	0.0
BcaliA	GCT	A	G	0.0	0.835692266602	0.166666666667	0.025974025974	0.766233766234	0.566176470588	0.0294117647059	2250.0	-0.110680149605	45.0	0.0	0.0
SoctoA	GCA	A	G	0.0	0.728442578713	0.2	0.0434782608696	0.521739130435	0.234693877551	0.0816326530612	1425.0	-0.15643153527	44.0	0.0	0.0
SoctoA	GCT	A	G	0.0	0.728442578713	0.333333333333	0.102941176471	0.544117647059	0.69387755102	0.0816326530612	1425.0	-0.071964867545	45.0	0.0	0.0
CvartA	GCA	A	G	0.0	0.353887642612	0.1	0.0196078431373	0.901960784314	0.375	0.0514705882353	2250.0	-0.0654641264694	44.0	0.0	0.0
CvartA	GCT	A	G	0.0	0.353887642612	0.454545454545	0.075	0.8	0.588235294118	0.0514705882353	2250.0	0.389398712505	45.0	0.0	0.0
CbuenA	GCC	A	G	0.0	0.00691973370496	0.666666666667	0.5	0.5	0.0289855072464	0.0434782608696	2248.0	1.78779840849	47.0	0.0	0.058
CbuenA	GCT	A	G	0.0	0.00691973370496	0.230769230769	0.0384615384615	0.903846153846	0.753623188406	0.0434782608696	2248.0	0.121244406563	45.0	0.0	0.0
CdefoA	GCA	A	G	0.0	0.400168900147	0.230769230769	0.0655737704918	0.622950819672	0.38125	0.05625	2247.0	-0.137056737589	44.0	0.0	0.0
CdefoA	GCT	A	G	0.0	0.400168900147	0.272727272727	0.0454545454545	0.659090909091	0.55	0.05625	2247.0	-0.264383392879	45.0	0.0	0.0
CdefoA	GCG	A	G	0.0	0.400168900147	0.333333333333	0.25	0.75	0.025	0.05625	2247.0	1.50777202073	46.0	0.0	0.001
LdasiA	GCA	A	G	0.0	0.477585092566	0.166666666667	0.0526315789474	0.789473684211	0.387755102041	0.030612244898	1429.0	0.225274725275	44.0	0.0	0.0
LdasiA	GCT	A	G	0.0	0.477585092566	0.166666666667	0.0175438596491	0.824561403509	0.581632653061	0.030612244898	1429.0	-0.102439839572	45.0	0.0	0.0
LkluyF	GCA	A	G	0.0	0.813232698503	0.2	0.0392156862745	0.823529411765	0.50495049505	0.029702970297	1429.0	0.0279183061645	44.0	0.0	0.0
LkluyF	GCT	A	G	0.0	0.813232698503	0.142857142857	0.0212765957447	0.808510638298	0.465346534653	0.029702970297	1429.0	0.0497774180494	45.0	0.0	0.0
LkluyE	GCA	A	G	0.0	0.461415352553	0.2	0.0196078431373	0.843137254902	0.50495049505	0.029702970297	1429.0	-0.033869760479	44.0	0.0	0.0
LkluyE	GCT	A	G	0.0	0.461415352553	0.285714285714	0.0416666666667	0.770833333333	0.475247524752	0.029702970297	1429.0	0.113577799802	45.0	0.0	0.0
LkluyD	GCA	A	G	0.0	0.753599679843	0.2	0.02	0.84	0.505050505051	0.020202020202	1429.0	-0.0255774002672	44.0	0.0	0.0
LkluyD	GCT	A	G	0.0	0.753599679843	0.142857142857	0.0208333333333	0.791666666667	0.484848484848	0.020202020202	1429.0	0.0553022794846	45.0	0.0	0.0
LkluyC	GCA	A	G	0.0	0.813232698503	0.2	0.0392156862745	0.823529411765	0.50495049505	0.029702970297	1429.0	0.0279183061645	44.0	0.0	0.0
LkluyC	GCT	A	G	0.0	0.813232698503	0.142857142857	0.0212765957447	0.808510638298	0.465346534653	0.029702970297	1429.0	0.0497774180494	45.0	0.0	0.0
LkluyB	GCT	A	G	0.0	0.216666666667	1.0	0.0588235294118	0.705882352941	0.472222222222	0.0277777777778	434.0	0.168983957219	45.0	0.0	0.061
LkluyA	GCA	A	G	0.0	0.813232698503	0.2	0.0392156862745	0.823529411765	0.50495049505	0.029702970297	1429.0	0.0279183061645	44.0	0.0	0.0
LkluyA	GCT	A	G	0.0	0.813232698503	0.142857142857	0.0212765957447	0.808510638298	0.465346534653	0.029702970297	1429.0	0.0497774180494	45.0	0.0	0.0
CdublA	GCA	A	G	0.0	0.412235063439	0.166666666667	0.0454545454545	0.954545454545	0.173228346457	0.0157480314961	2058.0	0.212162780064	44.0	0.0	0.0
CdublA	GCT	A	G	0.0	0.412235063439	0.0833333333333	0.0113636363636	0.943181818182	0.692913385827	0.0157480314961	2058.0	0.0490072882634	45.0	0.0	0.0
CorthB	GCA	A	G	0.0	0.375636384175	0.166666666667	0.0555555555556	0.944444444444	0.130434782609	0.0289855072464	2250.0	0.224557522124	44.0	0.0	0.0
CorthB	GCT	A	G	0.0	0.375636384175	0.153846153846	0.0260869565217	0.947826086957	0.833333333333	0.0289855072464	2250.0	0.10672985782	45.0	0.0	0.0
CorthC	GCA	A	G	0.0	0.354184894807	0.166666666667	0.0555555555556	0.944444444444	0.130434782609	0.0289855072464	2250.0	0.224557522124	44.0	0.0	0.0
CorthC	GCT	A	G	0.0	0.354184894807	0.153846153846	0.0258620689655	0.948275862069	0.840579710145	0.0289855072464	2250.0	0.105065666041	45.0	0.0	0.0
CorthA	GCA	A	G	0.0	0.354184894807	0.166666666667	0.0555555555556	0.944444444444	0.130434782609	0.0289855072464	2250.0	0.224557522124	44.0	0.0	0.0
CorthA	GCT	A	G	0.0	0.354184894807	0.153846153846	0.0258620689655	0.948275862069	0.840579710145	0.0289855072464	2250.0	0.107156308851	45.0	0.0	0.0
ClusiA	GCA	A	G	0.0	0.0457208438786	0.0909090909091	0.0217391304348	0.934782608696	0.340740740741	0.0222222222222	2250.0	0.0334424695978	44.0	0.0	0.0
ClusiA	GCT	A	G	0.0	0.0457208438786	0.0909090909091	0.0120481927711	0.939759036145	0.614814814815	0.0222222222222	2250.0	0.00300339514233	45.0	0.0	0.0
ClusiA	GCG	A	G	0.0	0.0457208438786	0.333333333333	0.333333333333	0.333333333333	0.0222222222222	0.0222222222222	2250.0	1.2	46.0	0.0	0.024
MguilA	GCC	A	G	0.0	0.00203174581254	0.4	0.4	0.6	0.0378787878788	0.0151515151515	2250.0	1.55648535565	47.0	0.0	0.03
SpastA	GCA	A	G	0.0	0.864967896829	0.6	0.0666666666667	0.8	0.473684210526	0.0526315789474	1429.0	0.275089795056	44.0	0.0	0.0
SpastA	GCT	A	G	0.0	0.864967896829	0.333333333333	0.0425531914894	0.744680851064	0.494736842105	0.0526315789474	1429.0	0.0849287169043	45.0	0.0	0.0
ScereC	GCA	A	G	0.0	0.676869674268	0.5	0.0789473684211	0.736842105263	0.39175257732	0.0515463917526	1429.0	0.194645984488	44.0	0.0	0.0
ScereC	GCT	A	G	0.0	0.676869674268	0.333333333333	0.0377358490566	0.77358490566	0.546391752577	0.0515463917526	1429.0	0.135101010101	45.0	0.0	0.0
ScereA	GCA	A	G	0.0	0.431849140757	0.5	0.0769230769231	0.74358974359	0.40206185567	0.0412371134021	1429.0	0.200633065498	44.0	0.0	0.0
ScereA	GCT	A	G	0.0	0.431849140757	0.166666666667	0.0192307692308	0.788461538462	0.536082474227	0.0412371134021	1429.0	0.0464988053667	45.0	0.0	0.0
ScereD	GCA	A	G	0.0	0.864990658884	0.333333333333	0.0526315789474	0.789473684211	0.4	0.0421052631579	1429.0	0.146359769827	44.0	0.0	0.0
ScereD	GCT	A	G	0.0	0.864990658884	0.333333333333	0.0392156862745	0.78431372549	0.536842105263	0.0421052631579	1429.0	0.175918979745	45.0	0.0	0.0
ScereE	GCA	A	G	0.0	0.671751564152	0.5	0.0769230769231	0.769230769231	0.40625	0.0520833333333	1429.0	0.249269717624	44.0	0.0	0.0
ScereE	GCT	A	G	0.0	0.671751564152	0.333333333333	0.0392156862745	0.78431372549	0.53125	0.0520833333333	1429.0	0.17069968111	45.0	0.0	0.0
DhansA	GCA	A	G	0.0	0.622640189774	0.111111111111	0.0243902439024	0.90243902439	0.299270072993	0.043795620438	2250.0	-0.0612096186544	44.0	0.0	0.0
DhansA	GCT	A	G	0.0	0.622640189774	0.333333333333	0.0555555555556	0.888888888889	0.656934306569	0.043795620438	2250.0	0.252530301137	45.0	0.0	0.0
CsalmA	GCA	A	G	0.0	0.574461308179	0.125	0.08	0.72	0.208333333333	0.0583333333333	2153.0	0.362017804154	44.0	0.0	0.0
CsalmA	GCT	A	G	0.0	0.574461308179	0.363636363636	0.0581395348837	0.732558139535	0.716666666667	0.0583333333333	2153.0	-0.0260442878712	45.0	0.0	0.0
LnothA	GCA	A	G	0.0	0.4797762064	0.166666666667	0.0555555555556	0.805555555556	0.356435643564	0.029702970297	1429.0	0.169711411173	44.0	0.0	0.0
LnothA	GCT	A	G	0.0	0.4797762064	0.166666666667	0.0161290322581	0.806451612903	0.613861386139	0.029702970297	1429.0	-0.0633164284617	45.0	0.0	0.0
BcustA	GCA	A	G	0.0	0.627036343728	0.3	0.0588235294118	0.764705882353	0.418032786885	0.0409836065574	2247.0	0.0399917115624	44.0	0.0	0.0
BcustA	GCT	A	G	0.0	0.627036343728	0.181818181818	0.030303030303	0.772727272727	0.540983606557	0.0409836065574	2247.0	0.0626335689627	45.0	0.0	0.0
CtheaA	GCA	A	G	0.0	0.815929576176	0.111111111111	0.030303030303	0.939393939394	0.239130434783	0.0289855072464	2250.0	-0.0522557611165	44.0	0.0	0.0
CtheaA	GCT	A	G	0.0	0.815929576176	0.153846153846	0.03	0.96	0.724637681159	0.0289855072464	2250.0	0.21476437527	45.0	0.0	0.0
MingeA	GCA	A	G	0.0	0.437863870162	0.333333333333	0.0810810810811	0.783783783784	0.286821705426	0.046511627907	2249.0	0.204610130905	44.0	0.0	0.0
MingeA	GCT	A	G	0.0	0.437863870162	0.166666666667	0.0340909090909	0.715909090909	0.682170542636	0.046511627907	2249.0	-0.170656465943	45.0	0.0	0.0
ScastA	GCC	A	G	0.0	0.211152193757	0.25	0.166666666667	0.5	0.0681818181818	0.0340909090909	1426.0	0.318327974277	47.0	0.0	0.0
ScastA	GCT	A	G	0.0	0.211152193757	0.333333333333	0.0377358490566	0.867924528302	0.602272727273	0.0340909090909	1426.0	0.163538873995	45.0	0.0	0.0
CmaltA	GCT	A	G	0.0	0.415422825985	0.230769230769	0.030303030303	0.929292929293	0.702127659574	0.0212765957447	2250.0	0.167819879187	45.0	0.0	0.0
KmarxA	GCC	A	G	0.0	0.0499999827373	1.0	0.25	0.5	0.108108108108	0.027027027027	434.0	0.742596810934	47.0	0.0	0.307