### Random Forest prediction
genome	codon	ori_aa	rea_aa	fitch	Fisher pval	Gene frac	N. rea	N. used	Cod. count	Sub. count	G. len	codon_lik	id	prediction
Paracentrotus	GCA	A	G	0.0	0.541267698772	0.1	0.0204081632653	0.918367346939	0.385826771654	0.0393700787402	1784.0	0.0	44.0	0.0
Paracentrotus	GCC	A	G	0.0	0.541267698772	0.375	0.0714285714286	0.690476190476	0.330708661417	0.0393700787402	1784.0	-0.184103811841	47.0	0.0
Paracentrotus	GCT	A	G	0.0	0.541267698772	0.1	0.037037037037	0.925925925926	0.212598425197	0.0393700787402	1784.0	-0.0291508238276	45.0	0.0
Andalucia	GCA	A	G	0.0	0.550392930069	0.1	0.027027027027	0.72972972973	0.298387096774	0.0725806451613	1783.0	-0.451914098973	44.0	0.0
Andalucia	GCC	A	G	0.0	0.550392930069	0.166666666667	0.1	0.6	0.0806451612903	0.0725806451613	1783.0	0.28231292517	47.0	0.0
Andalucia	GCT	A	G	0.0	0.550392930069	0.333333333333	0.0833333333333	0.683333333333	0.483870967742	0.0725806451613	1783.0	-0.225014277556	45.0	0.0
Andalucia	GCG	A	G	0.0	0.550392930069	0.222222222222	0.117647058824	0.823529411765	0.137096774194	0.0725806451613	1783.0	0.144578313253	46.0	0.0
Seculomonas	GCA	A	G	0.0	0.617481441378	0.230769230769	0.0491803278689	0.704918032787	0.491935483871	0.0645161290323	1784.0	-0.167887323944	44.0	0.0
Seculomonas	GCT	A	G	0.0	0.617481441378	0.5	0.106382978723	0.702127659574	0.379032258065	0.0645161290323	1784.0	-0.0790629575403	45.0	0.0
Schistosoma	GCT	A	G	0.0	0.192297552518	0.285714285714	0.135135135135	0.351351351351	0.74	0.14	1688.0	-0.490808823529	45.0	0.0
Schistosoma	GCG	A	G	0.0	0.192297552518	0.666666666667	0.5	0.25	0.08	0.14	1688.0	1.78070175439	46.0	0.0
Fasciola	GCT	A	G	0.0	0.656503213845	0.555555555556	0.115384615385	0.403846153846	0.8	0.0923076923077	1701.0	-0.347424042272	45.0	0.0
Patiria	GCA	A	G	0.0	0.408618879555	0.142857142857	0.027027027027	0.864864864865	0.316239316239	0.017094017094	1784.0	0.0235626767201	44.0	0.0
Patiria	GCT	A	G	0.0	0.408618879555	0.142857142857	0.0454545454545	0.863636363636	0.188034188034	0.017094017094	1784.0	-0.0757341576507	45.0	0.0
Lumbricus	GCA	A	G	0.0	0.788063152399	0.363636363636	0.130434782609	0.760869565217	0.340740740741	0.0962962962963	1781.0	0.321641791045	44.0	0.0
Lumbricus	GCC	A	G	0.0	0.788063152399	0.428571428571	0.0882352941176	0.735294117647	0.251851851852	0.0962962962963	1781.0	-0.0102145045965	47.0	0.0
Lumbricus	GCT	A	G	0.0	0.788063152399	0.4	0.078431372549	0.764705882353	0.377777777778	0.0962962962963	1781.0	-0.0128552097429	45.0	0.0
Halocynthia	GCA	A	G	0.0	0.108997248692	0.222222222222	0.0909090909091	0.772727272727	0.268292682927	0.0365853658537	1746.0	0.188679245283	44.0	0.0
Halocynthia	GCG	A	G	0.0	0.108997248692	0.2	0.125	0.625	0.0975609756098	0.0365853658537	1746.0	0.196581196581	46.0	0.0
Limulus	GCA	A	G	0.0	0.238688853579	0.222222222222	0.0526315789474	0.894736842105	0.327586206897	0.0689655172414	1781.0	0.150909090909	44.0	0.0
Limulus	GCC	A	G	0.0	0.238688853579	0.125	0.0454545454545	0.909090909091	0.189655172414	0.0689655172414	1781.0	-0.0837282780411	47.0	0.0
Limulus	GCT	A	G	0.0	0.238688853579	0.5	0.0740740740741	0.777777777778	0.465517241379	0.0689655172414	1781.0	0.150190114068	45.0	0.0
Limulus	GCG	A	G	0.0	0.238688853579	0.5	0.5	0.5	0.0172413793103	0.0689655172414	1781.0	2.51666666667	46.0	0.0
Caenorhabditis	GCA	A	G	0.0	0.43616747593	0.25	0.0689655172414	0.655172413793	0.345238095238	0.0714285714286	1755.0	-0.603795966785	44.0	0.0
Caenorhabditis	GCC	A	G	0.0	0.43616747593	0.2	0.166666666667	0.5	0.0714285714286	0.0714285714286	1755.0	0.0898876404494	47.0	0.0
Caenorhabditis	GCT	A	G	0.0	0.43616747593	0.375	0.0652173913043	0.630434782609	0.547619047619	0.0714285714286	1755.0	-0.0958801498127	45.0	0.0
Axinella	GCA	A	G	0.0	0.584552980713	0.125	0.03125	0.78125	0.260162601626	0.0325203252033	1777.0	-0.385113268608	44.0	0.0
Axinella	GCT	A	G	0.0	0.584552980713	0.2	0.0555555555556	0.805555555556	0.292682926829	0.0325203252033	1777.0	-0.0468003820439	45.0	0.0
Axinella	GCG	A	G	0.0	0.584552980713	0.111111111111	0.0416666666667	0.833333333333	0.19512195122	0.0325203252033	1777.0	-0.0372492836676	46.0	0.0
Terebratulina	GCA	A	G	0.0	0.568552924751	0.363636363636	0.128205128205	0.615384615385	0.270833333333	0.0833333333333	1783.0	-0.151675485009	44.0	0.0
Terebratulina	GCC	A	G	0.0	0.568552924751	0.3	0.0597014925373	0.641791044776	0.465277777778	0.0833333333333	1783.0	-0.302719343253	47.0	0.0
Terebratulina	GCT	A	G	0.0	0.568552924751	0.222222222222	0.0967741935484	0.741935483871	0.215277777778	0.0833333333333	1783.0	-0.0539647577093	45.0	0.0
Jbahamiensis	GCA	A	G	0.0	0.837432467405	0.416666666667	0.0714285714286	0.785714285714	0.555555555556	0.0714285714286	1784.0	-0.0485056344929	44.0	0.0
Jbahamiensis	GCT	A	G	0.0	0.837432467405	0.272727272727	0.0714285714286	0.738095238095	0.333333333333	0.0714285714286	1784.0	-0.21446179129	45.0	0.0
Jbahamiensis	GCG	A	G	0.0	0.837432467405	0.142857142857	0.0833333333333	0.666666666667	0.0952380952381	0.0714285714286	1784.0	-0.0514285714286	46.0	0.0
Bfloridae	GCA	A	G	0.0	0.540897548939	0.285714285714	0.0909090909091	0.818181818182	0.282051282051	0.0512820512821	1085.0	-0.109256449165	44.0	0.0
Bfloridae	GCC	A	G	0.0	0.540897548939	0.2	0.111111111111	0.888888888889	0.115384615385	0.0512820512821	1085.0	0.562962962963	47.0	0.0
Bfloridae	GCT	A	G	0.0	0.540897548939	0.166666666667	0.027027027027	0.891891891892	0.474358974359	0.0512820512821	1085.0	-0.0541516245487	45.0	0.0
Katharina	GCA	A	G	0.0	0.342772025646	0.4	0.111111111111	0.694444444444	0.302521008403	0.0756302521008	1781.0	0.235626767201	44.0	0.0
Katharina	GCC	A	G	0.0	0.342772025646	0.4	0.1	0.65	0.168067226891	0.0756302521008	1781.0	-0.305369127517	47.0	0.0
Katharina	GCT	A	G	0.0	0.342772025646	0.181818181818	0.04	0.88	0.420168067227	0.0756302521008	1781.0	-0.0974429854872	45.0	0.0
Katharina	GCG	A	G	0.0	0.342772025646	0.166666666667	0.0769230769231	0.769230769231	0.109243697479	0.0756302521008	1781.0	-0.0567567567568	46.0	0.0
Geodia	GCA	A	G	0.0	0.723107690018	0.1	0.0333333333333	0.733333333333	0.254237288136	0.0338983050847	1780.0	-0.249425287356	44.0	0.0
Geodia	GCC	A	G	0.0	0.723107690018	0.125	0.0769230769231	0.769230769231	0.110169491525	0.0338983050847	1780.0	0.109042553191	47.0	0.0
Geodia	GCT	A	G	0.0	0.723107690018	0.181818181818	0.0357142857143	0.857142857143	0.474576271186	0.0338983050847	1780.0	-0.23934226553	45.0	0.0
Metridium	GCA	A	G	0.0	0.0330768876585	0.222222222222	0.15	0.7	0.15037593985	0.0375939849624	1783.0	0.349829351536	44.0	0.0
Metridium	GCT	A	G	0.0	0.0330768876585	0.181818181818	0.0363636363636	0.872727272727	0.413533834586	0.0375939849624	1783.0	-0.00687070580887	45.0	0.0
Acropora	GCT	A	G	0.0	0.397418103893	0.0909090909091	0.0222222222222	0.866666666667	0.362903225806	0.0241935483871	1781.0	-0.184591914569	45.0	0.0
Acropora	GCG	A	G	0.0	0.397418103893	0.181818181818	0.0588235294118	0.705882352941	0.274193548387	0.0241935483871	1781.0	-0.148634984833	46.0	0.0
Trichinella	GCA	A	G	0.0	0.457521650244	0.6	0.125	0.458333333333	0.311688311688	0.142857142857	1759.0	-0.228862973761	44.0	0.0
Trichinella	GCC	A	G	0.0	0.457521650244	0.166666666667	0.0666666666667	0.6	0.194805194805	0.142857142857	1759.0	-0.490867579909	47.0	0.0
Trichinella	GCT	A	G	0.0	0.457521650244	0.666666666667	0.15625	0.59375	0.415584415584	0.142857142857	1759.0	0.254797441365	45.0	0.0
Trichinella	GCG	A	G	0.0	0.457521650244	0.5	0.333333333333	0.333333333333	0.0779220779221	0.142857142857	1759.0	1.00561797753	46.0	0.0
Balanoglossus	GCC	A	G	0.0	0.237123865032	0.272727272727	0.0666666666667	0.75	0.44776119403	0.0373134328358	1784.0	-0.2429638139	47.0	0.0
Balanoglossus	GCT	A	G	0.0	0.237123865032	0.111111111111	0.0454545454545	0.818181818182	0.164179104478	0.0373134328358	1784.0	-0.216429699842	45.0	0.0
Reclinomonas	GCA	A	G	0.0	0.438861512613	0.555555555556	0.0921052631579	0.697368421053	0.608	0.08	1784.0	0.000901306894998	44.0	0.0
Reclinomonas	GCT	A	G	0.0	0.438861512613	0.181818181818	0.047619047619	0.761904761905	0.336	0.08	1784.0	-0.375713121434	45.0	0.0
Reclinomonas	GCG	A	G	0.0	0.438861512613	0.2	0.142857142857	0.857142857143	0.056	0.08	1784.0	0.432038834951	46.0	0.0
Drosophila	GCT	A	G	0.0	0.183815981814	0.222222222222	0.0365853658537	0.865853658537	0.77358490566	0.0377358490566	1783.0	0.0489949748744	45.0	0.0
Drosophila	GCG	A	G	0.0	0.183815981814	0.5	0.333333333333	0.666666666667	0.0283018867925	0.0377358490566	1783.0	1.03448275862	46.0	0.0
Jlibera	GCA	A	G	0.0	0.278435601195	0.454545454545	0.135135135135	0.567567567568	0.291338582677	0.0787401574803	1784.0	0.0797773654917	44.0	0.0
Jlibera	GCT	A	G	0.0	0.278435601195	0.333333333333	0.0724637681159	0.724637681159	0.543307086614	0.0787401574803	1784.0	-0.167249126311	45.0	0.0
Myxine	GCA	A	G	0.0	0.896462868043	0.333333333333	0.0857142857143	0.742857142857	0.309734513274	0.0619469026549	1783.0	0.0830039525692	44.0	0.0
Myxine	GCC	A	G	0.0	0.896462868043	0.111111111111	0.0645161290323	0.870967741935	0.274336283186	0.0619469026549	1783.0	-0.0629834254144	47.0	0.0
Myxine	GCT	A	G	0.0	0.896462868043	0.222222222222	0.05	0.9	0.353982300885	0.0619469026549	1783.0	0.0504273504274	45.0	0.0
Ciona	GCA	A	G	0.0	0.843788710909	0.166666666667	0.1	0.9	0.153846153846	0.0615384615385	1767.0	0.645051194539	44.0	0.0
Ciona	GCT	A	G	0.0	0.843788710909	0.222222222222	0.0625	0.833333333333	0.738461538462	0.0615384615385	1767.0	0.144086021505	45.0	0.0
Epigonichthys	GCA	A	G	0.0	0.398461669666	0.125	0.027027027027	0.837837837838	0.303278688525	0.0245901639344	1783.0	-0.0373831775701	44.0	0.0
Epigonichthys	GCC	A	G	0.0	0.398461669666	0.142857142857	0.0833333333333	0.916666666667	0.0983606557377	0.0245901639344	1783.0	0.120786516854	47.0	0.0
Epigonichthys	GCT	A	G	0.0	0.398461669666	0.1	0.0238095238095	0.857142857143	0.344262295082	0.0245901639344	1783.0	-0.187854251012	45.0	0.0
Daphnia	GCA	A	G	0.0	0.5577292377	0.222222222222	0.111111111111	0.62962962963	0.25	0.0648148148148	1783.0	0.0968992248062	44.0	0.0
Daphnia	GCC	A	G	0.0	0.5577292377	0.125	0.03125	0.8125	0.296296296296	0.0648148148148	1783.0	-0.262083780881	47.0	0.0
Daphnia	GCT	A	G	0.0	0.5577292377	0.111111111111	0.0625	0.875	0.296296296296	0.0648148148148	1783.0	0.0670212765957	45.0	0.0
Daphnia	GCG	A	G	0.0	0.5577292377	0.125	0.0588235294118	0.823529411765	0.157407407407	0.0648148148148	1783.0	-0.0224489795918	46.0	0.0
Homo	GCA	A	G	0.0	0.315546947565	0.125	0.0277777777778	0.805555555556	0.292682926829	0.0650406504065	1782.0	-0.192417061611	44.0	0.0
Homo	GCC	A	G	0.0	0.315546947565	0.272727272727	0.0606060606061	0.833333333333	0.536585365854	0.0650406504065	1782.0	-0.161139896373	47.0	0.0
Homo	GCT	A	G	0.0	0.315546947565	0.428571428571	0.15	0.85	0.162601626016	0.0650406504065	1782.0	0.521891418564	45.0	0.0
Blanceolatum	GCT	A	G	0.0	0.726584454621	0.25	0.0526315789474	0.815789473684	0.469135802469	0.0493827160494	1083.0	-0.25636523266	45.0	0.0
Blanceolatum	GCG	A	G	0.0	0.726584454621	0.166666666667	0.1	0.75	0.246913580247	0.0493827160494	1083.0	0.196666666667	46.0	0.0
Saccoglossus	GCA	A	G	0.0	0.898648613657	0.142857142857	0.0204081632653	0.877551020408	0.37984496124	0.0232558139535	1784.0	-0.184615384615	44.0	0.0
Saccoglossus	GCC	A	G	0.0	0.898648613657	0.0909090909091	0.0333333333333	0.8	0.232558139535	0.0232558139535	1784.0	-0.179223744292	47.0	0.0
Saccoglossus	GCT	A	G	0.0	0.898648613657	0.0909090909091	0.0204081632653	0.836734693878	0.37984496124	0.0232558139535	1784.0	-0.307097680956	45.0	0.0

### Alignment improvement:
