### Random Forest prediction
genome	codon	ori_aa	rea_aa	fitch	Fisher_pval	Gene_frac	N._rea	N._used	Cod._count	Sub._count	G._len	codon_lik	id	prediction	probability	clad_valid	trans_valid
SpombA	TTA	L	A	0.0	0.704766961992	0.285714285714	0.0127388535032	0.687898089172	0.785	0.01	1424.0	-0.937089950334	20.0	0.0	0.0	0	0
WmucoA	CTA	L	A	0.0	0.0663430325739	0.142857142857	0.05	0.8	0.058651026393	0.00293255131965	2246.0	-0.844621513944	52.0	0.0	0.0	0	1
AacerA	CTT	L	A	0.0	4.88409901272e-16	1.0	0.6	0.0	0.0561797752809	0.157303370787	630.0	2.24293785311	53.0	1.0	0.996	1	1
AacerA	CTA	L	A	0.0	4.88409901272e-16	1.0	0.6875	0.0	0.179775280899	0.157303370787	630.0	2.58213256484	52.0	1.0	0.998	1	1
CsantA	CTT	L	A	0.0	0.358580179113	0.181818181818	0.0333333333333	0.833333333333	0.18691588785	0.01246105919	2220.0	-0.907842014883	53.0	0.0	0.0	0	1
CsantA	CTA	L	A	0.0	0.358580179113	0.153846153846	0.0104712041885	0.795811518325	0.595015576324	0.01246105919	2220.0	-0.913254645056	52.0	0.0	0.0	0	1
WpijpA	CTA	L	A	0.0	0.0973683947043	0.166666666667	0.0344827586207	0.965517241379	0.144278606965	0.00497512437811	1429.0	-0.830207305035	52.0	0.0	0.0	0	1
OanguA	TTA	L	A	3.0	0.564144586361	0.0769230769231	0.00326797385621	0.862745098039	0.869318181818	0.00284090909091	2248.0	-0.985083148954	20.0	0.0	0.051	0	0
SarboA	CTA	L	A	0.0	0.0195530697325	0.2	0.0909090909091	0.181818181818	0.0528846153846	0.00480769230769	1429.0	-0.0693240901213	52.0	0.0	0.0	0	1
CnorvA	TTA	L	A	0.0	1.0	0.0769230769231	0.00289855072464	0.924637681159	1.0	0.00289855072464	2249.0	-0.980447017205	20.0	0.0	0.0	0	0
MstarA	TTA	L	A	0.0	0.486325394004	0.153846153846	0.00600600600601	0.855855855856	0.988130563798	0.00593471810089	2249.0	-0.960651243648	20.0	0.0	0.0	0	0
NbaciA	CTT	L	A	0.0	0.00571428571429	0.5	0.5	0.0	0.0102040816327	0.0102040816327	1428.0	1.38028169014	53.0	0.0	0.022	0	1
NbaciA	TTA	L	A	0.0	0.00571428571429	0.142857142857	0.00537634408602	0.930107526882	0.948979591837	0.0102040816327	1428.0	-0.961846249161	20.0	0.0	0.001	0	0
LstarA	TTA	L	A	0.0	0.633992059339	0.2	0.00873362445415	0.847161572052	0.857677902622	0.00749063670412	1834.0	-0.983439366714	20.0	0.0	0.0	0	0
MfariA	TTA	L	A	0.0	0.557228762794	0.0769230769231	0.00320512820513	0.939102564103	0.888888888889	0.002849002849	2248.0	-0.974804610828	20.0	0.0	0.0	0	0
CcastA	CTA	L	A	0.0	0.00292397660819	0.2	0.0833333333333	0.0	0.0603015075377	0.00502512562814	1428.0	0.0894439967768	52.0	0.0	0.001	0	1
CglabA	CTT	L	A	0.0	0.0165438900614	1.0	1.0	0.0	0.00507614213198	0.010152284264	1413.0	2.96116504854	53.0	0.0	0.12	0	1
CglabA	TTA	L	A	0.0	0.0165438900614	0.142857142857	0.00520833333333	0.927083333333	0.97461928934	0.010152284264	1413.0	-0.958602392752	20.0	0.0	0.0	0	0
ScryoA	CTT	L	A	0.0	0.270270243832	0.166666666667	0.0454545454545	0.727272727273	0.107843137255	0.00980392156863	1424.0	-0.887581699346	53.0	0.0	0.0	0	1
ScryoA	TTA	L	A	0.0	0.270270243832	0.142857142857	0.00735294117647	0.713235294118	0.666666666667	0.00980392156863	1424.0	-0.924592487597	20.0	0.0	0.0	0	0
HuvarA	CTA	L	A	0.0	0.046623600415	0.166666666667	0.0434782608696	0.0434782608696	0.111111111111	0.00966183574879	1361.0	-0.124791318865	52.0	0.0	0.0	0	1
HuvarA	TTA	L	A	0.0	0.046623600415	0.166666666667	0.00602409638554	0.734939759036	0.80193236715	0.00966183574879	1361.0	-0.928290766208	20.0	0.0	0.0	0	0
CzempA	TTA	L	A	0.0	0.506944274215	0.142857142857	0.00518134715026	0.730569948187	0.984693877551	0.00510204081633	1428.0	-0.966416239614	20.0	0.0	0.0	0	0
SjapoA	CTT	L	A	0.0	0.692222262343	0.4	0.05	0.65	0.189573459716	0.0284360189573	1423.0	-0.72810175186	53.0	0.0	0.0	0	1
SjapoA	TTA	L	A	0.0	0.692222262343	0.428571428571	0.0261437908497	0.647058823529	0.725118483412	0.0284360189573	1423.0	-0.840866290019	20.0	0.0	0.0	0	0
MmagnB	CTG	L	A	0.0	0.0517829632525	0.0833333333333	0.0161290322581	0.838709677419	0.185628742515	0.0059880239521	2249.0	-0.942281353942	54.0	0.0	0.0	0	0
MmagnB	TTA	L	A	0.0	0.0517829632525	0.142857142857	0.0357142857143	0.75	0.0838323353293	0.0059880239521	2249.0	-0.759427374302	20.0	0.0	0.0	0	0
MmagnA	CTG	L	A	0.0	0.0597606647175	0.0769230769231	0.015873015873	0.84126984127	0.188622754491	0.0059880239521	2249.0	-0.943103448276	54.0	0.0	0.0	0	0
MmagnA	TTA	L	A	0.0	0.0597606647175	0.142857142857	0.0416666666667	0.75	0.0718562874251	0.0059880239521	2249.0	-0.720016373312	20.0	0.0	0.0	0	0
MtetrA	CTG	L	A	0.0	0.0625228385941	0.0833333333333	0.00806451612903	0.838709677419	0.369047619048	0.00595238095238	2248.0	-0.978664634727	54.0	0.0	0.0	0	0
MtetrA	TTA	L	A	0.0	0.0625228385941	0.142857142857	0.0909090909091	0.818181818182	0.0327380952381	0.00595238095238	2248.0	-0.432355723746	20.0	0.0	0.0	0	0
CsaraA	TTA	L	A	0.0	0.589970359911	0.0769230769231	0.00347222222222	0.961805555556	0.822857142857	0.00285714285714	2249.0	-0.981959944963	20.0	0.0	0.0	0	0
PcanaA	CTA	L	A	0.0	0.0194174723762	0.333333333333	0.166666666667	0.833333333333	0.0180722891566	0.00301204819277	2250.0	-0.41746031746	52.0	0.0	0.001	0	1
AgossB	CTT	L	A	0.0	1.61830542218e-28	1.0	0.666666666667	0.0	0.0652173913043	0.1	1427.0	2.16592214422	53.0	1.0	0.998	1	1
AgossB	CTA	L	A	0.0	1.61830542218e-28	0.8	0.541666666667	0.0833333333333	0.104347826087	0.1	1427.0	1.98700787402	52.0	1.0	0.999	1	1
NdelpA	CTT	L	A	0.0	0.0171428552148	0.5	0.5	0.0	0.010101010101	0.010101010101	1412.0	1.13170731707	53.0	0.0	0.029	0	1
NdelpA	TTA	L	A	0.0	0.0171428552148	0.142857142857	0.00534759358289	0.914438502674	0.944444444444	0.010101010101	1412.0	-0.955745381567	20.0	0.0	0.0	0	0
BcaliA	TTA	L	A	0.0	0.498442367601	0.0769230769231	0.0028901734104	0.921965317919	0.99711815562	0.0028818443804	2250.0	-0.980015471893	20.0	0.0	0.0	0	0
SoctoA	TTA	L	A	0.0	0.695748595948	0.285714285714	0.0125786163522	0.704402515723	0.787128712871	0.00990099009901	1425.0	-0.93950221038	20.0	0.0	0.0	0	0
CbuenA	TTA	L	A	0.0	0.602601018866	0.0769230769231	0.00341296928328	0.935153583618	0.800546448087	0.00273224043716	2248.0	-0.982991268851	20.0	0.0	0.0	0	0
SpastA	CTT	L	A	0.0	0.00571213166892	0.5	0.5	0.0	0.00980392156863	0.00980392156863	1429.0	1.39436619718	53.0	0.0	0.022	0	1
SpastA	TTA	L	A	0.0	0.00571213166892	0.142857142857	0.00512820512821	0.897435897436	0.955882352941	0.00980392156863	1429.0	-0.954719952751	20.0	0.0	0.001	0	0
ScereC	CTA	L	A	0.0	0.0138888860118	0.2	0.0909090909091	0.181818181818	0.0531400966184	0.0048309178744	1429.0	-0.0693240901213	52.0	0.0	0.0	0	1
ScereA	CTA	L	A	0.0	0.0138888860118	0.2	0.0909090909091	0.181818181818	0.0533980582524	0.00485436893204	1429.0	-0.0693240901213	52.0	0.0	0.0	0	1
ScereD	CTA	L	A	0.0	0.0138888860118	0.2	0.1	0.2	0.0478468899522	0.00478468899522	1429.0	-0.0699233716475	52.0	0.0	0.0	0	1
ScereE	CTA	L	A	0.0	0.00833333333333	0.166666666667	0.0909090909091	0.181818181818	0.0526315789474	0.00478468899522	1429.0	-0.0629921259843	52.0	0.0	0.001	0	1
CsalmA	TTA	L	A	0.0	0.63577589957	0.333333333333	0.0136054421769	0.775510204082	0.936305732484	0.0127388535032	2153.0	-0.949769482451	20.0	0.0	0.0	0	0
AgossA	CTT	L	A	0.0	1.61830542218e-28	1.0	0.666666666667	0.0	0.0652173913043	0.1	1427.0	2.16592214422	53.0	1.0	0.998	1	1
AgossA	CTA	L	A	0.0	1.61830542218e-28	0.8	0.541666666667	0.0833333333333	0.104347826087	0.1	1427.0	1.98700787402	52.0	1.0	0.999	1	1
MingeA	TTA	L	A	0.0	0.489619628339	0.153846153846	0.00597014925373	0.844776119403	0.991124260355	0.00591715976331	2249.0	-0.954254436888	20.0	0.0	0.0	0	0
ScastA	CTT	L	A	0.0	0.00584795321637	1.0	0.5	0.0	0.01	0.01	1426.0	1.43689320388	53.0	0.0	0.042	0	1
ScastA	TTA	L	A	0.0	0.00584795321637	0.142857142857	0.00518134715026	0.875647668394	0.965	0.01	1426.0	-0.978092399404	20.0	0.0	0.001	0	0

### Alignment improvement:
CTT	Ala	1.04e-03
CTA	Ala	9.91e-05


### Prediction Prob. range for Positive :[ 0.996 - 0.999 ]

