### Random Forest prediction
genome	codon	ori_aa	rea_aa	fitch	Fisher pval	Gene frac	N. rea	N. used	Cod. count	Sub. count	G. len	codon_lik	id	prediction
Paracentrotus	CTT	L	F	0.0	0.785091570897	0.25	0.0701754385965	0.701754385965	0.208791208791	0.0512820512821	1926.0	0.0671462829736	53.0	0.0
Paracentrotus	CTA	L	F	0.0	0.785091570897	0.230769230769	0.0531914893617	0.765957446809	0.344322344322	0.0512820512821	1926.0	0.0639307073623	52.0	0.0
Paracentrotus	CTC	L	F	0.0	0.785091570897	0.25	0.08	0.72	0.0915750915751	0.0512820512821	1926.0	0.209140201394	55.0	0.0
Paracentrotus	TTA	L	F	0.0	0.785091570897	0.25	0.0555555555556	0.722222222222	0.197802197802	0.0512820512821	1926.0	0.17716960749	20.0	0.0
Beta_vulgaris_vulgaris	CTT	L	F	0.0	0.106051594679	0.25	0.046511627907	0.953488372093	0.201877934272	0.0140845070423	1539.0	0.200349192492	53.0	0.0
Beta_vulgaris_vulgaris	CTC	L	F	0.0	0.106051594679	0.166666666667	0.0666666666667	0.933333333333	0.0704225352113	0.0140845070423	1539.0	0.374358974359	55.0	0.0
Malus_domestica	CTT	L	F	0.0	0.0858542226435	0.285714285714	0.0540540540541	0.945945945946	0.177884615385	0.0144230769231	1518.0	0.276907529055	53.0	0.0
Malus_domestica	CTC	L	F	0.0	0.0858542226435	0.166666666667	0.0625	0.9375	0.0769230769231	0.0144230769231	1518.0	0.395377128954	55.0	0.0
Phoenix_dactylifera	CTT	L	F	0.0	0.0207388706265	0.3	0.0857142857143	0.914285714286	0.159090909091	0.0318181818182	1738.0	0.451665756417	53.0	0.0
Phoenix_dactylifera	CTC	L	F	0.0	0.0207388706265	0.25	0.0952380952381	0.904761904762	0.0954545454545	0.0318181818182	1738.0	0.761638733706	55.0	0.0
Phoenix_dactylifera	TTG	L	F	0.0	0.0207388706265	0.181818181818	0.0540540540541	0.945945945946	0.168181818182	0.0318181818182	1738.0	0.29138381201	22.0	0.0
Caenorhabditis	CTT	L	F	0.0	0.201995717191	0.1	0.037037037037	0.407407407407	0.101503759398	0.0751879699248	1865.0	-0.756272401434	53.0	0.0
Caenorhabditis	CTA	L	F	0.0	0.201995717191	0.0909090909091	0.0454545454545	0.454545454545	0.0827067669173	0.0751879699248	1865.0	-0.376344086022	52.0	0.0
Caenorhabditis	CTC	L	F	0.0	0.201995717191	1.0	1.0	0.0	0.00375939849624	0.0751879699248	1865.0	3.52083333333	55.0	0.0
Caenorhabditis	TTA	L	F	0.0	0.201995717191	0.583333333333	0.0685714285714	0.6	0.657894736842	0.0751879699248	1865.0	0.0807743658211	20.0	0.0
Caenorhabditis	TTG	L	F	0.0	0.201995717191	0.333333333333	0.128205128205	0.538461538462	0.146616541353	0.0751879699248	1865.0	0.337993010484	22.0	0.0
Physcomitrella_patens	TTA	L	F	1.0	0.877180671619	0.166666666667	0.0140845070423	0.985915492958	0.493055555556	0.00694444444444	1926.0	0.0803805321936	20.0	0.0
Schistosoma	CTT	L	F	0.0	0.781908534494	0.1	0.04	0.48	0.100401606426	0.0843373493976	1800.0	0.0185185185185	53.0	0.0
Schistosoma	CTA	L	F	0.0	0.781908534494	0.285714285714	0.230769230769	0.538461538462	0.0522088353414	0.0843373493976	1800.0	0.697916666667	52.0	0.0
Schistosoma	TTA	L	F	0.0	0.781908534494	0.75	0.0845070422535	0.450704225352	0.570281124498	0.0843373493976	1800.0	-0.0793345249553	20.0	0.0
Schistosoma	TTG	L	F	0.0	0.781908534494	0.416666666667	0.0847457627119	0.525423728814	0.236947791165	0.0843373493976	1800.0	0.156178676231	22.0	0.0
Fasciola	CTT	L	F	0.0	0.763280542148	0.3	0.105263157895	0.421052631579	0.139194139194	0.0879120879121	1825.0	0.0422606924644	53.0	0.0
Fasciola	TTA	L	F	0.0	0.763280542148	0.25	0.0535714285714	0.535714285714	0.205128205128	0.0879120879121	1825.0	-0.188255613126	20.0	0.0
Fasciola	TTG	L	F	0.0	0.763280542148	0.75	0.10303030303	0.466666666667	0.604395604396	0.0879120879121	1825.0	0.0991012022878	22.0	0.0
Dunaliella_salina	CTT	L	F	0.0	0.334310017082	0.333333333333	0.0769230769231	0.653846153846	0.12380952381	0.0761904761905	1392.0	0.0904334828102	53.0	0.0
Dunaliella_salina	TTA	L	F	0.0	0.334310017082	0.571428571429	0.0731707317073	0.664634146341	0.780952380952	0.0761904761905	1392.0	0.198529411765	20.0	0.0
Dunaliella_salina	CTA	L	F	0.0	0.334310017082	0.25	0.0625	0.6875	0.0761904761905	0.0761904761905	1392.0	-0.337264150943	52.0	0.0
Dunaliella_salina	CTC	L	F	0.0	0.334310017082	0.333333333333	0.333333333333	0.333333333333	0.0142857142857	0.0761904761905	1392.0	0.99358974359	55.0	0.0
Carica_papaya	CTT	L	F	0.0	0.0558226754531	0.1	0.0243902439024	0.951219512195	0.172268907563	0.0168067226891	1751.0	0.245361781076	53.0	0.0
Carica_papaya	CTC	L	F	0.0	0.0558226754531	0.25	0.0909090909091	0.909090909091	0.0924369747899	0.0168067226891	1751.0	0.612007168459	55.0	0.0
Carica_papaya	TTG	L	F	0.0	0.0558226754531	0.0909090909091	0.025641025641	0.974358974359	0.163865546218	0.0168067226891	1751.0	0.190972222222	22.0	0.0
Patiria	CTT	L	F	0.0	0.400961885944	0.25	0.047619047619	0.730158730159	0.228260869565	0.0579710144928	1926.0	0.2274718398	53.0	0.0
Patiria	CTG	L	F	0.0	0.400961885944	0.166666666667	0.181818181818	0.545454545455	0.0398550724638	0.0579710144928	1926.0	0.679310344828	54.0	0.0
Patiria	CTA	L	F	0.0	0.400961885944	0.307692307692	0.0537634408602	0.763440860215	0.336956521739	0.0579710144928	1926.0	0.0793254216115	52.0	0.0
Patiria	CTC	L	F	0.0	0.400961885944	0.111111111111	0.0571428571429	0.742857142857	0.126811594203	0.0579710144928	1926.0	0.107859078591	55.0	0.0
Patiria	TTA	L	F	0.0	0.400961885944	0.333333333333	0.078431372549	0.78431372549	0.184782608696	0.0579710144928	1926.0	0.24405218726	20.0	0.0
Chaetosphaeridium_globosum	CTA	L	F	3.0	0.00908956868463	0.111111111111	0.0526315789474	0.894736842105	0.0650684931507	0.0102739726027	1930.0	0.242424242424	52.0	0.0
Chaetosphaeridium_globosum	TTG	L	F	3.0	0.00908956868463	0.1	0.0869565217391	0.913043478261	0.0787671232877	0.0102739726027	1930.0	0.201325600663	22.0	0.0
Mesostigma_viride	CTT	L	F	0.0	0.513677551403	0.272727272727	0.046875	0.796875	0.231884057971	0.0253623188406	1873.0	0.0624620982414	53.0	0.0
Mesostigma_viride	TTA	L	F	0.0	0.513677551403	0.333333333333	0.0242424242424	0.927272727273	0.597826086957	0.0253623188406	1873.0	0.093105899076	20.0	0.0
Zea_mays_NB	CTT	L	F	0.0	0.0968331669016	0.222222222222	0.0526315789474	0.921052631579	0.182692307692	0.0144230769231	1540.0	0.18623080733	53.0	0.0
Zea_mays_NB	CTC	L	F	0.0	0.0968331669016	0.166666666667	0.05	0.95	0.0961538461538	0.0144230769231	1540.0	0.425387596899	55.0	0.0
Pseudendoclonium_akinetum	CTT	L	F	0.0	0.263251125804	0.25	0.0701754385965	0.719298245614	0.198606271777	0.0418118466899	1930.0	0.172013651877	53.0	0.0
Pseudendoclonium_akinetum	CTG	L	F	0.0	0.263251125804	0.111111111111	0.0714285714286	0.714285714286	0.0487804878049	0.0418118466899	1930.0	0.27600554785	54.0	0.0
Pseudendoclonium_akinetum	CTA	L	F	0.0	0.263251125804	0.0909090909091	0.0238095238095	0.833333333333	0.146341463415	0.0418118466899	1930.0	-0.0735430157262	52.0	0.0
Pseudendoclonium_akinetum	CTC	L	F	0.0	0.263251125804	0.142857142857	0.111111111111	0.777777777778	0.0313588850174	0.0418118466899	1930.0	0.693832599119	55.0	0.0
Pseudendoclonium_akinetum	TTA	L	F	0.0	0.263251125804	0.384615384615	0.0378787878788	0.848484848485	0.459930313589	0.0418118466899	1930.0	0.130202140309	20.0	0.0
Arabidopsis_thaliana	CTT	L	F	0.0	0.150521691903	0.222222222222	0.05	0.95	0.165975103734	0.0124481327801	1780.0	0.376436781609	53.0	0.0
Arabidopsis_thaliana	TTG	L	F	0.0	0.150521691903	0.1	0.0277777777778	0.972222222222	0.149377593361	0.0124481327801	1780.0	0.183098591549	22.0	0.0
Lumbricus	CTT	L	F	0.0	0.800506829236	0.25	0.08	0.76	0.190114068441	0.0608365019011	1920.0	0.278099652375	53.0	0.0
Lumbricus	CTG	L	F	0.0	0.800506829236	0.2	0.0909090909091	0.545454545455	0.041825095057	0.0608365019011	1920.0	0.138408304498	54.0	0.0
Lumbricus	CTA	L	F	0.0	0.800506829236	0.230769230769	0.043956043956	0.637362637363	0.346007604563	0.0608365019011	1920.0	0.0313439244311	52.0	0.0
Lumbricus	CTC	L	F	0.0	0.800506829236	0.2	0.0512820512821	0.794871794872	0.148288973384	0.0608365019011	1920.0	0.0222784810127	55.0	0.0
Lumbricus	TTA	L	F	0.0	0.800506829236	0.25	0.0806451612903	0.612903225806	0.235741444867	0.0608365019011	1920.0	0.0735567970205	20.0	0.0
Halocynthia	CTT	L	F	0.0	0.450673725066	0.285714285714	0.166666666667	0.555555555556	0.0705882352941	0.0627450980392	1893.0	0.446486486486	53.0	0.0
Halocynthia	TTA	L	F	0.0	0.450673725066	0.5	0.0615384615385	0.607692307692	0.509803921569	0.0627450980392	1893.0	-0.0772564255828	20.0	0.0
Halocynthia	TTG	L	F	0.0	0.450673725066	0.25	0.0526315789474	0.610526315789	0.372549019608	0.0627450980392	1893.0	0.0663265306122	22.0	0.0
Limulus	CTT	L	F	0.0	0.503817293971	0.363636363636	0.0833333333333	0.604166666667	0.186046511628	0.046511627907	1919.0	0.293398533007	53.0	0.0
Limulus	CTA	L	F	0.0	0.503817293971	0.222222222222	0.046511627907	0.697674418605	0.166666666667	0.046511627907	1919.0	-0.0854586129754	52.0	0.0
Limulus	TTA	L	F	0.0	0.503817293971	0.25	0.0384615384615	0.692307692308	0.403100775194	0.046511627907	1919.0	-0.0740327380952	20.0	0.0
Limulus	TTG	L	F	0.0	0.503817293971	0.166666666667	0.0588235294118	0.735294117647	0.131782945736	0.046511627907	1919.0	0.0645892351275	22.0	0.0
Bracteacoccus_aerius	CTG	L	F	0.0	0.639861408118	0.2	0.0487804878049	0.756097560976	0.140410958904	0.0719178082192	1789.0	0.092803030303	54.0	0.0
Bracteacoccus_aerius	TTG	L	F	0.0	0.639861408118	0.818181818182	0.0819672131148	0.704918032787	0.626712328767	0.0719178082192	1789.0	0.21862858343	22.0	0.0
Bracteacoccus_aerius	CTA	L	F	0.0	0.639861408118	0.111111111111	0.0344827586207	0.793103448276	0.0993150684932	0.0719178082192	1789.0	0.364597093791	52.0	0.0
Bracteacoccus_aerius	CTC	L	F	0.0	0.639861408118	0.333333333333	0.12	0.72	0.0856164383562	0.0719178082192	1789.0	0.618788819876	55.0	0.0
Oryza_sativa_I2	CTT	L	F	0.0	0.089505062238	0.222222222222	0.0487804878049	0.926829268293	0.174468085106	0.0127659574468	1693.0	0.167364016736	53.0	0.0
Oryza_sativa_I2	CTC	L	F	0.0	0.089505062238	0.166666666667	0.05	0.95	0.0851063829787	0.0127659574468	1693.0	0.420233463035	55.0	0.0
Oryza_sativa_J2	CTT	L	F	0.0	0.076026749264	0.222222222222	0.0540540540541	0.918918918919	0.17619047619	0.0142857142857	1446.0	0.22860125261	53.0	0.0
Oryza_sativa_J2	CTC	L	F	0.0	0.076026749264	0.166666666667	0.0625	0.9375	0.0761904761905	0.0142857142857	1446.0	0.588380716934	55.0	0.0
Pycnococcus_provasolii	CTT	L	F	2.0	0.572709723546	0.307692307692	0.0379746835443	0.867088607595	0.566308243728	0.0286738351254	1930.0	0.0892988929889	53.0	0.0
Pycnococcus_provasolii	CTA	L	F	2.0	0.572709723546	0.0833333333333	0.0140845070423	0.845070422535	0.254480286738	0.0286738351254	1930.0	-0.000822593912805	52.0	0.0
Pycnococcus_provasolii	CTC	L	F	2.0	0.572709723546	0.111111111111	0.0434782608696	0.869565217391	0.0824372759857	0.0286738351254	1930.0	0.222506393862	55.0	0.0
Polytoma_uvella	CTG	L	F	0.0	0.355168679768	0.428571428571	0.0779220779221	0.675324675325	0.396907216495	0.0773195876289	1394.0	0.168961201502	54.0	0.0
Polytoma_uvella	CTC	L	F	0.0	0.355168679768	0.333333333333	0.0882352941176	0.764705882353	0.350515463918	0.0773195876289	1394.0	0.384896125772	55.0	0.0
Polytoma_uvella	TTG	L	F	0.0	0.355168679768	0.428571428571	0.166666666667	0.5	0.0927835051546	0.0773195876289	1394.0	0.0572033898305	22.0	0.0
Axinella	CTT	L	F	2.0	0.428986731775	0.125	0.0344827586207	0.896551724138	0.107407407407	0.0259259259259	1924.0	0.139072847682	53.0	0.0
Axinella	CTA	L	F	2.0	0.428986731775	0.111111111111	0.0434782608696	0.869565217391	0.0851851851852	0.0259259259259	1924.0	0.202190395956	52.0	0.0
Axinella	TTA	L	F	2.0	0.428986731775	0.230769230769	0.0182926829268	0.908536585366	0.607407407407	0.0259259259259	1924.0	0.0205815484025	20.0	0.0
Axinella	TTG	L	F	2.0	0.428986731775	0.181818181818	0.0434782608696	0.782608695652	0.17037037037	0.0259259259259	1924.0	0.115984816533	22.0	0.0
Prototheca_wickerhamii	TTA	L	F	1.0	0.306729184007	0.25	0.0150753768844	0.939698492462	0.756653992395	0.0152091254753	1924.0	0.0401868249489	20.0	0.0
Prototheca_wickerhamii	CTA	L	F	1.0	0.306729184007	0.111111111111	0.0588235294118	0.823529411765	0.06463878327	0.0152091254753	1924.0	0.240143369176	52.0	0.0
Terebratulina	CTT	L	F	0.0	0.910264359048	0.363636363636	0.0847457627119	0.64406779661	0.216911764706	0.0735294117647	1915.0	0.153468586387	53.0	0.0
Terebratulina	CTG	L	F	0.0	0.910264359048	0.2	0.0869565217391	0.652173913043	0.0845588235294	0.0735294117647	1915.0	-0.0489864864865	54.0	0.0
Terebratulina	CTA	L	F	0.0	0.910264359048	0.545454545455	0.0891089108911	0.653465346535	0.371323529412	0.0735294117647	1915.0	0.326175275682	52.0	0.0
Terebratulina	CTC	L	F	0.0	0.910264359048	0.181818181818	0.0526315789474	0.649122807018	0.209558823529	0.0735294117647	1915.0	0.0199862164025	55.0	0.0
Terebratulina	TTA	L	F	0.0	0.910264359048	0.111111111111	0.0357142857143	0.678571428571	0.102941176471	0.0735294117647	1915.0	0.143934201508	20.0	0.0
Chlorokybus_atmophyticus	CTA	L	F	3.0	0.554326999764	0.0833333333333	0.030303030303	0.969696969697	0.118279569892	0.0143369175627	1930.0	0.0479812755998	52.0	0.0
Chlorokybus_atmophyticus	TTA	L	F	3.0	0.554326999764	0.230769230769	0.0211267605634	0.943661971831	0.508960573477	0.0143369175627	1930.0	0.0441115272576	20.0	0.0
Beta_vulgaris_maritima	CTT	L	F	1.0	0.144830742623	0.222222222222	0.0454545454545	0.954545454545	0.195555555556	0.0177777777778	1604.0	0.188195038494	53.0	0.0
Beta_vulgaris_maritima	CTC	L	F	1.0	0.144830742623	0.142857142857	0.0625	0.9375	0.0711111111111	0.0177777777778	1604.0	0.342995169082	55.0	0.0
Beta_vulgaris_maritima	TTG	L	F	1.0	0.144830742623	0.1	0.0285714285714	0.971428571429	0.155555555556	0.0177777777778	1604.0	0.230979748221	22.0	0.0
Vitis_vinifera	CTT	L	F	0.0	0.293629472948	0.111111111111	0.0714285714286	0.928571428571	0.151351351351	0.027027027027	1516.0	0.455223880597	53.0	0.0
Vitis_vinifera	CTC	L	F	0.0	0.293629472948	0.166666666667	0.0666666666667	0.933333333333	0.0810810810811	0.027027027027	1516.0	0.410290237467	55.0	0.0
Vitis_vinifera	TTA	L	F	0.0	0.293629472948	0.1	0.0144927536232	0.985507246377	0.372972972973	0.027027027027	1516.0	0.119386014781	20.0	0.0
Vitis_vinifera	TTG	L	F	0.0	0.293629472948	0.1	0.0344827586207	0.965517241379	0.156756756757	0.027027027027	1516.0	0.213422818792	22.0	0.0
Bfloridae	CTT	L	F	0.0	0.265687010147	0.142857142857	0.05	0.7	0.1	0.06	1192.0	0.144886363636	53.0	0.0
Bfloridae	CTA	L	F	0.0	0.265687010147	0.111111111111	0.0555555555556	0.722222222222	0.18	0.06	1192.0	0.179250407387	52.0	0.0
Bfloridae	TTA	L	F	0.0	0.265687010147	0.4	0.105882352941	0.694117647059	0.425	0.06	1192.0	0.255686988171	20.0	0.0
Katharina	CTT	L	F	0.0	0.134928609265	0.111111111111	0.0294117647059	0.705882352941	0.131274131274	0.042471042471	1917.0	-0.0982594048287	53.0	0.0
Katharina	CTG	L	F	0.0	0.134928609265	0.5	0.333333333333	0.666666666667	0.011583011583	0.042471042471	1917.0	1.22222222222	54.0	0.0
Katharina	CTC	L	F	0.0	0.134928609265	0.142857142857	0.1	0.65	0.0772200772201	0.042471042471	1917.0	0.421722113503	55.0	0.0
Katharina	TTA	L	F	0.0	0.134928609265	0.307692307692	0.044776119403	0.738805970149	0.517374517375	0.042471042471	1917.0	0.0330566477355	20.0	0.0
Katharina	TTG	L	F	0.0	0.134928609265	0.142857142857	0.0333333333333	0.733333333333	0.11583011583	0.042471042471	1917.0	-0.0507915567282	22.0	0.0
Lotus_japonicus	CTT	L	F	0.0	0.0176052362029	0.125	0.0277777777778	0.972222222222	0.164383561644	0.013698630137	1683.0	0.245253164557	53.0	0.0
Lotus_japonicus	CTC	L	F	0.0	0.0176052362029	0.285714285714	0.105263157895	0.894736842105	0.0867579908676	0.013698630137	1683.0	0.737603305785	55.0	0.0
Geodia	CTT	L	F	2.0	0.0194429267352	0.375	0.130434782609	0.782608695652	0.0836363636364	0.0363636363636	1925.0	0.619491525424	53.0	0.0
Geodia	CTA	L	F	2.0	0.0194429267352	0.0909090909091	0.0384615384615	0.961538461538	0.0945454545455	0.0363636363636	1925.0	0.00536809815951	52.0	0.0
Geodia	TTA	L	F	2.0	0.0194429267352	0.153846153846	0.0118343195266	0.869822485207	0.614545454545	0.0363636363636	1925.0	0.0217290799815	20.0	0.0
Geodia	TTG	L	F	2.0	0.0194429267352	0.25	0.0869565217391	0.804347826087	0.167272727273	0.0363636363636	1925.0	0.326187473728	22.0	0.0
Metridium	CTT	L	F	1.0	0.113307643272	0.333333333333	0.128205128205	0.666666666667	0.138790035587	0.0462633451957	1928.0	0.443954968184	53.0	0.0
Metridium	TTA	L	F	1.0	0.113307643272	0.25	0.0320512820513	0.865384615385	0.555160142349	0.0462633451957	1928.0	0.0626257545272	20.0	0.0
Metridium	TTG	L	F	1.0	0.113307643272	0.166666666667	0.0652173913043	0.826086956522	0.163701067616	0.0462633451957	1928.0	0.130305602716	22.0	0.0
Chlamydomonas_reinhardtii	CTT	L	F	0.0	0.118182899152	0.25	0.0909090909091	0.545454545455	0.0536585365854	0.0585365853659	1389.0	0.359929078014	53.0	0.0
Chlamydomonas_reinhardtii	TTG	L	F	0.0	0.118182899152	0.571428571429	0.0578512396694	0.710743801653	0.590243902439	0.0585365853659	1389.0	0.110439210694	22.0	0.0
Chlamydomonas_reinhardtii	CTA	L	F	0.0	0.118182899152	0.285714285714	0.0483870967742	0.774193548387	0.30243902439	0.0585365853659	1389.0	0.0819366852886	52.0	0.0
Chlamydomonas_reinhardtii	CTC	L	F	0.0	0.118182899152	1.0	1.0	0.0	0.00487804878049	0.0585365853659	1389.0	5.12962962963	55.0	0.0
Chara_vulgaris	CTG	L	F	3.0	0.0516014167299	0.25	0.0909090909091	0.909090909091	0.0387323943662	0.00352112676056	1930.0	0.288732394366	54.0	0.0
Acropora	CTT	L	F	0.0	0.247230274498	0.166666666667	0.0540540540541	0.675675675676	0.13357400722	0.0361010830325	1926.0	-0.00886802295253	53.0	0.0
Acropora	CTA	L	F	0.0	0.247230274498	0.25	0.0952380952381	0.714285714286	0.0758122743682	0.0361010830325	1926.0	0.388836329234	52.0	0.0
Acropora	TTA	L	F	0.0	0.247230274498	0.230769230769	0.0442477876106	0.840707964602	0.407942238267	0.0361010830325	1926.0	-0.00644711622234	20.0	0.0
Acropora	TTG	L	F	0.0	0.247230274498	0.0833333333333	0.0112359550562	0.865168539326	0.321299638989	0.0361010830325	1926.0	0.0355497037525	22.0	0.0
Brassica_rapa_oleifera	CTT	L	F	0.0	0.56849312152	0.111111111111	0.0263157894737	0.947368421053	0.171945701357	0.00452488687783	1553.0	0.224875621891	53.0	0.0
Glycine_max	CTT	L	F	0.0	0.0193632729516	0.25	0.0555555555556	0.916666666667	0.169014084507	0.0234741784038	1641.0	0.37532808399	53.0	0.0
Glycine_max	CTC	L	F	0.0	0.0193632729516	0.333333333333	0.125	0.875	0.075117370892	0.0234741784038	1641.0	0.719853836784	55.0	0.0
Glycine_max	TTG	L	F	0.0	0.0193632729516	0.111111111111	0.0294117647059	0.970588235294	0.159624413146	0.0234741784038	1641.0	0.246319365798	22.0	0.0
Marchantia_polymorpha	TTA	L	F	3.0	0.889031982298	0.166666666667	0.0148148148148	0.985185185185	0.463917525773	0.00687285223368	1930.0	0.0697640758431	20.0	0.0
Trichinella	CTT	L	F	0.0	0.489371954523	0.166666666667	0.0645161290323	0.354838709677	0.11231884058	0.0652173913043	1883.0	-0.467046894804	53.0	0.0
Trichinella	CTA	L	F	0.0	0.489371954523	0.3	0.0352941176471	0.541176470588	0.307971014493	0.0652173913043	1883.0	-0.0745142857143	52.0	0.0
Trichinella	CTC	L	F	0.0	0.489371954523	0.3	0.137931034483	0.551724137931	0.105072463768	0.0652173913043	1883.0	0.532301480485	55.0	0.0
Trichinella	TTA	L	F	0.0	0.489371954523	0.545454545455	0.0864197530864	0.592592592593	0.29347826087	0.0652173913043	1883.0	0.0214848412509	20.0	0.0
Trichinella	TTG	L	F	0.0	0.489371954523	0.166666666667	0.0434782608696	0.565217391304	0.166666666667	0.0652173913043	1883.0	-0.21017234132	22.0	0.0
Bracteacoccus_minor	CTT	L	F	0.0	0.936938986726	0.3	0.111111111111	0.703703703704	0.100746268657	0.0858208955224	1686.0	0.367552045944	53.0	0.0
Bracteacoccus_minor	CTG	L	F	0.0	0.936938986726	0.3	0.0666666666667	0.8	0.167910447761	0.0858208955224	1686.0	0.293081220456	54.0	0.0
Bracteacoccus_minor	TTG	L	F	0.0	0.936938986726	0.727272727273	0.0933333333333	0.646666666667	0.559701492537	0.0858208955224	1686.0	0.262130937099	22.0	0.0
Bracteacoccus_minor	CTA	L	F	0.0	0.936938986726	0.181818181818	0.0588235294118	0.647058823529	0.126865671642	0.0858208955224	1686.0	0.187745924677	52.0	0.0
Bracteacoccus_minor	CTC	L	F	0.0	0.936938986726	0.142857142857	0.0833333333333	0.75	0.044776119403	0.0858208955224	1686.0	0.657331136738	55.0	0.0
Chromochloris_zofingiensis	CTT	L	F	0.0	0.332949400881	0.3	0.136363636364	0.590909090909	0.101851851852	0.0740740740741	1522.0	0.477768090671	53.0	0.0
Chromochloris_zofingiensis	CTG	L	F	0.0	0.332949400881	0.166666666667	0.125	0.75	0.037037037037	0.0740740740741	1522.0	0.540094339623	54.0	0.0
Chromochloris_zofingiensis	CTA	L	F	0.0	0.332949400881	0.2	0.0612244897959	0.69387755102	0.226851851852	0.0740740740741	1522.0	0.298519407763	52.0	0.0
Chromochloris_zofingiensis	TTA	L	F	0.0	0.332949400881	0.5	0.125	0.5	0.037037037037	0.0740740740741	1522.0	0.0704225352113	20.0	0.0
Chromochloris_zofingiensis	TTG	L	F	0.0	0.332949400881	0.363636363636	0.0625	0.71875	0.592592592593	0.0740740740741	1522.0	0.211173523607	22.0	0.0
Balanoglossus	CTT	L	F	2.0	0.778706740043	0.25	0.0428571428571	0.714285714286	0.233333333333	0.0566666666667	1926.0	0.006718924972	53.0	0.0
Balanoglossus	CTG	L	F	2.0	0.778706740043	0.181818181818	0.0769230769231	0.692307692308	0.0866666666667	0.0566666666667	1926.0	0.149331352155	54.0	0.0
Balanoglossus	CTA	L	F	2.0	0.778706740043	0.25	0.0595238095238	0.702380952381	0.28	0.0566666666667	1926.0	0.235501291383	52.0	0.0
Balanoglossus	CTC	L	F	2.0	0.778706740043	0.181818181818	0.0487804878049	0.756097560976	0.273333333333	0.0566666666667	1926.0	0.148570099977	55.0	0.0
Balanoglossus	TTA	L	F	2.0	0.778706740043	0.0909090909091	0.0454545454545	0.863636363636	0.0733333333333	0.0566666666667	1926.0	0.236723672367	20.0	0.0
Balanoglossus	TTG	L	F	2.0	0.778706740043	0.333333333333	0.125	0.6875	0.0533333333333	0.0566666666667	1926.0	0.313154831199	22.0	0.0
Drosophila	TTA	L	F	0.0	0.232869444324	0.416666666667	0.0508474576271	0.707627118644	0.867647058824	0.0551470588235	1919.0	0.0830594807756	20.0	0.0
Drosophila	TTG	L	F	0.0	0.232869444324	0.333333333333	0.222222222222	0.777777777778	0.0330882352941	0.0551470588235	1919.0	0.866520787746	22.0	0.0
Drosophila	CTA	L	F	0.0	0.232869444324	0.166666666667	0.0769230769231	0.769230769231	0.0477941176471	0.0551470588235	1919.0	0.111432706223	52.0	0.0
Sorghum_bicolor	CTT	L	F	1.0	0.554913264862	0.125	0.0322580645161	0.935483870968	0.177142857143	0.00571428571429	1275.0	0.0231566118221	53.0	0.0
Myxine	CTT	L	F	0.0	0.296282986006	0.0909090909091	0.0185185185185	0.777777777778	0.198529411765	0.0661764705882	1919.0	-0.16893830703	53.0	0.0
Myxine	CTG	L	F	0.0	0.296282986006	0.125	0.0833333333333	0.5	0.0441176470588	0.0661764705882	1919.0	0.63961038961	54.0	0.0
Myxine	CTA	L	F	0.0	0.296282986006	0.363636363636	0.119402985075	0.686567164179	0.246323529412	0.0661764705882	1919.0	0.379746835443	52.0	0.0
Myxine	CTC	L	F	0.0	0.296282986006	0.272727272727	0.0681818181818	0.681818181818	0.161764705882	0.0661764705882	1919.0	0.158295964126	55.0	0.0
Myxine	TTA	L	F	0.0	0.296282986006	0.416666666667	0.0588235294118	0.6	0.3125	0.0661764705882	1919.0	0.0629595588235	20.0	0.0
Ciona	CTT	L	F	0.0	0.301892681119	0.166666666667	0.09375	0.5	0.123076923077	0.0384615384615	1891.0	0.0448213204119	53.0	0.0
Ciona	TTA	L	F	0.0	0.301892681119	0.384615384615	0.0392156862745	0.673202614379	0.588461538462	0.0384615384615	1891.0	-0.101694915254	20.0	0.0
Ciona	TTG	L	F	0.0	0.301892681119	0.125	0.0333333333333	0.6	0.115384615385	0.0384615384615	1891.0	-0.189326556544	22.0	0.0
Epigonichthys	CTT	L	F	0.0	0.460022558747	0.1	0.047619047619	0.809523809524	0.0752688172043	0.0573476702509	1918.0	0.0667886550778	53.0	0.0
Epigonichthys	CTA	L	F	0.0	0.460022558747	0.333333333333	0.113636363636	0.636363636364	0.15770609319	0.0573476702509	1918.0	0.287356321839	52.0	0.0
Epigonichthys	TTA	L	F	0.0	0.460022558747	0.461538461538	0.0666666666667	0.725	0.430107526882	0.0573476702509	1918.0	0.168227316758	20.0	0.0
Epigonichthys	TTG	L	F	0.0	0.460022558747	0.222222222222	0.0392156862745	0.78431372549	0.182795698925	0.0573476702509	1918.0	0.0517774343122	22.0	0.0
Daphnia	CTT	L	F	0.0	0.658235937301	0.272727272727	0.0454545454545	0.69696969697	0.23487544484	0.0427046263345	1916.0	-0.0135373749264	53.0	0.0
Daphnia	CTG	L	F	0.0	0.658235937301	0.111111111111	0.0714285714286	0.714285714286	0.0498220640569	0.0427046263345	1916.0	0.158333333333	54.0	0.0
Daphnia	CTA	L	F	0.0	0.658235937301	0.166666666667	0.0408163265306	0.69387755102	0.174377224199	0.0427046263345	1916.0	0.0213692125049	52.0	0.0
Daphnia	CTC	L	F	0.0	0.658235937301	0.3	0.0810810810811	0.621621621622	0.131672597865	0.0427046263345	1916.0	0.309844559585	55.0	0.0
Daphnia	TTA	L	F	0.0	0.658235937301	0.25	0.0337078651685	0.662921348315	0.316725978648	0.0427046263345	1916.0	-0.0813114754098	20.0	0.0
Zea_mays_s	CTT	L	F	0.0	0.167309012495	0.2	0.05	0.925	0.180995475113	0.0180995475113	1605.0	0.197163120567	53.0	0.0
Zea_mays_s	CTC	L	F	0.0	0.167309012495	0.142857142857	0.047619047619	0.952380952381	0.0950226244344	0.0180995475113	1605.0	0.399074074074	55.0	0.0
Zea_mays_s	TTG	L	F	0.0	0.167309012495	0.1	0.0285714285714	0.971428571429	0.158371040724	0.0180995475113	1605.0	0.257534246575	22.0	0.0
Homo	CTT	L	F	0.0	0.853372178258	0.25	0.08	0.76	0.0909090909091	0.0690909090909	1920.0	0.21799844841	53.0	0.0
Homo	CTG	L	F	0.0	0.853372178258	0.142857142857	0.0555555555556	0.888888888889	0.0654545454545	0.0690909090909	1920.0	0.206140350877	54.0	0.0
Homo	CTA	L	F	0.0	0.853372178258	0.416666666667	0.0546875	0.6875	0.465454545455	0.0690909090909	1920.0	0.126736906398	52.0	0.0
Homo	CTC	L	F	0.0	0.853372178258	0.333333333333	0.0952380952381	0.698412698413	0.229090909091	0.0690909090909	1920.0	0.40700152207	55.0	0.0
Homo	TTA	L	F	0.0	0.853372178258	0.1	0.0625	0.75	0.116363636364	0.0690909090909	1920.0	0.147741147741	20.0	0.0
Homo	TTG	L	F	0.0	0.853372178258	0.2	0.111111111111	0.666666666667	0.0327272727273	0.0690909090909	1920.0	0.216842105263	22.0	0.0
Blanceolatum	CTT	L	F	0.0	0.736764593793	0.142857142857	0.0625	0.5625	0.0776699029126	0.0533980582524	1187.0	-0.00700116686114	53.0	0.0
Blanceolatum	CTA	L	F	0.0	0.736764593793	0.111111111111	0.0243902439024	0.658536585366	0.199029126214	0.0533980582524	1187.0	0.043661971831	52.0	0.0
Blanceolatum	TTA	L	F	0.0	0.736764593793	0.3	0.0609756097561	0.743902439024	0.398058252427	0.0533980582524	1187.0	0.143781452193	20.0	0.0
Blanceolatum	TTG	L	F	0.0	0.736764593793	0.25	0.0833333333333	0.604166666667	0.233009708738	0.0533980582524	1187.0	0.0974051896208	22.0	0.0
Saccoglossus	CTT	L	F	2.0	0.311742806481	0.363636363636	0.0744680851064	0.723404255319	0.321917808219	0.0582191780822	1924.0	0.215438741722	53.0	0.0
Saccoglossus	CTG	L	F	2.0	0.311742806481	0.25	0.2	0.6	0.0171232876712	0.0582191780822	1924.0	0.896946564885	54.0	0.0
Saccoglossus	CTA	L	F	2.0	0.311742806481	0.0769230769231	0.0185185185185	0.796296296296	0.184931506849	0.0582191780822	1924.0	-0.069066862601	52.0	0.0
Saccoglossus	CTC	L	F	2.0	0.311742806481	0.1	0.025	0.7	0.13698630137	0.0582191780822	1924.0	0.236660079051	55.0	0.0
Saccoglossus	TTA	L	F	2.0	0.311742806481	0.25	0.0731707317073	0.69512195122	0.280821917808	0.0582191780822	1924.0	0.00696864111498	20.0	0.0
Saccoglossus	TTG	L	F	2.0	0.311742806481	0.2	0.0588235294118	0.705882352941	0.0582191780822	0.0582191780822	1924.0	0.190476190476	22.0	0.0
Nephroselmis_olivacea	TTA	L	F	2.0	0.688837798662	0.230769230769	0.0228571428571	0.942857142857	0.662878787879	0.0151515151515	1929.0	0.0387406497711	20.0	0.0

### Alignment improvement:
