### Random Forest prediction
genome	codon	ori_aa	rea_aa	fitch	Fisher pval	Gene frac	N. rea	N. used	Cod. count	Sub. count	G. len	codon_lik	id	prediction
Paracentrotus	GCC	A	S	0.0	0.0503736015545	0.375	0.108108108108	0.702702702703	0.373737373737	0.040404040404	1436.0	0.775743707094	47.0	0.0
Schistosoma	GCT	A	S	1.0	0.674641121894	0.285714285714	0.103448275862	0.448275862069	0.783783783784	0.108108108108	1278.0	0.386494252874	45.0	0.0
Schistosoma	GCG	A	S	1.0	0.674641121894	0.5	0.5	0.5	0.0540540540541	0.108108108108	1278.0	1.86956521739	46.0	0.0
Fasciola	GCA	A	S	0.0	0.934731378369	0.25	0.25	0.75	0.0754716981132	0.11320754717	1341.0	1.51063829787	44.0	0.0
Fasciola	GCT	A	S	0.0	0.934731378369	0.25	0.1	0.45	0.754716981132	0.11320754717	1341.0	0.449685534591	45.0	0.0
Fasciola	GCG	A	S	0.0	0.934731378369	0.2	0.142857142857	0.714285714286	0.132075471698	0.11320754717	1341.0	0.888888888889	46.0	0.0
Patiria	GCT	A	S	0.0	0.239583300966	0.166666666667	0.0526315789474	0.894736842105	0.19387755102	0.0102040816327	1534.0	0.813483146067	45.0	0.0
Lumbricus	GCA	A	S	0.0	0.815617355073	0.111111111111	0.0263157894737	0.763157894737	0.327586206897	0.0431034482759	1525.0	0.739955357143	44.0	0.0
Lumbricus	GCC	A	S	0.0	0.815617355073	0.25	0.0588235294118	0.735294117647	0.293103448276	0.0431034482759	1525.0	0.84917617237	47.0	0.0
Lumbricus	GCT	A	S	0.0	0.815617355073	0.222222222222	0.05	0.825	0.344827586207	0.0431034482759	1525.0	0.833511205977	45.0	0.0
Halocynthia	GCA	A	S	0.0	0.495256326647	0.142857142857	0.0625	0.8125	0.228571428571	0.0571428571429	1418.0	1.05361930295	44.0	0.0
Halocynthia	GCT	A	S	0.0	0.495256326647	0.2	0.046511627907	0.813953488372	0.614285714286	0.0571428571429	1418.0	0.76976284585	45.0	0.0
Halocynthia	GCG	A	S	0.0	0.495256326647	0.25	0.142857142857	0.714285714286	0.1	0.0571428571429	1418.0	1.32142857143	46.0	0.0
Limulus	GCA	A	S	0.0	0.759032900335	0.222222222222	0.0571428571429	0.885714285714	0.346534653465	0.039603960396	1521.0	0.960687960688	44.0	0.0
Limulus	GCT	A	S	0.0	0.759032900335	0.25	0.0454545454545	0.886363636364	0.435643564356	0.039603960396	1521.0	0.964559386973	45.0	0.0
Caenorhabditis	GCC	A	S	0.0	0.129242743342	0.25	0.2	0.6	0.0649350649351	0.0909090909091	1433.0	1.31932773109	47.0	0.0
Caenorhabditis	GCT	A	S	0.0	0.129242743342	0.625	0.133333333333	0.644444444444	0.584415584416	0.0909090909091	1433.0	0.778719397363	45.0	0.0
Axinella	GCA	A	S	0.0	0.104540758584	0.375	0.0882352941176	0.705882352941	0.300884955752	0.0353982300885	1523.0	0.621689785624	44.0	0.0
Axinella	GCG	A	S	0.0	0.104540758584	0.125	0.0555555555556	0.888888888889	0.159292035398	0.0353982300885	1523.0	0.965034965035	46.0	0.0
Terebratulina	GCA	A	S	0.0	0.335815467169	0.375	0.0967741935484	0.741935483871	0.26724137931	0.0862068965517	1487.0	0.898907103825	44.0	0.0
Terebratulina	GCC	A	S	0.0	0.335815467169	0.5	0.109090909091	0.709090909091	0.474137931034	0.0862068965517	1487.0	0.808936825886	47.0	0.0
Terebratulina	GCG	A	S	0.0	0.335815467169	0.25	0.166666666667	0.833333333333	0.051724137931	0.0862068965517	1487.0	1.20138888889	46.0	0.0
Bfloridae	GCC	A	S	3.0	0.220386028041	0.2	0.1	0.8	0.153846153846	0.0461538461538	875.0	0.918803418803	47.0	0.0
Bfloridae	GCT	A	S	3.0	0.220386028041	0.166666666667	0.0322580645161	0.935483870968	0.476923076923	0.0461538461538	875.0	0.940540540541	45.0	0.0
Bfloridae	GCG	A	S	3.0	0.220386028041	0.2	0.1	0.8	0.153846153846	0.0461538461538	875.0	0.716738197425	46.0	0.0
Katharina	GCA	A	S	0.0	0.0198277012595	0.5	0.153846153846	0.769230769231	0.26	0.06	1515.0	1.02584814216	44.0	0.0
Katharina	GCC	A	S	0.0	0.0198277012595	0.2	0.0588235294118	0.647058823529	0.17	0.06	1515.0	0.674876847291	47.0	0.0
Katharina	GCG	A	S	0.0	0.0198277012595	0.166666666667	0.0833333333333	0.833333333333	0.12	0.06	1515.0	1.175	46.0	0.0
Geodia	GCA	A	S	1.0	0.518644727044	0.111111111111	0.0357142857143	0.714285714286	0.261682242991	0.0280373831776	1524.0	0.523449319213	44.0	0.0
Geodia	GCT	A	S	1.0	0.518644727044	0.1	0.02	0.86	0.467289719626	0.0280373831776	1524.0	0.709871244635	45.0	0.0
Geodia	GCG	A	S	1.0	0.518644727044	0.125	0.0625	0.8125	0.14953271028	0.0280373831776	1524.0	0.870967741935	46.0	0.0
Metridium	GCA	A	S	2.0	0.108484812278	0.166666666667	0.0555555555556	0.722222222222	0.157894736842	0.0438596491228	1534.0	0.847826086957	44.0	0.0
Metridium	GCC	A	S	2.0	0.108484812278	0.111111111111	0.0285714285714	0.885714285714	0.30701754386	0.0438596491228	1534.0	0.818181818182	47.0	0.0
Metridium	GCT	A	S	2.0	0.108484812278	0.111111111111	0.0204081632653	0.857142857143	0.429824561404	0.0438596491228	1534.0	0.764291996482	45.0	0.0
Metridium	GCG	A	S	2.0	0.108484812278	0.142857142857	0.166666666667	0.666666666667	0.105263157895	0.0438596491228	1534.0	0.873646209386	46.0	0.0
Acropora	GCA	A	S	2.0	0.35650304869	0.142857142857	0.047619047619	0.857142857143	0.185840707965	0.0619469026549	1532.0	0.933333333333	44.0	0.0
Acropora	GCT	A	S	2.0	0.35650304869	0.2	0.047619047619	0.857142857143	0.371681415929	0.0619469026549	1532.0	0.821538461538	45.0	0.0
Acropora	GCG	A	S	2.0	0.35650304869	0.333333333333	0.121212121212	0.666666666667	0.29203539823	0.0619469026549	1532.0	0.739921976593	46.0	0.0
Trichinella	GCA	A	S	0.0	0.384419696267	0.2	0.047619047619	0.52380952381	0.381818181818	0.0727272727273	1259.0	0.125	44.0	0.0
Trichinella	GCT	A	S	0.0	0.384419696267	0.4	0.142857142857	0.619047619048	0.381818181818	0.0727272727273	1259.0	0.80081300813	45.0	0.0
Balanoglossus	GCC	A	S	0.0	0.257350023802	0.111111111111	0.0217391304348	0.826086956522	0.422018348624	0.0275229357798	1534.0	0.71335200747	47.0	0.0
Balanoglossus	GCT	A	S	0.0	0.257350023802	0.125	0.1	0.85	0.183486238532	0.0275229357798	1534.0	1.02813852814	45.0	0.0
Drosophila	GCT	A	S	0.0	0.774704618269	0.333333333333	0.0405405405405	0.905405405405	0.762886597938	0.0309278350515	1523.0	0.938586326767	45.0	0.0
Myxine	GCA	A	S	2.0	0.21538459945	0.285714285714	0.0645161290323	0.838709677419	0.306930693069	0.019801980198	1533.0	0.918508287293	44.0	0.0
Ciona	GCT	A	S	0.0	0.599999861898	0.125	0.0227272727273	0.886363636364	0.785714285714	0.0178571428571	1411.0	0.813640730067	45.0	0.0
Saccoglossus	GCA	A	S	1.0	0.899591802068	0.142857142857	0.0227272727273	0.909090909091	0.403669724771	0.0275229357798	1532.0	0.907843137255	44.0	0.0
Saccoglossus	GCC	A	S	1.0	0.899591802068	0.111111111111	0.04	0.84	0.229357798165	0.0275229357798	1532.0	0.913996627319	47.0	0.0
Saccoglossus	GCT	A	S	1.0	0.899591802068	0.111111111111	0.025641025641	0.897435897436	0.357798165138	0.0275229357798	1532.0	0.821111111111	45.0	0.0
Daphnia	GCA	A	S	0.0	0.048051519502	0.222222222222	0.130434782609	0.652173913043	0.239583333333	0.0416666666667	1517.0	0.94953271028	44.0	0.0
Daphnia	GCT	A	S	0.0	0.048051519502	0.125	0.0333333333333	0.933333333333	0.3125	0.0416666666667	1517.0	1.01564722617	45.0	0.0
Homo	GCA	A	S	2.0	0.320652123251	0.125	0.0322580645161	0.838709677419	0.298076923077	0.00961538461538	1533.0	0.734353268428	44.0	0.0
Blanceolatum	GCA	A	S	3.0	0.660155578574	0.2	0.0769230769231	0.846153846154	0.203125	0.046875	839.0	0.788961038961	44.0	0.0
Blanceolatum	GCT	A	S	3.0	0.660155578574	0.333333333333	0.0740740740741	0.925925925926	0.421875	0.046875	839.0	0.984399375975	45.0	0.0
Epigonichthys	GCA	A	S	2.0	0.908265274451	0.142857142857	0.030303030303	0.909090909091	0.308411214953	0.0280373831776	1522.0	0.913725490196	44.0	0.0
Epigonichthys	GCT	A	S	2.0	0.908265274451	0.125	0.0277777777778	0.888888888889	0.336448598131	0.0280373831776	1522.0	0.714953271028	45.0	0.0
Epigonichthys	GCG	A	S	2.0	0.908265274451	0.125	0.0333333333333	0.933333333333	0.280373831776	0.0280373831776	1522.0	0.941944847605	46.0	0.0

### Alignment improvement:
