### Random Forest prediction
genome	codon	ori_aa	rea_aa	fitch	Fisher pval	Gene frac	N. rea	N. used	Cod. count	Sub. count	G. len	codon_lik	id	prediction
Paracentrotus	TCT	S	L	0.0	0.832786655661	0.166666666667	0.0434782608696	0.5	0.368	0.032	1926.0	-1.68951107397	29.0	0.0
Paracentrotus	TCC	S	L	0.0	0.832786655661	0.111111111111	0.0333333333333	0.5	0.24	0.032	1926.0	-1.45377604167	31.0	0.0
Paracentrotus	TCA	S	L	0.0	0.832786655661	0.111111111111	0.0285714285714	0.714285714286	0.28	0.032	1926.0	-1.73625763465	28.0	0.0
Beta_vulgaris_vulgaris	TCG	S	L	0.0	0.0001850165542	0.375	0.272727272727	0.727272727273	0.1	0.0818181818182	1539.0	-0.704545454545	30.0	0.0
Beta_vulgaris_vulgaris	TCA	S	L	0.0	0.0001850165542	0.375	0.285714285714	0.714285714286	0.190909090909	0.0818181818182	1539.0	-0.686417502279	28.0	0.0
Malus_domestica	TCG	S	L	0.0	1.937558525e-05	0.285714285714	0.166666666667	0.833333333333	0.104347826087	0.104347826087	1518.0	-1.02694136292	30.0	0.0
Malus_domestica	TCA	S	L	0.0	1.937558525e-05	0.666666666667	0.4	0.6	0.217391304348	0.104347826087	1518.0	-0.217457886677	28.0	0.0
Phoenix_dactylifera	TCG	S	L	0.0	1.34333695917e-10	0.5	0.294117647059	0.705882352941	0.11038961039	0.162337662338	1738.0	-0.519495412844	30.0	1.0
Phoenix_dactylifera	TCA	S	L	0.0	1.34333695917e-10	0.777777777778	0.571428571429	0.428571428571	0.227272727273	0.162337662338	1738.0	0.767378215654	28.0	1.0
Caenorhabditis	TCG	S	L	0.0	0.377896067107	0.333333333333	0.25	0.0	0.0327868852459	0.0655737704918	1865.0	-0.544554455446	30.0	0.0
Caenorhabditis	TCT	S	L	0.0	0.377896067107	0.2	0.0425531914894	0.36170212766	0.385245901639	0.0655737704918	1865.0	-1.50803461063	29.0	0.0
Caenorhabditis	AGT	S	L	0.0	0.377896067107	0.181818181818	0.0882352941176	0.264705882353	0.27868852459	0.0655737704918	1865.0	-1.30773606371	9.0	0.0
Caenorhabditis	TCA	S	L	0.0	0.377896067107	0.2	0.0645161290323	0.290322580645	0.254098360656	0.0655737704918	1865.0	-1.46721311475	28.0	0.0
Physcomitrella_patens	TCG	S	L	0.0	0.0451744006632	0.25	0.142857142857	0.857142857143	0.0546875	0.015625	1926.0	-0.850267379679	30.0	0.0
Physcomitrella_patens	TCA	S	L	0.0	0.0451744006632	0.1	0.0588235294118	0.941176470588	0.1328125	0.015625	1926.0	-1.61494252874	28.0	0.0
Schistosoma	TCT	S	L	0.0	0.182960785893	0.4	0.0816326530612	0.285714285714	0.35	0.0285714285714	1800.0	-1.39451728248	29.0	0.0
Fasciola	TCG	S	L	1.0	0.439442280486	0.166666666667	0.125	0.25	0.0559440559441	0.048951048951	1825.0	-1.33734939759	30.0	0.0
Fasciola	TCT	S	L	1.0	0.439442280486	0.166666666667	0.0416666666667	0.347222222222	0.503496503497	0.048951048951	1825.0	-1.72680690399	29.0	0.0
Fasciola	AGT	S	L	1.0	0.439442280486	0.166666666667	0.0425531914894	0.340425531915	0.328671328671	0.048951048951	1825.0	-1.75071516142	9.0	0.0
Fasciola	TCC	S	L	1.0	0.439442280486	0.166666666667	0.125	0.375	0.0559440559441	0.048951048951	1825.0	-1.27860696517	31.0	0.0
Dunaliella_salina	TCT	S	L	0.0	0.85407061014	0.166666666667	0.0333333333333	0.6	0.30612244898	0.0204081632653	1392.0	-1.62516297262	29.0	0.0
Dunaliella_salina	AGT	S	L	0.0	0.85407061014	0.142857142857	0.0232558139535	0.674418604651	0.438775510204	0.0204081632653	1392.0	-1.72577777778	9.0	0.0
Carica_papaya	TCG	S	L	0.0	2.59851695742e-05	0.375	0.25	0.75	0.089552238806	0.089552238806	1751.0	-0.815831987076	30.0	0.0
Carica_papaya	TCA	S	L	0.0	2.59851695742e-05	0.5	0.321428571429	0.678571428571	0.208955223881	0.089552238806	1751.0	-0.529045643154	28.0	0.0
Patiria	TCT	S	L	0.0	0.469678734877	0.0833333333333	0.0263157894737	0.526315789474	0.308943089431	0.0243902439024	1926.0	-1.70638754697	29.0	0.0
Patiria	AGC	S	L	0.0	0.469678734877	0.166666666667	0.1	0.5	0.0813008130081	0.0243902439024	1926.0	-1.50294695481	11.0	0.0
Patiria	TCC	S	L	0.0	0.469678734877	0.111111111111	0.027027027027	0.648648648649	0.30081300813	0.0243902439024	1926.0	-1.77571059432	31.0	0.0
Chaetosphaeridium_globosum	AGT	S	L	0.0	0.838842919566	0.1	0.0243902439024	0.926829268293	0.3203125	0.0078125	1930.0	-1.62505910165	9.0	0.0
Mesostigma_viride	TCT	S	L	0.0	0.313977476028	0.0909090909091	0.02	0.94	0.390625	0.0234375	1873.0	-1.74121779859	29.0	0.0
Mesostigma_viride	AGT	S	L	0.0	0.313977476028	0.111111111111	0.0263157894737	0.921052631579	0.296875	0.0234375	1873.0	-1.78974098527	9.0	0.0
Mesostigma_viride	TCC	S	L	0.0	0.313977476028	0.2	0.142857142857	0.571428571429	0.0546875	0.0234375	1873.0	-1.12573099415	31.0	0.0
Zea_mays_NB	TCG	S	L	0.0	3.78682344873e-05	0.142857142857	0.0909090909091	0.909090909091	0.0924369747899	0.0756302521008	1540.0	-1.35563380282	30.0	0.0
Zea_mays_NB	TCA	S	L	0.0	3.78682344873e-05	0.571428571429	0.363636363636	0.636363636364	0.18487394958	0.0756302521008	1540.0	-0.365535248042	28.0	0.0
Pseudendoclonium_akinetum	AGC	S	L	0.0	0.0518110496404	0.181818181818	0.0769230769231	0.5	0.173333333333	0.0133333333333	1930.0	-1.52841781874	11.0	0.0
Arabidopsis_thaliana	TCG	S	L	0.0	1.59970496862e-05	0.375	0.307692307692	0.692307692308	0.0992366412214	0.0916030534351	1780.0	-0.450381679389	30.0	0.0
Arabidopsis_thaliana	TCA	S	L	0.0	1.59970496862e-05	0.5	0.296296296296	0.703703703704	0.206106870229	0.0916030534351	1780.0	-0.587808417997	28.0	0.0
Lumbricus	TCT	S	L	0.0	0.400404779403	0.0909090909091	0.0285714285714	0.457142857143	0.277777777778	0.0634920634921	1920.0	-1.61442362294	29.0	0.0
Lumbricus	AGT	S	L	0.0	0.400404779403	0.25	0.142857142857	0.142857142857	0.0555555555556	0.0634920634921	1920.0	-1.87257617729	9.0	0.0
Lumbricus	AGC	S	L	0.0	0.400404779403	0.25	0.142857142857	0.428571428571	0.0555555555556	0.0634920634921	1920.0	-0.825136612022	11.0	0.0
Lumbricus	TCC	S	L	0.0	0.400404779403	0.111111111111	0.037037037037	0.444444444444	0.214285714286	0.0634920634921	1920.0	-1.46723646724	31.0	0.0
Lumbricus	TCA	S	L	0.0	0.400404779403	0.363636363636	0.0833333333333	0.583333333333	0.380952380952	0.0634920634921	1920.0	-1.5622923588	28.0	0.0
Halocynthia	TCT	S	L	0.0	0.529284605407	0.0833333333333	0.02	0.56	0.36231884058	0.036231884058	1893.0	-1.65543219667	29.0	0.0
Halocynthia	AGT	S	L	0.0	0.529284605407	0.272727272727	0.0677966101695	0.406779661017	0.427536231884	0.036231884058	1893.0	-1.39230003319	9.0	0.0
Limulus	TCT	S	L	0.0	0.583591485812	0.2	0.0612244897959	0.551020408163	0.374045801527	0.0458015267176	1919.0	-1.57296650718	29.0	0.0
Limulus	TCC	S	L	0.0	0.583591485812	0.222222222222	0.0833333333333	0.375	0.18320610687	0.0458015267176	1919.0	-1.40662894099	31.0	0.0
Limulus	TCA	S	L	0.0	0.583591485812	0.0909090909091	0.0238095238095	0.619047619048	0.320610687023	0.0458015267176	1919.0	-1.58916164891	28.0	0.0
Oryza_sativa_I2	TCG	S	L	0.0	3.75047301889e-05	0.142857142857	0.0909090909091	0.909090909091	0.0866141732283	0.0708661417323	1693.0	-1.35563380282	30.0	0.0
Oryza_sativa_I2	TCA	S	L	0.0	3.75047301889e-05	0.5	0.333333333333	0.666666666667	0.188976377953	0.0708661417323	1693.0	-0.486704270749	28.0	0.0
Oryza_sativa_J2	TCG	S	L	0.0	2.39658632593e-06	0.166666666667	0.1	0.9	0.0917431192661	0.100917431193	1446.0	-1.48902195609	30.0	0.0
Oryza_sativa_J2	TCA	S	L	0.0	2.39658632593e-06	0.666666666667	0.47619047619	0.52380952381	0.192660550459	0.100917431193	1446.0	0.297674418605	28.0	0.0
Pycnococcus_provasolii	TCT	S	L	0.0	0.529863998151	0.166666666667	0.0357142857143	0.803571428571	0.427480916031	0.0381679389313	1930.0	-1.60188415911	29.0	0.0
Pycnococcus_provasolii	AGT	S	L	0.0	0.529863998151	0.111111111111	0.0416666666667	0.666666666667	0.18320610687	0.0381679389313	1930.0	-1.44687753447	9.0	0.0
Pycnococcus_provasolii	AGC	S	L	0.0	0.529863998151	0.125	0.0588235294118	0.764705882353	0.129770992366	0.0381679389313	1930.0	-1.63791146425	11.0	0.0
Pycnococcus_provasolii	TCC	S	L	0.0	0.529863998151	0.25	0.166666666667	0.833333333333	0.0458015267176	0.0381679389313	1930.0	-1.00641025641	31.0	0.0
Axinella	TCT	S	L	0.0	0.843137200744	0.1	0.0263157894737	0.815789473684	0.306451612903	0.00806451612903	1924.0	-1.83678756477	29.0	0.0
Terebratulina	TCT	S	L	0.0	0.960332629961	0.181818181818	0.047619047619	0.47619047619	0.333333333333	0.047619047619	1915.0	-1.47824074074	29.0	0.0
Terebratulina	TCC	S	L	0.0	0.960332629961	0.272727272727	0.0652173913043	0.565217391304	0.365079365079	0.047619047619	1915.0	-1.48155998304	31.0	0.0
Terebratulina	TCA	S	L	0.0	0.960332629961	0.0909090909091	0.0384615384615	0.576923076923	0.206349206349	0.047619047619	1915.0	-1.4665641814	28.0	0.0
Chlorokybus_atmophyticus	TCC	S	L	0.0	0.195833311755	0.125	0.0666666666667	0.933333333333	0.121951219512	0.00813008130081	1930.0	-1.4920212766	31.0	0.0
Beta_vulgaris_maritima	TCG	S	L	0.0	0.000174775255919	0.375	0.272727272727	0.727272727273	0.0940170940171	0.0769230769231	1604.0	-0.704545454545	30.0	0.0
Beta_vulgaris_maritima	TCA	S	L	0.0	0.000174775255919	0.333333333333	0.260869565217	0.739130434783	0.196581196581	0.0769230769231	1604.0	-0.786073825503	28.0	0.0
Vitis_vinifera	TCG	S	L	0.0	2.72402965165e-09	0.625	0.4	0.6	0.111940298507	0.179104477612	1516.0	0.0573663624511	30.0	1.0
Vitis_vinifera	TCA	S	L	0.0	2.72402965165e-09	0.666666666667	0.545454545455	0.454545454545	0.246268656716	0.179104477612	1516.0	0.543786982249	28.0	1.0
Bfloridae	AGC	S	L	2.0	0.0516591219339	0.25	0.142857142857	0.571428571429	0.0864197530864	0.0246913580247	1192.0	-1.06318681319	11.0	0.0
Bfloridae	TCC	S	L	2.0	0.0516591219339	0.2	0.166666666667	0.666666666667	0.0740740740741	0.0246913580247	1192.0	-1.33653846154	31.0	0.0
Katharina	TCT	S	L	0.0	0.0586191698571	0.0909090909091	0.0188679245283	0.754716981132	0.445378151261	0.0588235294118	1917.0	-1.89001883239	29.0	0.0
Katharina	AGT	S	L	0.0	0.0586191698571	0.333333333333	0.166666666667	0.5	0.100840336134	0.0588235294118	1917.0	-1.0447761194	9.0	0.0
Katharina	TCA	S	L	0.0	0.0586191698571	0.222222222222	0.129032258065	0.451612903226	0.260504201681	0.0588235294118	1917.0	-1.46288209607	28.0	0.0
Lotus_japonicus	TCG	S	L	0.0	7.28610098844e-07	0.375	0.214285714286	0.785714285714	0.106060606061	0.128787878788	1683.0	-0.928374655647	30.0	1.0
Lotus_japonicus	TCA	S	L	0.0	7.28610098844e-07	0.555555555556	0.4375	0.5625	0.242424242424	0.128787878788	1683.0	0.0724985020971	28.0	1.0
Geodia	TCT	S	L	0.0	0.811320689575	0.0833333333333	0.0212765957447	0.829787234043	0.361538461538	0.00769230769231	1925.0	-1.78335424509	29.0	0.0
Metridium	TCT	S	L	0.0	0.741212091918	0.0833333333333	0.02	0.82	0.416666666667	0.0166666666667	1928.0	-1.7626520204	29.0	0.0
Metridium	AGT	S	L	0.0	0.741212091918	0.111111111111	0.04	0.76	0.208333333333	0.0166666666667	1928.0	-1.584375	9.0	0.0
Chlamydomonas_reinhardtii	TCT	S	L	0.0	0.612375177842	0.285714285714	0.0769230769231	0.653846153846	0.276595744681	0.031914893617	1389.0	-1.76979472141	29.0	0.0
Chlamydomonas_reinhardtii	AGT	S	L	0.0	0.612375177842	0.142857142857	0.03125	0.59375	0.340425531915	0.031914893617	1389.0	-1.72923076923	9.0	0.0
Acropora	TCG	S	L	0.0	0.911941550354	0.111111111111	0.0434782608696	0.826086956522	0.181102362205	0.0157480314961	1926.0	-1.61357921207	30.0	0.0
Acropora	TCT	S	L	0.0	0.911941550354	0.0909090909091	0.0196078431373	0.78431372549	0.40157480315	0.0157480314961	1926.0	-1.79242365675	29.0	0.0
Brassica_rapa_oleifera	TCG	S	L	0.0	0.000673386587074	0.285714285714	0.181818181818	0.818181818182	0.1	0.0727272727273	1553.0	-1.06902654867	30.0	0.0
Brassica_rapa_oleifera	TCA	S	L	0.0	0.000673386587074	0.375	0.285714285714	0.714285714286	0.190909090909	0.0727272727273	1553.0	-0.631006346328	28.0	0.0
Glycine_max	TCG	S	L	0.0	7.40154615171e-05	0.428571428571	0.25	0.75	0.0967741935484	0.0887096774194	1641.0	-0.753184713376	30.0	0.0
Glycine_max	TCA	S	L	0.0	7.40154615171e-05	0.375	0.307692307692	0.692307692308	0.209677419355	0.0887096774194	1641.0	-0.42569081404	28.0	0.0
Trichinella	TCG	S	L	0.0	0.178649568451	0.4	0.181818181818	0.454545454545	0.0839694656489	0.0763358778626	1883.0	-0.994454713494	30.0	0.0
Trichinella	TCT	S	L	0.0	0.178649568451	0.111111111111	0.0344827586207	0.344827586207	0.221374045802	0.0763358778626	1883.0	-1.21513944223	29.0	0.0
Trichinella	AGT	S	L	0.0	0.178649568451	0.111111111111	0.05	0.4	0.152671755725	0.0763358778626	1883.0	-1.27437858509	9.0	0.0
Trichinella	AGC	S	L	0.0	0.178649568451	0.5	0.230769230769	0.307692307692	0.0992366412214	0.0763358778626	1883.0	-1.11836115326	11.0	0.0
Trichinella	TCC	S	L	0.0	0.178649568451	0.125	0.0952380952381	0.333333333333	0.160305343511	0.0763358778626	1883.0	-1.41149212234	31.0	0.0
Trichinella	TCA	S	L	0.0	0.178649568451	0.111111111111	0.027027027027	0.486486486486	0.282442748092	0.0763358778626	1883.0	-1.48368111289	28.0	0.0
Bracteacoccus_minor	TCC	S	L	3.0	0.174603152682	0.125	0.0909090909091	0.636363636364	0.111111111111	0.010101010101	1686.0	-1.52772808587	31.0	0.0
Chromochloris_zofingiensis	TCT	S	L	2.0	0.0778711404131	0.111111111111	0.0882352941176	0.323529411765	0.34	0.04	1522.0	-1.27570621469	29.0	0.0
Chromochloris_zofingiensis	AGT	S	L	2.0	0.0778711404131	0.1	0.0181818181818	0.563636363636	0.55	0.04	1522.0	-1.67746529014	9.0	0.0
Balanoglossus	AGC	S	L	0.0	0.589298187568	0.1	0.111111111111	0.666666666667	0.136363636364	0.0378787878788	1926.0	-1.49190938511	11.0	0.0
Balanoglossus	TCC	S	L	0.0	0.589298187568	0.181818181818	0.05	0.575	0.30303030303	0.0378787878788	1926.0	-1.50121065375	31.0	0.0
Balanoglossus	TCA	S	L	0.0	0.589298187568	0.0909090909091	0.0294117647059	0.735294117647	0.257575757576	0.0378787878788	1926.0	-1.75375722543	28.0	0.0
Drosophila	TCT	S	L	0.0	0.312233204034	0.363636363636	0.111111111111	0.5	0.482142857143	0.0625	1919.0	-1.32298136646	29.0	0.0
Drosophila	TCA	S	L	0.0	0.312233204034	0.111111111111	0.025	0.65	0.357142857143	0.0625	1919.0	-1.54065827686	28.0	0.0
Sorghum_bicolor	TCG	S	L	0.0	0.00029316817369	0.166666666667	0.1	0.9	0.102040816327	0.0918367346939	1275.0	-1.30544747082	30.0	0.0
Sorghum_bicolor	TCA	S	L	0.0	0.00029316817369	0.666666666667	0.380952380952	0.619047619048	0.214285714286	0.0918367346939	1275.0	-0.291324200913	28.0	0.0
Myxine	TCT	S	L	0.0	0.313040197748	0.0909090909091	0.025641025641	0.487179487179	0.233532934132	0.0299401197605	1919.0	-1.6671686747	29.0	0.0
Myxine	AGT	S	L	0.0	0.313040197748	0.166666666667	0.142857142857	0.428571428571	0.0419161676647	0.0299401197605	1919.0	-0.975543478261	9.0	0.0
Myxine	TCA	S	L	0.0	0.313040197748	0.181818181818	0.05	0.6	0.359281437126	0.0299401197605	1919.0	-1.4067408377	28.0	0.0
Ciona	TCT	S	L	0.0	0.495513551568	0.25	0.056338028169	0.380281690141	0.422619047619	0.047619047619	1891.0	-1.38550564894	29.0	0.0
Ciona	AGT	S	L	0.0	0.495513551568	0.166666666667	0.047619047619	0.547619047619	0.25	0.047619047619	1891.0	-1.64040778499	9.0	0.0
Ciona	AGC	S	L	0.0	0.495513551568	0.25	0.25	0.5	0.0238095238095	0.047619047619	1891.0	-0.9	11.0	0.0
Ciona	TCA	S	L	0.0	0.495513551568	0.0833333333333	0.0263157894737	0.473684210526	0.22619047619	0.047619047619	1891.0	-1.44345081536	28.0	0.0
Epigonichthys	TCT	S	L	0.0	0.557219543668	0.166666666667	0.04	0.66	0.434782608696	0.0347826086957	1918.0	-1.54005470887	29.0	0.0
Epigonichthys	AGT	S	L	0.0	0.557219543668	0.166666666667	0.0909090909091	0.363636363636	0.095652173913	0.0347826086957	1918.0	-0.964601769912	9.0	0.0
Epigonichthys	TCA	S	L	0.0	0.557219543668	0.142857142857	0.0555555555556	0.555555555556	0.15652173913	0.0347826086957	1918.0	-1.65536105033	28.0	0.0
Daphnia	TCT	S	L	0.0	0.982009127305	0.25	0.0588235294118	0.549019607843	0.418032786885	0.0409836065574	1916.0	-1.61307901907	29.0	0.0
Daphnia	TCC	S	L	0.0	0.982009127305	0.142857142857	0.0769230769231	0.538461538462	0.106557377049	0.0409836065574	1916.0	-1.40853658537	31.0	0.0
Daphnia	TCA	S	L	0.0	0.982009127305	0.111111111111	0.0434782608696	0.565217391304	0.188524590164	0.0409836065574	1916.0	-1.6085106383	28.0	0.0
Zea_mays_s	TCG	S	L	0.0	3.03030292077e-05	0.125	0.0833333333333	0.916666666667	0.0952380952381	0.0714285714286	1605.0	-1.41951219512	30.0	0.0
Zea_mays_s	TCA	S	L	0.0	3.03030292077e-05	0.5	0.347826086957	0.652173913043	0.18253968254	0.0714285714286	1605.0	-0.418546365915	28.0	0.0
Homo	TCT	S	L	0.0	0.588414616778	0.166666666667	0.0666666666667	0.666666666667	0.1171875	0.0234375	1920.0	-1.49113924051	29.0	0.0
Homo	TCC	S	L	0.0	0.588414616778	0.1	0.0232558139535	0.674418604651	0.3359375	0.0234375	1920.0	-1.61749885479	31.0	0.0
Homo	TCA	S	L	0.0	0.588414616778	0.1	0.025	0.65	0.3125	0.0234375	1920.0	-1.79211295034	28.0	0.0
Blanceolatum	TCG	S	L	2.0	0.0697278876335	0.333333333333	0.333333333333	0.666666666667	0.0394736842105	0.0263157894737	1187.0	-0.406451612903	30.0	0.0
Blanceolatum	TCA	S	L	2.0	0.0697278876335	0.166666666667	0.0769230769231	0.538461538462	0.171052631579	0.0263157894737	1187.0	-1.12012012012	28.0	0.0
Saccoglossus	TCT	S	L	0.0	0.371820727492	0.1	0.0204081632653	0.632653061224	0.352517985612	0.0431654676259	1924.0	-1.69613699721	29.0	0.0
Saccoglossus	TCC	S	L	0.0	0.371820727492	0.25	0.0869565217391	0.478260869565	0.165467625899	0.0431654676259	1924.0	-1.23429541596	31.0	0.0
Saccoglossus	TCA	S	L	0.0	0.371820727492	0.272727272727	0.0789473684211	0.605263157895	0.273381294964	0.0431654676259	1924.0	-1.44076305221	28.0	0.0

### Alignment improvement:
TCG	Leu	2.77e-02
TCA	Leu	3.48e-01
