### Random Forest prediction
genome	codon	ori_aa	rea_aa	fitch	Fisher pval	Gene frac	N. rea	N. used	Cod. count	Sub. count	G. len	codon_lik	id	prediction
Paracentrotus	CTT	L	W	0.0	0.314417395082	0.0833333333333	0.0350877192982	0.701754385965	0.208791208791	0.00732600732601	1926.0	-1.6865364851	53.0	0.0
Caenorhabditis	TTA	L	W	0.0	0.7462638945	0.166666666667	0.0114285714286	0.6	0.657894736842	0.00751879699248	1865.0	-1.79461504228	20.0	0.0
Schistosoma	TTA	L	W	0.0	0.72689066201	0.0833333333333	0.00704225352113	0.450704225352	0.570281124498	0.00401606425703	1800.0	-1.88945414547	20.0	0.0
Fasciola	CTT	L	W	0.0	0.0276754349253	0.1	0.0263157894737	0.421052631579	0.139194139194	0.018315018315	1825.0	-1.66955193483	53.0	0.0
Fasciola	CTG	L	W	0.0	0.0276754349253	0.25	0.25	0.5	0.014652014652	0.018315018315	1825.0	-0.167487684729	54.0	0.0
Fasciola	CTC	L	W	0.0	0.0276754349253	0.333333333333	0.333333333333	0.666666666667	0.010989010989	0.018315018315	1825.0	1.72151898734	55.0	0.0
Fasciola	TTG	L	W	0.0	0.0276754349253	0.0833333333333	0.0121212121212	0.466666666667	0.604395604396	0.018315018315	1825.0	-1.7593089763	22.0	0.0
Dunaliella_salina	TTA	L	W	0.0	0.604316410151	0.142857142857	0.00609756097561	0.664634146341	0.780952380952	0.0047619047619	1392.0	-1.83134920635	20.0	0.0
Patiria	CTT	L	W	0.0	0.921404655139	0.0833333333333	0.015873015873	0.730158730159	0.228260869565	0.00724637681159	1926.0	-1.77158948686	53.0	0.0
Patiria	CTA	L	W	0.0	0.921404655139	0.0769230769231	0.010752688172	0.763440860215	0.336956521739	0.00724637681159	1926.0	-1.83489485738	52.0	0.0
Chaetosphaeridium_globosum	TTA	L	W	0.0	0.674377111777	0.0769230769231	0.00534759358289	0.973262032086	0.640410958904	0.00342465753425	1930.0	-1.94857859532	20.0	0.0
Pseudendoclonium_akinetum	CTT	L	W	5.0	0.754176511664	0.0833333333333	0.0175438596491	0.719298245614	0.198606271777	0.01393728223	1930.0	-1.81126279863	53.0	0.0
Pseudendoclonium_akinetum	TTA	L	W	5.0	0.754176511664	0.153846153846	0.0151515151515	0.848484848485	0.459930313589	0.01393728223	1930.0	-1.77764565993	20.0	0.0
Pseudendoclonium_akinetum	TTG	L	W	5.0	0.754176511664	0.0833333333333	0.030303030303	0.878787878788	0.114982578397	0.01393728223	1930.0	-1.7289334119	22.0	0.0
Lumbricus	CTA	L	W	0.0	0.835195473827	0.0769230769231	0.010989010989	0.637362637363	0.346007604563	0.00380228136882	1920.0	-1.92035208244	52.0	0.0
Halocynthia	TTA	L	W	0.0	0.8881538059	0.166666666667	0.0153846153846	0.607692307692	0.509803921569	0.0156862745098	1893.0	-1.90630603706	20.0	0.0
Halocynthia	TTG	L	W	0.0	0.8881538059	0.166666666667	0.0210526315789	0.610526315789	0.372549019608	0.0156862745098	1893.0	-1.85836734694	22.0	0.0
Limulus	CTT	L	W	0.0	0.960333220427	0.0909090909091	0.0208333333333	0.604166666667	0.186046511628	0.0116279069767	1919.0	-1.63488182559	53.0	0.0
Limulus	TTA	L	W	0.0	0.960333220427	0.166666666667	0.0192307692308	0.692307692308	0.403100775194	0.0116279069767	1919.0	-1.86104910714	20.0	0.0
Bracteacoccus_aerius	CTT	L	W	0.0	0.191914788449	0.125	0.0714285714286	0.857142857143	0.0479452054795	0.00684931506849	1789.0	-1.30575035063	53.0	0.0
Bracteacoccus_aerius	TTG	L	W	0.0	0.191914788449	0.0909090909091	0.00546448087432	0.704918032787	0.626712328767	0.00684931506849	1789.0	-1.92533865379	22.0	0.0
Axinella	TTA	L	W	0.0	0.68354419454	0.0769230769231	0.00609756097561	0.908536585366	0.607407407407	0.0037037037037	1924.0	-1.97558932631	20.0	0.0
Terebratulina	TTA	L	W	0.0	0.151685373862	0.111111111111	0.0357142857143	0.678571428571	0.102941176471	0.00367647058824	1915.0	-1.55106237149	20.0	0.0
Chlorokybus_atmophyticus	CTT	L	W	0.0	0.394736807061	0.0769230769231	0.0172413793103	0.913793103448	0.207885304659	0.00358422939068	1930.0	-1.83260796786	53.0	0.0
Bfloridae	TTA	L	W	0.0	0.788732321425	0.1	0.0117647058824	0.694117647059	0.425	0.005	1192.0	-1.79276615105	20.0	0.0
Geodia	CTG	L	W	0.0	0.162062741477	0.142857142857	0.125	0.75	0.0290909090909	0.00727272727273	1925.0	-0.855392156863	54.0	0.0
Geodia	TTA	L	W	0.0	0.162062741477	0.0769230769231	0.00591715976331	0.869822485207	0.614545454545	0.00727272727273	1925.0	-2.00300508553	20.0	0.0
Acropora	TTG	L	W	0.0	0.473295367359	0.166666666667	0.0224719101124	0.865168539326	0.321299638989	0.0072202166065	1926.0	-1.76300197498	22.0	0.0
Trichinella	CTA	L	W	0.0	0.280309038593	0.1	0.0117647058824	0.541176470588	0.307971014493	0.00724637681159	1883.0	-1.90377142857	52.0	0.0
Trichinella	CTC	L	W	0.0	0.280309038593	0.1	0.0344827586207	0.551724137931	0.105072463768	0.00724637681159	1883.0	-1.41184387618	55.0	0.0
Bracteacoccus_minor	CTT	L	W	0.0	0.329200920191	0.1	0.037037037037	0.703703703704	0.100746268657	0.00746268656716	1686.0	-1.335965542	53.0	0.0
Bracteacoccus_minor	TTG	L	W	0.0	0.329200920191	0.0909090909091	0.00666666666667	0.646666666667	0.559701492537	0.00746268656716	1686.0	-1.86649550706	22.0	0.0
Chromochloris_zofingiensis	CTA	L	W	1.0	0.578457549356	0.2	0.0408163265306	0.69387755102	0.226851851852	0.0185185185185	1522.0	-1.32132853141	52.0	0.0
Chromochloris_zofingiensis	TTG	L	W	1.0	0.578457549356	0.181818181818	0.015625	0.71875	0.592592592593	0.0185185185185	1522.0	-1.81524214362	22.0	0.0
Myxine	TTA	L	W	0.0	0.397473546541	0.166666666667	0.0235294117647	0.6	0.3125	0.00735294117647	1919.0	-1.73184742647	20.0	0.0
Ciona	CTT	L	W	0.0	0.410502418457	0.0833333333333	0.03125	0.5	0.123076923077	0.0153846153846	1891.0	-1.77710478498	53.0	0.0
Ciona	CTA	L	W	0.0	0.410502418457	0.1	0.0285714285714	0.542857142857	0.134615384615	0.0153846153846	1891.0	-1.83613916947	52.0	0.0
Ciona	TTA	L	W	0.0	0.410502418457	0.153846153846	0.0130718954248	0.673202614379	0.588461538462	0.0153846153846	1891.0	-1.90110870396	20.0	0.0
Homo	CTA	L	W	0.0	0.235515984331	0.25	0.03125	0.6875	0.465454545455	0.0181818181818	1920.0	-1.69598411971	52.0	0.0
Homo	TTG	L	W	0.0	0.235515984331	0.2	0.111111111111	0.666666666667	0.0327272727273	0.0181818181818	1920.0	-0.856842105263	22.0	0.0
Blanceolatum	CTA	L	W	0.0	0.5511671132	0.111111111111	0.0243902439024	0.658536585366	0.199029126214	0.00970873786408	1187.0	-1.85352112676	52.0	0.0
Blanceolatum	TTA	L	W	0.0	0.5511671132	0.1	0.0121951219512	0.743902439024	0.398058252427	0.00970873786408	1187.0	-1.81979391325	20.0	0.0
Saccoglossus	CTC	L	W	0.0	0.139150919782	0.1	0.025	0.7	0.13698630137	0.00342465753425	1924.0	-1.76976284585	55.0	0.0

### Alignment improvement:
