### Random Forest prediction
genome	codon	ori_aa	rea_aa	fitch	Fisher_pval	Gene_frac	N._rea	N._used	Cod._count	Sub._count	G._len	codon_lik	id	prediction	probability
LmeyeA	TCA	S	L	0.0	0.714285615642	0.142857142857	0.0181818181818	0.927272727273	0.555555555556	0.010101010101	1429.0	-1.92244968772	28.0	0.0	0.0
SpombA	TCT	S	L	0.0	0.885385545959	0.166666666667	0.0344827586207	0.586206896552	0.278846153846	0.0288461538462	1424.0	-1.61057532424	29.0	0.0	0.0
SpombA	AGT	S	L	0.0	0.885385545959	0.166666666667	0.0322580645161	0.548387096774	0.298076923077	0.0288461538462	1424.0	-1.6035012285	9.0	0.0	0.0
SpombA	TCA	S	L	0.0	0.885385545959	0.166666666667	0.0243902439024	0.536585365854	0.394230769231	0.0288461538462	1424.0	-1.52447228021	28.0	0.0	0.0
WmucoA	TCA	S	L	0.0	0.820945884127	0.1	0.0161290322581	0.838709677419	0.35632183908	0.00574712643678	2246.0	-1.88222519211	28.0	0.0	0.0
AacerA	TCT	S	L	0.0	0.282051237788	0.5	0.0769230769231	0.692307692308	0.270833333333	0.0208333333333	630.0	-1.74110953058	29.0	0.0	0.071
CgallA	TCT	S	L	0.0	0.134615346106	0.1	0.025641025641	0.717948717949	0.233532934132	0.0059880239521	2247.0	-1.77822120867	29.0	0.0	0.0
CsantA	TCT	S	L	0.0	0.072390143981	0.222222222222	0.0487804878049	0.682926829268	0.231638418079	0.0225988700565	2220.0	-1.56302735873	29.0	0.0	0.0
CsantA	AGT	S	L	0.0	0.072390143981	0.0909090909091	0.0128205128205	0.692307692308	0.440677966102	0.0225988700565	2220.0	-1.8916191312	9.0	0.0	0.0
CsantA	TCC	S	L	0.0	0.072390143981	0.5	0.5	0.5	0.0112994350282	0.0225988700565	2220.0	-0.0833333333333	31.0	0.0	0.051
WpijpA	TCA	S	L	0.0	0.717391206776	0.166666666667	0.0169491525424	0.864406779661	0.551401869159	0.00934579439252	1429.0	-1.89294913071	28.0	0.0	0.0
BarxA	TCT	S	L	0.0	0.0399999861898	1.0	0.5	0.5	0.0555555555556	0.0277777777778	434.0	-0.831818181818	29.0	0.0	0.344
CsubhA	AGC	S	L	0.0	0.824999939581	0.0909090909091	0.0161290322581	0.887096774194	0.350282485876	0.00564971751412	2244.0	-1.73297240657	11.0	0.0	0.0
CsubhB	AGC	S	L	0.0	0.824999939581	0.0909090909091	0.0161290322581	0.887096774194	0.350282485876	0.00564971751412	2244.0	-1.73297240657	11.0	0.0	0.0
OanguA	AGT	S	L	0.0	0.391064500786	0.1	0.025	0.7	0.228571428571	0.0114285714286	2248.0	-1.99470276633	9.0	0.0	0.0
OanguA	TCA	S	L	0.0	0.391064500786	0.0769230769231	0.0119047619048	0.845238095238	0.48	0.0114285714286	2248.0	-1.81020004939	28.0	0.0	0.0
SarboA	TCT	S	L	0.0	0.284090858087	0.2	0.030303030303	0.757575757576	0.323529411765	0.00980392156863	1429.0	-1.66850507983	29.0	0.0	0.0
KtherA	TCA	S	L	0.0	0.675824063901	0.142857142857	0.0161290322581	0.935483870968	0.62	0.01	1429.0	-1.89524688509	28.0	0.0	0.0
CnorvA	TCT	S	L	0.0	0.280682106494	0.1	0.0384615384615	0.807692307692	0.152046783626	0.0116959064327	2249.0	-1.89238952537	29.0	0.0	0.0
CnorvA	TCA	S	L	0.0	0.280682106494	0.0833333333333	0.0104166666667	0.854166666667	0.561403508772	0.0116959064327	2249.0	-1.91490794791	28.0	0.0	0.0
MstarA	TCT	S	L	0.0	0.0995885727666	0.181818181818	0.075	0.725	0.216216216216	0.027027027027	2249.0	-1.51413189771	29.0	0.0	0.0
MstarA	TCA	S	L	0.0	0.0995885727666	0.181818181818	0.0289855072464	0.739130434783	0.372972972973	0.027027027027	2249.0	-1.75471105528	28.0	0.0	0.0
NbaciA	TCA	S	L	0.0	0.761627824678	0.166666666667	0.02	0.8	0.490196078431	0.00980392156863	1428.0	-1.84171428571	28.0	0.0	0.0
LstarA	TCT	S	L	0.0	0.862914815586	0.142857142857	0.0188679245283	0.698113207547	0.392592592593	0.0148148148148	1834.0	-1.71197273115	29.0	0.0	0.0
LstarA	AGT	S	L	0.0	0.862914815586	0.125	0.0204081632653	0.69387755102	0.362962962963	0.0148148148148	1834.0	-1.89900587438	9.0	0.0	0.0
MfariB	TCA	S	L	0.0	0.77607354232	0.0833333333333	0.0126582278481	0.911392405063	0.443820224719	0.00561797752809	2250.0	-1.86115254237	28.0	0.0	0.0
CcastA	TCT	S	L	0.0	0.235632150176	0.2	0.0454545454545	0.727272727273	0.222222222222	0.010101010101	1428.0	-1.81987041037	29.0	0.0	0.0
LanspB	TCA	S	L	0.0	0.681318571293	0.142857142857	0.016393442623	0.934426229508	0.616161616162	0.010101010101	1429.0	-1.91821735731	28.0	0.0	0.0
CphanA	TCT	S	L	0.0	0.111538423029	0.1	0.0294117647059	0.823529411765	0.207317073171	0.00609756097561	2247.0	-1.85671242049	29.0	0.0	0.0
CglabA	TCA	S	L	0.0	0.680232447738	0.142857142857	0.0166666666667	0.9	0.606060606061	0.010101010101	1413.0	-1.87864309603	28.0	0.0	0.0
ScryoA	TCT	S	L	0.0	0.476958497503	0.166666666667	0.0344827586207	0.689655172414	0.27358490566	0.0188679245283	1424.0	-1.60586104709	29.0	0.0	0.0
ScryoA	AGT	S	L	0.0	0.476958497503	0.166666666667	0.0322580645161	0.451612903226	0.292452830189	0.0188679245283	1424.0	-1.68236013452	9.0	0.0	0.0
HuvarA	TCA	S	L	0.0	0.771428492513	0.166666666667	0.02	0.62	0.47619047619	0.00952380952381	1361.0	-1.70659025788	28.0	0.0	0.0
KlactA	TCA	S	L	0.0	0.651685273001	0.166666666667	0.0144927536232	0.884057971014	0.676470588235	0.00980392156863	1408.0	-1.93826989619	28.0	0.0	0.0
CzempA	TCT	S	L	0.0	0.83064510282	0.166666666667	0.0294117647059	0.588235294118	0.309090909091	0.00909090909091	1428.0	-1.6831655481	29.0	0.0	0.0
PpastA	TCT	S	L	0.0	0.23301212785	0.111111111111	0.0588235294118	0.882352941176	0.0899470899471	0.010582010582	2248.0	-1.65090403338	29.0	0.0	0.0
PpastA	TCA	S	L	0.0	0.23301212785	0.0769230769231	0.00884955752212	0.805309734513	0.597883597884	0.010582010582	2248.0	-1.81705082457	28.0	0.0	0.0
MmagnB	TCT	S	L	0.0	0.629470140402	0.181818181818	0.0434782608696	0.869565217391	0.261363636364	0.0227272727273	2249.0	-1.64989680083	29.0	0.0	0.0
MmagnB	TCA	S	L	0.0	0.629470140402	0.181818181818	0.0384615384615	0.653846153846	0.295454545455	0.0227272727273	2249.0	-1.58856265592	28.0	0.0	0.0
MmagnA	TCT	S	L	0.0	0.584871760078	0.181818181818	0.0434782608696	0.869565217391	0.261363636364	0.0227272727273	2249.0	-1.64989680083	29.0	0.0	0.0
MmagnA	TCA	S	L	0.0	0.584871760078	0.181818181818	0.0384615384615	0.653846153846	0.295454545455	0.0227272727273	2249.0	-1.58856265592	28.0	0.0	0.0
MtetrA	TCC	S	L	0.0	0.177448539219	0.111111111111	0.0526315789474	0.736842105263	0.111764705882	0.0176470588235	2248.0	-1.64234875445	31.0	0.0	0.0
MtetrA	TCA	S	L	0.0	0.177448539219	0.222222222222	0.0540540540541	0.702702702703	0.217647058824	0.0176470588235	2248.0	-1.43610600892	28.0	0.0	0.0
CsuavA	TCA	S	L	0.0	0.632450289954	0.181818181818	0.0235294117647	0.847058823529	0.482954545455	0.0113636363636	2250.0	-1.81447352255	28.0	0.0	0.0
PkluyA	TCA	S	L	0.0	0.642857019552	0.0769230769231	0.00819672131148	0.811475409836	0.697142857143	0.00571428571429	2247.0	-1.85526315789	28.0	0.0	0.0
PcanaA	TCA	S	L	0.0	0.731292424234	0.0833333333333	0.0112359550562	0.876404494382	0.511494252874	0.00574712643678	2250.0	-1.94158767773	28.0	0.0	0.0
YlipoB	TCT	S	L	0.0	0.156249956843	0.111111111111	0.0243902439024	0.756097560976	0.25	0.00609756097561	2247.0	-1.79794900222	29.0	0.0	0.0
YlipoA	TCT	S	L	0.0	0.156249956843	0.111111111111	0.0243902439024	0.756097560976	0.25	0.00609756097561	2247.0	-1.79794900222	29.0	0.0	0.0
CjadiA	TCA	S	L	0.0	0.832617391875	0.153846153846	0.019801980198	0.841584158416	0.577142857143	0.0114285714286	2250.0	-1.8546310832	28.0	0.0	0.0
AgossB	TCT	S	L	0.0	0.823667650719	0.142857142857	0.03125	0.90625	0.304761904762	0.0190476190476	1427.0	-1.87374926427	29.0	0.0	0.0
AgossB	TCA	S	L	0.0	0.823667650719	0.166666666667	0.0175438596491	0.771929824561	0.542857142857	0.0190476190476	1427.0	-1.8914495658	28.0	0.0	0.0
NdelpA	TCT	S	L	0.0	0.215116240931	0.2	0.0384615384615	0.692307692308	0.26	0.01	1412.0	-1.92024539877	29.0	0.0	0.0
CalimA	TCT	S	L	0.0	0.119230733377	0.111111111111	0.027027027027	0.702702702703	0.222891566265	0.00602409638554	2247.0	-1.74310814905	29.0	0.0	0.0
BcaliA	TCA	S	L	0.0	0.576600454906	0.181818181818	0.0227272727273	0.863636363636	0.514619883041	0.0116959064327	2250.0	-1.89458552947	28.0	0.0	0.0
SoctoA	TCT	S	L	0.0	0.613927254576	0.2	0.0285714285714	0.714285714286	0.330188679245	0.0188679245283	1425.0	-1.53510696654	29.0	0.0	0.0
SoctoA	AGT	S	L	0.0	0.613927254576	0.166666666667	0.03125	0.46875	0.301886792453	0.0188679245283	1425.0	-1.45908955668	9.0	0.0	0.0
CvartA	TCA	S	L	0.0	0.584944765398	0.153846153846	0.0222222222222	0.855555555556	0.511363636364	0.0113636363636	2250.0	-1.8288372093	28.0	0.0	0.0
CdefoA	TCT	S	L	0.0	0.126923038414	0.1	0.0263157894737	0.736842105263	0.230303030303	0.00606060606061	2247.0	-1.73051558753	29.0	0.0	0.0
LdasiA	TCA	S	L	0.0	0.675824063901	0.142857142857	0.016393442623	0.950819672131	0.60396039604	0.00990099009901	1429.0	-1.90444862155	28.0	0.0	0.0
LkluyF	TCT	S	L	0.0	0.244444406083	0.2	0.0454545454545	0.863636363636	0.222222222222	0.010101010101	1429.0	-1.88720173536	29.0	0.0	0.0
LkluyE	TCT	S	L	0.0	0.238888852445	0.2	0.047619047619	0.857142857143	0.212121212121	0.010101010101	1429.0	-1.88328792007	29.0	0.0	0.0
LkluyD	TCT	S	L	0.0	0.272222181943	0.2	0.0434782608696	0.869565217391	0.23	0.01	1429.0	-1.90144927536	29.0	0.0	0.0
LkluyC	TCT	S	L	0.0	0.244444406083	0.2	0.0454545454545	0.863636363636	0.222222222222	0.010101010101	1429.0	-1.88720173536	29.0	0.0	0.0
LkluyB	TCT	S	L	0.0	0.241935444891	1.0	0.142857142857	0.857142857143	0.212121212121	0.030303030303	434.0	-1.58907672302	29.0	0.0	0.072
LkluyA	TCT	S	L	0.0	0.244444406083	0.2	0.0454545454545	0.863636363636	0.222222222222	0.010101010101	1429.0	-1.88720173536	29.0	0.0	0.0
SpastA	TCT	S	L	0.0	0.275862021344	0.166666666667	0.037037037037	0.851851851852	0.27	0.01	1429.0	-1.84244144784	29.0	0.0	0.0
ScereC	TCT	S	L	0.0	0.252873515597	0.2	0.0357142857143	0.821428571429	0.285714285714	0.0102040816327	1429.0	-1.70455323519	29.0	0.0	0.0
ScereA	TCT	S	L	0.0	0.252873515597	0.2	0.0357142857143	0.821428571429	0.288659793814	0.0103092783505	1429.0	-1.70455323519	29.0	0.0	0.0
ScereD	TCT	S	L	0.0	0.264367772439	0.2	0.037037037037	0.777777777778	0.275510204082	0.0102040816327	1429.0	-1.67245657568	29.0	0.0	0.0
ScereE	TCT	S	L	0.0	0.0144984315647	0.2	0.0357142857143	0.785714285714	0.282828282828	0.020202020202	1429.0	-1.6835443038	29.0	0.0	0.0
ScereE	AGC	S	L	0.0	0.0144984315647	1.0	1.0	0.0	0.010101010101	0.020202020202	1429.0	2.07766990291	11.0	0.0	0.186
CsalmA	TCT	S	L	0.0	0.874141832977	0.111111111111	0.0232558139535	0.674418604651	0.263803680982	0.0122699386503	2153.0	-1.7671127123	29.0	0.0	0.0
CsalmA	AGT	S	L	0.0	0.874141832977	0.0909090909091	0.0126582278481	0.683544303797	0.484662576687	0.0122699386503	2153.0	-1.8540329333	9.0	0.0	0.0
LnothA	TCA	S	L	0.0	0.686813078684	0.142857142857	0.016393442623	0.918032786885	0.616161616162	0.010101010101	1429.0	-1.93972517177	28.0	0.0	0.0
BcustA	TCT	S	L	0.0	0.108208925594	0.111111111111	0.037037037037	0.814814814815	0.155172413793	0.00574712643678	2247.0	-1.68769030013	29.0	0.0	0.0
AgossA	TCT	S	L	0.0	0.821839018949	0.142857142857	0.030303030303	0.909090909091	0.314285714286	0.0190476190476	1427.0	-1.8604850214	29.0	0.0	0.0
AgossA	TCA	S	L	0.0	0.821839018949	0.166666666667	0.0178571428571	0.767857142857	0.533333333333	0.0190476190476	1427.0	-1.89967692569	28.0	0.0	0.0
MingeA	TCT	S	L	0.0	0.167297980634	0.222222222222	0.0555555555556	0.722222222222	0.194594594595	0.0216216216216	2249.0	-1.63301282051	29.0	0.0	0.0
MingeA	TCA	S	L	0.0	0.167297980634	0.166666666667	0.027397260274	0.72602739726	0.394594594595	0.0216216216216	2249.0	-1.63624678663	28.0	0.0	0.0
ScastA	TCA	S	L	0.0	0.697674314226	0.142857142857	0.0166666666667	0.85	0.588235294118	0.00980392156863	1426.0	-1.91437648928	28.0	0.0	0.0
KmarxA	TCA	S	L	0.0	0.629032129986	1.0	0.0416666666667	0.916666666667	0.727272727273	0.030303030303	434.0	-1.9613343442	28.0	0.0	0.061