### Random Forest prediction
genome	codon	ori_aa	rea_aa	fitch	Fisher pval	Gene frac	N. rea	N. used	Cod. count	Sub. count	G. len	codon_lik	id	prediction
Paracentrotus	TCT	S	A	0.0	0.316598907671	0.111111111111	0.0384615384615	0.923076923077	0.333333333333	0.0641025641026	1436.0	0.947540983607	29.0	0.0
Paracentrotus	TCG	S	A	0.0	0.316598907671	0.5	0.25	0.5	0.0512820512821	0.0641025641026	1436.0	1.04	30.0	0.0
Paracentrotus	TCC	S	A	0.0	0.316598907671	0.25	0.117647058824	0.764705882353	0.217948717949	0.0641025641026	1436.0	1.0	31.0	0.0
Paracentrotus	TCA	S	A	0.0	0.316598907671	0.142857142857	0.04	0.92	0.320512820513	0.0641025641026	1436.0	0.881239242685	28.0	0.0
Schistosoma	TCT	S	A	0.0	0.924822461776	0.5	0.15	0.35	0.412371134021	0.123711340206	1278.0	0.4174553102	29.0	0.0
Schistosoma	TCG	S	A	0.0	0.924822461776	0.25	0.125	0.25	0.0824742268041	0.123711340206	1278.0	0.247311827957	30.0	0.0
Schistosoma	AGT	S	A	0.0	0.924822461776	0.333333333333	0.103448275862	0.413793103448	0.298969072165	0.123711340206	1278.0	0.18063583815	9.0	0.0
Schistosoma	TCA	S	A	0.0	0.924822461776	0.25	0.125	0.5	0.164948453608	0.123711340206	1278.0	0.732804232804	28.0	0.0
Fasciola	TCT	S	A	0.0	0.321312147143	0.5	0.16	0.38	0.5	0.13	1341.0	0.572519083969	29.0	0.0
Fasciola	TCG	S	A	0.0	0.321312147143	0.2	0.2	0.2	0.05	0.13	1341.0	0.21186440678	30.0	0.0
Fasciola	AGT	S	A	0.0	0.321312147143	0.3	0.0882352941176	0.5	0.34	0.13	1341.0	0.388888888889	9.0	0.0
Fasciola	TCA	S	A	0.0	0.321312147143	0.5	0.5	0.5	0.02	0.13	1341.0	1.5652173913	28.0	0.0
Patiria	TCT	S	A	0.0	0.374297311475	0.428571428571	0.16	0.8	0.280898876404	0.0898876404494	1534.0	1.1063464837	29.0	0.0
Patiria	AGC	S	A	0.0	0.374297311475	0.2	0.125	0.75	0.0898876404494	0.0898876404494	1534.0	0.966480446927	11.0	0.0
Patiria	TCG	S	A	0.0	0.374297311475	0.333333333333	0.2	0.8	0.0561797752809	0.0898876404494	1534.0	1.38738738739	30.0	0.0
Patiria	TCC	S	A	0.0	0.374297311475	0.166666666667	0.0344827586207	0.931034482759	0.325842696629	0.0898876404494	1534.0	0.955947136564	31.0	0.0
Patiria	TCA	S	A	0.0	0.374297311475	0.125	0.05	0.9	0.224719101124	0.0898876404494	1534.0	1.00641025641	28.0	0.0
Lumbricus	TCT	S	A	0.0	0.088674272043	0.111111111111	0.0555555555556	0.833333333333	0.222222222222	0.0246913580247	1525.0	0.900237529691	29.0	0.0
Lumbricus	AGC	S	A	0.0	0.088674272043	0.5	0.333333333333	0.666666666667	0.037037037037	0.0246913580247	1525.0	1.390625	11.0	0.0
Halocynthia	TCG	S	A	0.0	0.174362625849	0.5	0.4	0.6	0.0520833333333	0.09375	1418.0	1.60330578512	30.0	0.0
Halocynthia	TCT	S	A	0.0	0.174362625849	0.3	0.0769230769231	0.769230769231	0.40625	0.09375	1418.0	0.858695652174	29.0	0.0
Halocynthia	AGT	S	A	0.0	0.174362625849	0.222222222222	0.0540540540541	0.648648648649	0.385416666667	0.09375	1418.0	0.439635535308	9.0	0.0
Halocynthia	TCA	S	A	0.0	0.174362625849	0.333333333333	0.166666666667	0.5	0.125	0.09375	1418.0	0.875457875458	28.0	0.0
Limulus	TCT	S	A	0.0	0.109865386705	0.25	0.0588235294118	0.794117647059	0.373626373626	0.0549450549451	1521.0	0.881398252185	29.0	0.0
Limulus	AGC	S	A	0.0	0.109865386705	0.333333333333	0.25	0.75	0.043956043956	0.0549450549451	1521.0	0.968085106383	11.0	0.0
Limulus	AGT	S	A	0.0	0.109865386705	0.2	0.166666666667	0.5	0.0659340659341	0.0549450549451	1521.0	0.6	9.0	0.0
Limulus	TCC	S	A	0.0	0.109865386705	0.142857142857	0.0625	0.75	0.175824175824	0.0549450549451	1521.0	0.795698924731	31.0	0.0
Caenorhabditis	TCT	S	A	0.0	0.496486255065	0.333333333333	0.137931034483	0.48275862069	0.408450704225	0.140845070423	1433.0	0.607142857143	29.0	0.0
Caenorhabditis	AGC	S	A	0.0	0.496486255065	0.5	0.5	0.5	0.0281690140845	0.140845070423	1433.0	2.02083333333	11.0	0.0
Caenorhabditis	AGT	S	A	0.0	0.496486255065	0.25	0.133333333333	0.533333333333	0.211267605634	0.140845070423	1433.0	0.640449438202	9.0	0.0
Caenorhabditis	TCC	S	A	0.0	0.496486255065	0.5	0.5	0.5	0.0281690140845	0.140845070423	1433.0	2.40909090909	31.0	0.0
Caenorhabditis	TCA	S	A	0.0	0.496486255065	0.25	0.0909090909091	0.5	0.30985915493	0.140845070423	1433.0	0.453648915187	28.0	0.0
Axinella	TCT	S	A	1.0	0.660946081508	0.1	0.03125	0.84375	0.355555555556	0.0555555555556	1523.0	0.828647925033	29.0	0.0
Axinella	AGT	S	A	1.0	0.660946081508	0.333333333333	0.142857142857	0.809523809524	0.233333333333	0.0555555555556	1523.0	1.0245398773	9.0	0.0
Axinella	TCA	S	A	1.0	0.660946081508	0.1	0.0555555555556	0.833333333333	0.2	0.0555555555556	1523.0	0.904988123515	28.0	0.0
Terebratulina	TCT	S	A	0.0	0.387819953998	0.2	0.142857142857	0.678571428571	0.345679012346	0.0740740740741	1487.0	0.972434915773	29.0	0.0
Terebratulina	TCC	S	A	0.0	0.387819953998	0.222222222222	0.0606060606061	0.848484848485	0.407407407407	0.0740740740741	1487.0	0.876462938882	31.0	0.0
Bfloridae	TCG	S	A	2.0	0.409863933248	0.25	0.166666666667	0.833333333333	0.122448979592	0.0408163265306	875.0	1.16058394161	30.0	0.0
Bfloridae	TCA	S	A	2.0	0.409863933248	0.166666666667	0.0714285714286	0.928571428571	0.285714285714	0.0408163265306	875.0	0.85798816568	28.0	0.0
Katharina	TCT	S	A	0.0	0.785388053758	0.222222222222	0.04	0.92	0.609756097561	0.0243902439024	1515.0	0.915004336513	29.0	0.0
Geodia	TCT	S	A	0.0	0.00211217051792	0.2	0.0540540540541	0.891891891892	0.385416666667	0.0729166666667	1524.0	0.949943117179	29.0	0.0
Geodia	AGC	S	A	0.0	0.00211217051792	0.666666666667	0.5	0.0	0.0416666666667	0.0729166666667	1524.0	1.44791666667	11.0	0.0
Geodia	TCG	S	A	0.0	0.00211217051792	0.333333333333	0.2	0.8	0.0520833333333	0.0729166666667	1524.0	1.44247787611	30.0	0.0
Geodia	TCC	S	A	0.0	0.00211217051792	0.25	0.25	0.75	0.0416666666667	0.0729166666667	1524.0	1.24210526316	31.0	0.0
Geodia	TCA	S	A	0.0	0.00211217051792	0.111111111111	0.0434782608696	0.826086956522	0.239583333333	0.0729166666667	1524.0	0.871212121212	28.0	0.0
Metridium	TCT	S	A	0.0	0.113912678804	0.1	0.03125	0.9375	0.351648351648	0.0769230769231	1534.0	0.864064602961	29.0	0.0
Metridium	AGC	S	A	0.0	0.113912678804	0.333333333333	0.2	0.8	0.0549450549451	0.0769230769231	1534.0	1.26271186441	11.0	0.0
Metridium	AGT	S	A	0.0	0.113912678804	0.25	0.0952380952381	0.809523809524	0.230769230769	0.0769230769231	1534.0	0.848979591837	9.0	0.0
Metridium	TCA	S	A	0.0	0.113912678804	0.428571428571	0.230769230769	0.692307692308	0.142857142857	0.0769230769231	1534.0	1.18421052632	28.0	0.0
Acropora	TCT	S	A	0.0	0.17613812689	0.25	0.0540540540541	0.891891891892	0.381443298969	0.0824742268041	1532.0	0.930151338766	29.0	0.0
Acropora	AGC	S	A	0.0	0.17613812689	0.333333333333	0.2	0.8	0.0515463917526	0.0824742268041	1532.0	1.32773109244	11.0	0.0
Acropora	TCG	S	A	0.0	0.17613812689	0.111111111111	0.05	0.85	0.20618556701	0.0824742268041	1532.0	0.825902335456	30.0	0.0
Acropora	AGT	S	A	0.0	0.17613812689	0.25	0.0952380952381	0.714285714286	0.216494845361	0.0824742268041	1532.0	0.597165991903	9.0	0.0
Acropora	TCC	S	A	0.0	0.17613812689	0.4	0.25	0.375	0.0824742268041	0.0824742268041	1532.0	0.96256684492	31.0	0.0
Trichinella	TCT	S	A	0.0	0.505581173805	0.428571428571	0.176470588235	0.529411764706	0.202380952381	0.154761904762	1259.0	0.697969543147	29.0	0.0
Trichinella	AGC	S	A	0.0	0.505581173805	0.25	0.111111111111	0.333333333333	0.107142857143	0.154761904762	1259.0	0.255813953488	11.0	0.0
Trichinella	TCG	S	A	0.0	0.505581173805	0.333333333333	0.333333333333	0.333333333333	0.0357142857143	0.154761904762	1259.0	1.54285714286	30.0	0.0
Trichinella	TCC	S	A	0.0	0.505581173805	0.6	0.266666666667	0.4	0.178571428571	0.154761904762	1259.0	0.781163434903	31.0	0.0
Trichinella	TCA	S	A	0.0	0.505581173805	0.428571428571	0.142857142857	0.5	0.333333333333	0.154761904762	1259.0	0.541158536585	28.0	0.0
Balanoglossus	TCG	S	A	0.0	0.00396708710273	0.25	0.333333333333	0.666666666667	0.0697674418605	0.0232558139535	1534.0	1.37671232877	30.0	0.0
Drosophila	TCT	S	A	0.0	0.803555359826	0.25	0.0833333333333	0.75	0.423529411765	0.0588235294118	1523.0	0.888888888889	29.0	0.0
Drosophila	TCA	S	A	0.0	0.803555359826	0.222222222222	0.0571428571429	0.857142857143	0.411764705882	0.0588235294118	1523.0	0.923832923833	28.0	0.0
Myxine	TCT	S	A	0.0	0.947173204628	0.142857142857	0.08	0.76	0.231481481481	0.0740740740741	1533.0	0.868284228769	29.0	0.0
Myxine	AGC	S	A	0.0	0.947173204628	0.2	0.0769230769231	0.615384615385	0.12037037037	0.0740740740741	1533.0	0.557432432432	11.0	0.0
Myxine	TCC	S	A	0.0	0.947173204628	0.222222222222	0.0869565217391	0.695652173913	0.212962962963	0.0740740740741	1533.0	0.744360902256	31.0	0.0
Myxine	TCA	S	A	0.0	0.947173204628	0.2	0.0697674418605	0.813953488372	0.398148148148	0.0740740740741	1533.0	0.88899900892	28.0	0.0
Ciona	TCT	S	A	0.0	0.605462305671	0.7	0.214285714286	0.5	0.392523364486	0.18691588785	1411.0	1.02848423194	29.0	0.0
Ciona	AGT	S	A	0.0	0.605462305671	0.333333333333	0.103448275862	0.655172413793	0.271028037383	0.18691588785	1411.0	0.594117647059	9.0	0.0
Ciona	AGC	S	A	0.0	0.605462305671	0.5	0.333333333333	0.666666666667	0.0280373831776	0.18691588785	1411.0	1.39726027397	11.0	0.0
Ciona	TCC	S	A	0.0	0.605462305671	0.5	0.285714285714	0.571428571429	0.0654205607477	0.18691588785	1411.0	1.61111111111	31.0	0.0
Ciona	TCA	S	A	0.0	0.605462305671	0.285714285714	0.192307692308	0.615384615385	0.242990654206	0.18691588785	1411.0	0.995073891626	28.0	0.0
Saccoglossus	TCT	S	A	0.0	0.819277046038	0.125	0.03125	0.90625	0.351648351648	0.010989010989	1532.0	0.890835579515	29.0	0.0
Daphnia	TCT	S	A	0.0	0.598357836213	0.125	0.0833333333333	0.722222222222	0.418604651163	0.0813953488372	1517.0	0.764361078546	29.0	0.0
Daphnia	TCG	S	A	0.0	0.598357836213	0.142857142857	0.111111111111	0.888888888889	0.104651162791	0.0813953488372	1517.0	1.11111111111	30.0	0.0
Daphnia	AGT	S	A	0.0	0.598357836213	0.333333333333	0.222222222222	0.666666666667	0.104651162791	0.0813953488372	1517.0	1.09223300971	9.0	0.0
Daphnia	TCA	S	A	0.0	0.598357836213	0.142857142857	0.0555555555556	0.888888888889	0.209302325581	0.0813953488372	1517.0	0.881516587678	28.0	0.0
Homo	TCT	S	A	0.0	0.193840043653	0.2	0.0909090909091	0.909090909091	0.117021276596	0.063829787234	1533.0	1.21176470588	29.0	0.0
Homo	TCC	S	A	0.0	0.193840043653	0.222222222222	0.147058823529	0.823529411765	0.36170212766	0.063829787234	1533.0	1.10810810811	31.0	0.0
Blanceolatum	TCT	S	A	2.0	0.462997203233	0.166666666667	0.037037037037	0.962962962963	0.5625	0.0416666666667	839.0	0.912363067293	29.0	0.0
Blanceolatum	TCC	S	A	2.0	0.462997203233	0.333333333333	0.2	0.8	0.104166666667	0.0416666666667	839.0	1.21186440678	31.0	0.0
Epigonichthys	TCT	S	A	0.0	0.648476253936	0.25	0.0666666666667	0.888888888889	0.505617977528	0.0561797752809	1522.0	0.98948374761	29.0	0.0
Epigonichthys	AGT	S	A	0.0	0.648476253936	0.25	0.166666666667	0.833333333333	0.0674157303371	0.0561797752809	1522.0	1.36090225564	9.0	0.0
Epigonichthys	TCA	S	A	0.0	0.648476253936	0.2	0.0909090909091	0.909090909091	0.123595505618	0.0561797752809	1522.0	0.992156862745	28.0	0.0

### Alignment improvement:
