### Random Forest prediction
genome	codon	ori_aa	rea_aa	fitch	Fisher pval	Gene frac	N. rea	N. used	Cod. count	Sub. count	G. len	codon_lik	id	prediction
Paracentrotus	GCC	A	L	0.0	0.444444396492	0.125	0.0238095238095	0.690476190476	0.330708661417	0.00787401574803	1784.0	-1.15166261152	47.0	0.0
Andalucia	GCA	A	L	0.0	0.715886969673	0.2	0.0540540540541	0.72972972973	0.298387096774	0.0564516129032	1783.0	-0.925303454715	44.0	0.0
Andalucia	GCT	A	L	0.0	0.715886969673	0.333333333333	0.0833333333333	0.683333333333	0.483870967742	0.0564516129032	1783.0	-0.929754426042	45.0	0.0
Seculomonas	GCA	A	L	0.0	0.24879889222	0.0769230769231	0.016393442623	0.704918032787	0.491935483871	0.0241935483871	1784.0	-1.21295774648	44.0	0.0
Seculomonas	GCT	A	L	0.0	0.24879889222	0.1	0.0212765957447	0.702127659574	0.379032258065	0.0241935483871	1784.0	-1.06954612006	45.0	0.0
Seculomonas	GCG	A	L	0.0	0.24879889222	0.25	0.2	0.8	0.0403225806452	0.0241935483871	1784.0	-0.54	46.0	0.0
Schistosoma	GCA	A	L	0.0	0.868247648847	0.2	0.142857142857	0.571428571429	0.14	0.08	1688.0	-1.03465346535	44.0	0.0
Schistosoma	GCT	A	L	0.0	0.868247648847	0.285714285714	0.0810810810811	0.351351351351	0.74	0.08	1688.0	-0.847426470588	45.0	0.0
Fasciola	GCT	A	L	0.0	0.845378097877	0.333333333333	0.0576923076923	0.403846153846	0.8	0.0461538461538	1701.0	-1.03896961691	45.0	0.0
Patiria	GCA	A	L	0.0	0.790462693517	0.142857142857	0.027027027027	0.864864864865	0.316239316239	0.025641025641	1784.0	-1.17059377945	44.0	0.0
Patiria	GCC	A	L	0.0	0.790462693517	0.1	0.0227272727273	0.954545454545	0.376068376068	0.025641025641	1784.0	-0.999216914644	47.0	0.0
Patiria	GCT	A	L	0.0	0.790462693517	0.142857142857	0.0454545454545	0.863636363636	0.188034188034	0.025641025641	1784.0	-1.00772797527	45.0	0.0
Lumbricus	GCA	A	L	0.0	0.0120974808631	0.181818181818	0.0434782608696	0.760869565217	0.340740740741	0.0222222222222	1781.0	-1.22985074627	44.0	0.0
Lumbricus	GCG	A	L	0.0	0.0120974808631	0.5	0.25	0.5	0.0296296296296	0.0222222222222	1781.0	0.542372881356	46.0	0.0
Halocynthia	GCT	A	L	0.0	0.606994011501	0.3	0.063829787234	0.765957446809	0.573170731707	0.0365853658537	1746.0	-0.728862973761	45.0	0.0
Caenorhabditis	GCA	A	L	0.0	0.0279999975777	0.25	0.103448275862	0.655172413793	0.345238095238	0.0714285714286	1755.0	-0.779359430605	44.0	0.0
Caenorhabditis	GCC	A	L	0.0	0.0279999975777	0.2	0.166666666667	0.5	0.0714285714286	0.0714285714286	1755.0	-0.910112359551	47.0	0.0
Caenorhabditis	GCT	A	L	0.0	0.0279999975777	0.125	0.0217391304348	0.630434782609	0.547619047619	0.0714285714286	1755.0	-1.22172284644	45.0	0.0
Caenorhabditis	GCG	A	L	0.0	0.0279999975777	0.333333333333	0.333333333333	0.0	0.0357142857143	0.0714285714286	1755.0	-0.0111111111111	46.0	0.0
Axinella	GCC	A	L	0.0	0.916442019669	0.125	0.0322580645161	0.967741935484	0.252032520325	0.0162601626016	1777.0	-1.00879120879	47.0	0.0
Axinella	GCT	A	L	0.0	0.916442019669	0.1	0.0277777777778	0.805555555556	0.292682926829	0.0162601626016	1777.0	-1.18338108883	45.0	0.0
Terebratulina	GCA	A	L	0.0	0.451297188471	0.454545454545	0.128205128205	0.615384615385	0.270833333333	0.0833333333333	1783.0	-0.851851851852	44.0	0.0
Terebratulina	GCC	A	L	0.0	0.451297188471	0.6	0.089552238806	0.641791044776	0.465277777778	0.0833333333333	1783.0	-0.913801949718	47.0	0.0
Terebratulina	GCT	A	L	0.0	0.451297188471	0.111111111111	0.0322580645161	0.741935483871	0.215277777778	0.0833333333333	1783.0	-1.12334801762	45.0	0.0
Jbahamiensis	GCA	A	L	0.0	0.205408267947	0.0833333333333	0.0142857142857	0.785714285714	0.555555555556	0.031746031746	1784.0	-1.1239588437	44.0	0.0
Jbahamiensis	GCT	A	L	0.0	0.205408267947	0.181818181818	0.047619047619	0.738095238095	0.333333333333	0.031746031746	1784.0	-1.07641741988	45.0	0.0
Jbahamiensis	GCG	A	L	0.0	0.205408267947	0.142857142857	0.0833333333333	0.666666666667	0.0952380952381	0.031746031746	1784.0	-1.05428571429	46.0	0.0
Bfloridae	GCT	A	L	1.0	0.434782586179	0.166666666667	0.027027027027	0.891891891892	0.474358974359	0.025641025641	1085.0	-1.14711191336	45.0	0.0
Bfloridae	GCG	A	L	1.0	0.434782586179	0.166666666667	0.1	0.8	0.128205128205	0.025641025641	1085.0	-0.745819397993	46.0	0.0
Katharina	GCA	A	L	0.0	0.0470324732435	0.1	0.0277777777778	0.694444444444	0.302521008403	0.0336134453782	1781.0	-1.23279924599	44.0	0.0
Katharina	GCC	A	L	0.0	0.0470324732435	0.4	0.1	0.65	0.168067226891	0.0336134453782	1781.0	-1.03020134228	47.0	0.0
Katharina	GCG	A	L	0.0	0.0470324732435	0.166666666667	0.0769230769231	0.769230769231	0.109243697479	0.0336134453782	1781.0	-1.01891891892	46.0	0.0
Geodia	GCA	A	L	0.0	0.217900652128	0.2	0.0666666666667	0.733333333333	0.254237288136	0.0423728813559	1780.0	-1.05057471264	44.0	0.0
Geodia	GCT	A	L	0.0	0.217900652128	0.0909090909091	0.0178571428571	0.857142857143	0.474576271186	0.0423728813559	1780.0	-0.968940316687	45.0	0.0
Geodia	GCG	A	L	0.0	0.217900652128	0.222222222222	0.105263157895	0.736842105263	0.161016949153	0.0423728813559	1780.0	-0.724820143885	46.0	0.0
Metridium	GCA	A	L	0.0	0.22017671564	0.111111111111	0.05	0.7	0.15037593985	0.0225563909774	1783.0	-1.26962457338	44.0	0.0
Metridium	GCC	A	L	0.0	0.22017671564	0.2	0.047619047619	0.857142857143	0.315789473684	0.0225563909774	1783.0	-0.810766721044	47.0	0.0
Acropora	GCC	A	L	0.0	0.946655268044	0.111111111111	0.0454545454545	0.863636363636	0.177419354839	0.0241935483871	1781.0	-1.08736349454	47.0	0.0
Acropora	GCT	A	L	0.0	0.946655268044	0.0909090909091	0.0222222222222	0.866666666667	0.362903225806	0.0241935483871	1781.0	-1.06636155606	45.0	0.0
Acropora	GCG	A	L	0.0	0.946655268044	0.0909090909091	0.0294117647059	0.705882352941	0.274193548387	0.0241935483871	1781.0	-1.02022244692	46.0	0.0
Trichinella	GCC	A	L	0.0	0.183277951833	0.333333333333	0.133333333333	0.6	0.194805194805	0.025974025974	1759.0	-0.821917808219	47.0	0.0
Balanoglossus	GCC	A	L	0.0	0.222545103152	0.272727272727	0.0666666666667	0.75	0.44776119403	0.0298507462687	1784.0	-0.956921309592	47.0	0.0
Reclinomonas	GCA	A	L	0.0	0.872792118592	0.333333333333	0.0394736842105	0.697368421053	0.608	0.04	1784.0	-1.13519603425	44.0	0.0
Reclinomonas	GCT	A	L	0.0	0.872792118592	0.181818181818	0.047619047619	0.761904761905	0.336	0.04	1784.0	-0.974735126324	45.0	0.0
Drosophila	GCA	A	L	0.0	0.143616986384	0.125	0.0526315789474	0.947368421053	0.179245283019	0.00943396226415	1783.0	-0.81718464351	44.0	0.0
Jlibera	GCA	A	L	0.0	0.671311813428	0.181818181818	0.0540540540541	0.567567567568	0.291338582677	0.0393700787402	1784.0	-1.37755102041	44.0	0.0
Jlibera	GCT	A	L	0.0	0.671311813428	0.25	0.0434782608696	0.724637681159	0.543307086614	0.0393700787402	1784.0	-1.0299550674	45.0	0.0
Myxine	GCA	A	L	0.0	0.892719035126	0.111111111111	0.0285714285714	0.742857142857	0.309734513274	0.0176991150442	1783.0	-1.13339920949	44.0	0.0
Myxine	GCT	A	L	0.0	0.892719035126	0.111111111111	0.025	0.9	0.353982300885	0.0176991150442	1783.0	-1.04102564103	45.0	0.0
Epigonichthys	GCA	A	L	0.0	0.688837904863	0.25	0.0540540540541	0.837837837838	0.303278688525	0.0245901639344	1783.0	-1.03738317757	44.0	0.0
Epigonichthys	GCT	A	L	0.0	0.688837904863	0.1	0.0238095238095	0.857142857143	0.344262295082	0.0245901639344	1783.0	-0.965991902834	45.0	0.0
Daphnia	GCA	A	L	0.0	0.0428437300176	0.222222222222	0.0740740740741	0.62962962963	0.25	0.0277777777778	1783.0	-1.20801033592	44.0	0.0
Daphnia	GCG	A	L	0.0	0.0428437300176	0.125	0.0588235294118	0.823529411765	0.157407407407	0.0277777777778	1783.0	-1.13265306122	46.0	0.0
Homo	GCA	A	L	0.0	0.843166488048	0.125	0.0277777777778	0.805555555556	0.292682926829	0.0162601626016	1782.0	-1.05023696682	44.0	0.0
Homo	GCC	A	L	0.0	0.843166488048	0.0909090909091	0.0151515151515	0.833333333333	0.536585365854	0.0162601626016	1782.0	-0.995336787565	47.0	0.0
Blanceolatum	GCA	A	L	0.0	0.775241416933	0.166666666667	0.0666666666667	0.8	0.185185185185	0.037037037037	1083.0	-0.904231625835	44.0	0.0
Blanceolatum	GCT	A	L	0.0	0.775241416933	0.125	0.0263157894737	0.815789473684	0.469135802469	0.037037037037	1083.0	-1.03863037752	45.0	0.0
Blanceolatum	GCG	A	L	0.0	0.775241416933	0.166666666667	0.05	0.75	0.246913580247	0.037037037037	1083.0	-1.325	46.0	0.0
Saccoglossus	GCA	A	L	0.0	0.502427631794	0.285714285714	0.0612244897959	0.877551020408	0.37984496124	0.031007751938	1784.0	-0.929370629371	44.0	0.0
Saccoglossus	GCT	A	L	0.0	0.502427631794	0.0909090909091	0.0204081632653	0.836734693878	0.37984496124	0.031007751938	1784.0	-0.955024595924	45.0	0.0

### Alignment improvement:
