### Random Forest prediction
genome	codon	ori_aa	rea_aa	fitch	Fisher pval	Gene frac	N. rea	N. used	Cod. count	Sub. count	G. len	codon_lik	id	prediction
Andalucia	CTT	L	P	0.0	0.0416255890441	0.0833333333333	0.0119047619048	0.833333333333	0.314606741573	0.0112359550562	1783.0	-2.8375613748	53.0	0.0
Andalucia	CTG	L	P	0.0	0.0416255890441	0.5	0.5	0.5	0.00749063670412	0.0112359550562	1783.0	-0.216666666667	54.0	0.0
Andalucia	TTA	L	P	0.0	0.0416255890441	0.0769230769231	0.00714285714286	0.907142857143	0.524344569288	0.0112359550562	1783.0	-2.87185130839	20.0	0.0
Seculomonas	CTT	L	P	0.0	0.893391596803	0.0833333333333	0.0169491525424	0.915254237288	0.225190839695	0.0114503816794	1784.0	-2.83602771363	53.0	0.0
Seculomonas	TTA	L	P	0.0	0.893391596803	0.153846153846	0.0135135135135	0.864864864865	0.564885496183	0.0114503816794	1784.0	-2.86342592593	20.0	0.0
Schistosoma	TTA	L	P	0.0	0.913075357293	0.25	0.0222222222222	0.533333333333	0.560165975104	0.0165975103734	1688.0	-2.58492003046	20.0	0.0
Schistosoma	TTG	L	P	0.0	0.913075357293	0.0833333333333	0.015873015873	0.666666666667	0.261410788382	0.0165975103734	1688.0	-2.64465065502	22.0	0.0
Fasciola	TTA	L	P	0.0	0.861719347596	0.0909090909091	0.0172413793103	0.603448275862	0.222222222222	0.0114942528736	1701.0	-2.64289923394	20.0	0.0
Fasciola	TTG	L	P	0.0	0.861719347596	0.166666666667	0.0125786163522	0.622641509434	0.609195402299	0.0114942528736	1701.0	-2.64187741106	22.0	0.0
Lumbricus	CTT	L	P	0.0	0.777949132769	0.0909090909091	0.0185185185185	0.851851851852	0.198529411765	0.00735294117647	1781.0	-2.87333755541	53.0	0.0
Lumbricus	CTA	L	P	0.0	0.777949132769	0.0769230769231	0.0119047619048	0.880952380952	0.308823529412	0.00735294117647	1781.0	-2.84114052953	52.0	0.0
Halocynthia	TTG	L	P	0.0	0.288177276123	0.0833333333333	0.0108695652174	0.804347826087	0.352490421456	0.00383141762452	1746.0	-2.79873746751	22.0	0.0
Limulus	CTT	L	P	0.0	0.527196622383	0.0909090909091	0.0227272727273	0.931818181818	0.170542635659	0.00387596899225	1781.0	-2.79577464789	53.0	0.0
Caenorhabditis	CTT	L	P	0.0	0.101949633611	0.2	0.08	0.6	0.1	0.024	1755.0	-2.19099590723	53.0	0.0
Caenorhabditis	CTA	L	P	0.0	0.101949633611	0.1	0.0588235294118	0.588235294118	0.068	0.024	1755.0	-2.26411290323	52.0	0.0
Caenorhabditis	TTA	L	P	0.0	0.101949633611	0.25	0.0184049079755	0.723926380368	0.652	0.024	1755.0	-2.71392405063	20.0	0.0
Axinella	TTA	L	P	0.0	0.494163930913	0.0769230769231	0.00588235294118	0.952941176471	0.63670411985	0.00749063670412	1777.0	-2.90814070352	20.0	0.0
Axinella	TTG	L	P	0.0	0.494163930913	0.0909090909091	0.0238095238095	0.904761904762	0.157303370787	0.00749063670412	1777.0	-2.80909829407	22.0	0.0
Terebratulina	CTC	L	P	0.0	0.186383470947	0.0909090909091	0.02	0.9	0.185873605948	0.00743494423792	1783.0	-2.79603011636	55.0	0.0
Terebratulina	TTA	L	P	0.0	0.186383470947	0.0909090909091	0.0322580645161	0.774193548387	0.115241635688	0.00743494423792	1783.0	-2.49178532311	20.0	0.0
Jbahamiensis	TTA	L	P	0.0	0.563195122002	0.153846153846	0.0175438596491	0.885964912281	0.435114503817	0.0114503816794	1784.0	-2.86141873691	20.0	0.0
Jbahamiensis	TTG	L	P	0.0	0.563195122002	0.1	0.0277777777778	0.916666666667	0.137404580153	0.0114503816794	1784.0	-2.70998116761	22.0	0.0
Bfloridae	TTA	L	P	0.0	0.807499933539	0.1	0.0117647058824	0.894117647059	0.393518518519	0.00462962962963	1085.0	-2.87124802528	20.0	0.0
Katharina	CTT	L	P	0.0	0.50250063353	0.0909090909091	0.027027027027	0.945945945946	0.128919860627	0.00696864111498	1781.0	-2.69672131148	53.0	0.0
Katharina	TTA	L	P	0.0	0.50250063353	0.0769230769231	0.00675675675676	0.905405405405	0.515679442509	0.00696864111498	1781.0	-2.84910900255	20.0	0.0
Geodia	CTG	L	P	0.0	0.169213805974	0.166666666667	0.166666666667	0.833333333333	0.0224719101124	0.0112359550562	1780.0	-2.09550561798	54.0	0.0
Geodia	TTA	L	P	0.0	0.169213805974	0.0769230769231	0.0114942528736	0.948275862069	0.651685393258	0.0112359550562	1780.0	-2.86402043624	20.0	0.0
Metridium	CTT	L	P	0.0	0.293573183567	0.0909090909091	0.025641025641	0.897435897436	0.142857142857	0.010989010989	1783.0	-2.75760208514	53.0	0.0
Metridium	CTA	L	P	0.0	0.293573183567	0.0909090909091	0.0357142857143	0.892857142857	0.102564102564	0.010989010989	1783.0	-2.78720787208	52.0	0.0
Metridium	TTA	L	P	0.0	0.293573183567	0.0833333333333	0.00666666666667	0.966666666667	0.549450549451	0.010989010989	1783.0	-2.88659793814	20.0	0.0
Acropora	CTT	L	P	0.0	0.636005251967	0.0909090909091	0.0263157894737	0.894736842105	0.138686131387	0.0109489051095	1781.0	-2.76785714286	53.0	0.0
Acropora	TTA	L	P	0.0	0.636005251967	0.0769230769231	0.00854700854701	0.923076923077	0.42700729927	0.0109489051095	1781.0	-2.84979544126	20.0	0.0
Acropora	TTG	L	P	0.0	0.636005251967	0.0833333333333	0.0116279069767	0.953488372093	0.313868613139	0.0109489051095	1781.0	-2.8749498998	22.0	0.0
Reclinomonas	CTT	L	P	0.0	0.367267025972	0.0833333333333	0.0147058823529	0.882352941176	0.255639097744	0.00751879699248	1784.0	-2.84135833756	53.0	0.0
Reclinomonas	TTA	L	P	0.0	0.367267025972	0.0833333333333	0.00552486187845	0.911602209945	0.68045112782	0.00751879699248	1784.0	-2.8912797282	20.0	0.0
Jlibera	TTA	L	P	0.0	0.828349448641	0.153846153846	0.0120481927711	0.843373493976	0.605839416058	0.00729927007299	1784.0	-2.8246659815	20.0	0.0
Myxine	CTA	L	P	0.0	0.355691022526	0.0909090909091	0.0172413793103	0.827586206897	0.210144927536	0.0036231884058	1783.0	-2.75878220141	52.0	0.0
Ciona	TTA	L	P	0.0	0.368585874062	0.153846153846	0.0211267605634	0.774647887324	0.589211618257	0.0207468879668	1767.0	-2.70706337687	20.0	0.0
Ciona	TTG	L	P	0.0	0.368585874062	0.25	0.0740740740741	0.740740740741	0.112033195021	0.0207468879668	1767.0	-2.22882427307	22.0	0.0
Daphnia	CTA	L	P	0.0	0.21259841848	0.0833333333333	0.0196078431373	0.862745098039	0.182142857143	0.00714285714286	1783.0	-2.76798924008	52.0	0.0
Daphnia	CTC	L	P	0.0	0.21259841848	0.0909090909091	0.0333333333333	0.9	0.107142857143	0.00714285714286	1783.0	-2.77205040092	55.0	0.0
Blanceolatum	TTG	L	P	0.0	0.494923821941	0.125	0.0238095238095	0.952380952381	0.196261682243	0.00467289719626	1083.0	-2.77312952534	22.0	0.0

### Alignment improvement:
