### Random Forest prediction
genome	codon	ori_aa	rea_aa	fitch	Fisher_pval	Gene_frac	N._rea	N._used	Cod._count	Sub._count	G._len	codon_lik	id	prediction	probability
SpombA	CGA	R	S	0.0	0.0128205113451	0.333333333333	0.25	0.5	0.125	0.0625	1424.0	0.0929095354523	56.0	0.0	0.0
SpombA	AGG	R	S	0.0	0.0128205113451	1.0	1.0	0.0	0.03125	0.0625	1424.0	3.4854368932	10.0	0.0	0.246
CgallA	AGA	R	S	0.0	0.0502456755217	0.0833333333333	0.0196078431373	0.901960784314	1.0	0.0196078431373	2247.0	-0.822838847385	8.0	0.0	0.003
CsantA	AGG	R	S	0.0	0.170454510144	0.2	0.1	0.8	0.217391304348	0.0217391304348	2220.0	-0.483279395901	10.0	0.0	0.001
MstarA	AGA	R	S	0.0	0.669999886066	0.1	0.0294117647059	0.941176470588	0.653846153846	0.0192307692308	2249.0	-0.765568959896	8.0	0.0	0.003
LstarA	CGT	R	S	0.0	0.0365853616432	1.0	1.0	0.0	0.0222222222222	0.0222222222222	1834.0	3.29126213592	57.0	0.0	0.332
CphanA	AGA	R	S	0.0	0.0502456755217	0.0833333333333	0.0196078431373	0.901960784314	1.0	0.0196078431373	2247.0	-0.822838847385	8.0	0.0	0.003
ScryoA	CGA	R	S	0.0	0.0961538461538	0.5	0.2	0.8	0.166666666667	0.0333333333333	1424.0	-0.197651663405	56.0	0.0	0.001
HuvarA	AGA	R	S	7.0	0.0259809252977	0.166666666667	0.0384615384615	0.884615384615	1.0	0.0384615384615	1361.0	-0.744563214154	8.0	0.0	0.063
CzempA	AGA	R	S	0.0	0.685185185185	0.166666666667	0.047619047619	0.761904761905	0.677419354839	0.0322580645161	1428.0	-0.725310059715	8.0	0.0	0.002
SjapoA	AGA	R	S	0.0	0.592592451934	0.142857142857	0.0384615384615	0.807692307692	0.8125	0.03125	1423.0	-0.816942909761	8.0	0.0	0.002
MmagnB	AGA	R	S	0.0	0.68	0.0909090909091	0.030303030303	0.939393939394	0.634615384615	0.0192307692308	2249.0	-0.807029401825	8.0	0.0	0.003
MmagnA	AGA	R	S	0.0	0.68	0.0909090909091	0.030303030303	0.939393939394	0.634615384615	0.0192307692308	2249.0	-0.807029401825	8.0	0.0	0.003
MtetrA	AGA	R	S	0.0	0.379999934472	0.181818181818	0.0625	0.90625	0.615384615385	0.0384615384615	2248.0	-0.648478488982	8.0	0.0	0.003
YlipoB	AGA	R	S	0.0	0.0492033662977	0.0833333333333	0.02	0.9	1.0	0.02	2247.0	-0.822930212397	8.0	0.0	0.003
YlipoA	AGA	R	S	0.0	0.0492033662977	0.0833333333333	0.02	0.9	1.0	0.02	2247.0	-0.822930212397	8.0	0.0	0.003
CalimA	AGA	R	S	0.0	0.0502456755217	0.0833333333333	0.0196078431373	0.901960784314	1.0	0.0196078431373	2247.0	-0.822838847385	8.0	0.0	0.003
SoctoA	AGA	R	S	0.0	0.538461538462	0.142857142857	0.0357142857143	0.821428571429	0.933333333333	0.0333333333333	1425.0	-0.813802528186	8.0	0.0	0.002
CdefoA	AGA	R	S	0.0	0.0502456755217	0.0833333333333	0.0196078431373	0.901960784314	1.0	0.0196078431373	2247.0	-0.822838847385	8.0	0.0	0.003
MingeA	AGA	R	S	0.0	0.64	0.1	0.027027027027	0.945945945946	0.711538461538	0.0192307692308	2249.0	-0.828725961538	8.0	0.0	0.003