### Random Forest prediction
genome	codon	ori_aa	rea_aa	fitch	Fisher pval	Gene frac	N. rea	N. used	Cod. count	Sub. count	G. len	codon_lik	id	prediction
Paracentrotus	ACA	T	G	0.0	0.724999905055	0.111111111111	0.0222222222222	0.711111111111	0.46875	0.0104166666667	1926.0	-1.96522112495	12.0	0.0
Caenorhabditis	ACC	T	G	0.0	0.174851989978	0.333333333333	0.25	0.0	0.0481927710843	0.0722891566265	1865.0	0.434343434343	15.0	0.0
Caenorhabditis	ACA	T	G	0.0	0.174851989978	0.333333333333	0.0681818181818	0.454545454545	0.530120481928	0.0722891566265	1865.0	-1.27895667551	12.0	0.0
Caenorhabditis	ACT	T	G	0.0	0.174851989978	0.25	0.0645161290323	0.58064516129	0.373493975904	0.0722891566265	1865.0	-1.35795454545	13.0	0.0
Schistosoma	ACA	T	G	0.0	0.931287079978	0.142857142857	0.125	0.375	0.177777777778	0.111111111111	1800.0	-1.6049382716	12.0	0.0
Schistosoma	ACG	T	G	0.0	0.931287079978	0.333333333333	0.142857142857	0.571428571429	0.155555555556	0.111111111111	1800.0	-1.33604336043	14.0	0.0
Schistosoma	ACT	T	G	0.0	0.931287079978	0.375	0.107142857143	0.535714285714	0.622222222222	0.111111111111	1800.0	-1.33729050279	13.0	0.0
Fasciola	ACT	T	G	0.0	0.611110976846	0.1	0.0232558139535	0.46511627907	0.781818181818	0.0181818181818	1825.0	-1.55216400911	13.0	0.0
Dunaliella_salina	ACT	T	G	0.0	0.779069691165	0.142857142857	0.027027027027	0.486486486486	0.513888888889	0.0138888888889	1392.0	-1.54726890756	13.0	0.0
Patiria	ACA	T	G	0.0	0.133011402608	0.142857142857	0.0344827586207	0.586206896552	0.27619047619	0.0190476190476	1926.0	-1.85373924553	12.0	0.0
Patiria	ACG	T	G	0.0	0.133011402608	0.2	0.111111111111	0.777777777778	0.0857142857143	0.0190476190476	1926.0	-1.47276688453	14.0	0.0
Pseudendoclonium_akinetum	ACA	T	G	0.0	0.846641935419	0.1	0.0322580645161	0.612903225806	0.378048780488	0.0243902439024	1930.0	-1.97117794486	12.0	0.0
Pseudendoclonium_akinetum	ACT	T	G	0.0	0.846641935419	0.1	0.0277777777778	0.777777777778	0.439024390244	0.0243902439024	1930.0	-1.87827015483	13.0	0.0
Lumbricus	ACC	T	G	0.0	0.147413932003	0.375	0.111111111111	0.592592592593	0.245454545455	0.0727272727273	1920.0	-1.43932748538	15.0	0.0
Lumbricus	ACA	T	G	0.0	0.147413932003	0.0909090909091	0.047619047619	0.547619047619	0.381818181818	0.0727272727273	1920.0	-1.66772582842	12.0	0.0
Lumbricus	ACG	T	G	0.0	0.147413932003	0.333333333333	0.333333333333	0.0	0.0272727272727	0.0727272727273	1920.0	0.24375	14.0	0.0
Lumbricus	ACT	T	G	0.0	0.147413932003	0.2	0.0526315789474	0.552631578947	0.345454545455	0.0727272727273	1920.0	-1.56713322965	13.0	0.0
Halocynthia	ACT	T	G	0.0	0.706521637806	0.125	0.027027027027	0.702702702703	0.587301587302	0.015873015873	1893.0	-1.45569620253	13.0	0.0
Limulus	ACC	T	G	0.0	0.172042999563	0.333333333333	0.117647058824	0.647058823529	0.182795698925	0.0322580645161	1919.0	-1.36571428571	15.0	0.0
Limulus	ACA	T	G	0.0	0.172042999563	0.0909090909091	0.02	0.64	0.537634408602	0.0322580645161	1919.0	-1.69930609098	12.0	0.0
Bracteacoccus_aerius	ACG	T	G	0.0	0.871445811635	0.125	0.0434782608696	0.695652173913	0.294871794872	0.025641025641	1789.0	-1.53151618399	14.0	0.0
Bracteacoccus_aerius	ACT	T	G	0.0	0.871445811635	0.1	0.0294117647059	0.705882352941	0.435897435897	0.025641025641	1789.0	-1.48772130211	13.0	0.0
Pycnococcus_provasolii	ACC	T	G	0.0	0.0810810530875	0.166666666667	0.0833333333333	0.916666666667	0.148148148148	0.0123456790123	1930.0	-1.45893719807	15.0	0.0
Axinella	ACT	T	G	0.0	0.781249924476	0.1	0.025	0.85	0.434782608696	0.0108695652174	1924.0	-1.92474674385	13.0	0.0
Terebratulina	ACC	T	G	0.0	0.878571166078	0.25	0.0625	0.5625	0.484848484848	0.0808080808081	1915.0	-1.62586983217	15.0	0.0
Terebratulina	ACA	T	G	0.0	0.878571166078	0.142857142857	0.0952380952381	0.666666666667	0.212121212121	0.0808080808081	1915.0	-1.42857142857	12.0	0.0
Terebratulina	ACT	T	G	0.0	0.878571166078	0.375	0.111111111111	0.518518518519	0.272727272727	0.0808080808081	1915.0	-1.23977027997	13.0	0.0
Bfloridae	ACG	T	G	0.0	0.354347816561	0.333333333333	0.125	0.5	0.156862745098	0.078431372549	1192.0	-1.57674418605	14.0	0.0
Bfloridae	ACT	T	G	0.0	0.354347816561	0.166666666667	0.15	0.4	0.392156862745	0.078431372549	1192.0	-1.25834127741	13.0	0.0
Katharina	ACA	T	G	0.0	0.244315320951	0.428571428571	0.111111111111	0.555555555556	0.317647058824	0.0470588235294	1917.0	-1.35053763441	12.0	0.0
Katharina	ACT	T	G	0.0	0.244315320951	0.0909090909091	0.0208333333333	0.729166666667	0.564705882353	0.0470588235294	1917.0	-1.65381460213	13.0	0.0
Geodia	ACT	T	G	0.0	0.722972877328	0.125	0.0232558139535	0.93023255814	0.524390243902	0.0121951219512	1925.0	-1.81777378815	13.0	0.0
Metridium	ACT	T	G	0.0	0.75974017679	0.1	0.0227272727273	0.818181818182	0.505747126437	0.0114942528736	1928.0	-1.77282752536	13.0	0.0
Chlamydomonas_reinhardtii	ACT	T	G	0.0	0.691489361702	0.142857142857	0.0204081632653	0.571428571429	0.644736842105	0.0131578947368	1389.0	-1.71766990291	13.0	0.0
Acropora	ACT	T	G	0.0	0.759999917139	0.111111111111	0.025	0.875	0.487804878049	0.0121951219512	1926.0	-1.63522012579	13.0	0.0
Trichinella	ACC	T	G	0.0	0.290159074633	0.285714285714	0.0833333333333	0.458333333333	0.201680672269	0.0420168067227	1883.0	-1.41447368421	15.0	0.0
Trichinella	ACA	T	G	0.0	0.290159074633	0.125	0.0149253731343	0.402985074627	0.563025210084	0.0420168067227	1883.0	-1.97009291521	12.0	0.0
Trichinella	ACT	T	G	0.0	0.290159074633	0.222222222222	0.0952380952381	0.47619047619	0.176470588235	0.0420168067227	1883.0	-1.50380228137	13.0	0.0
Bracteacoccus_minor	ACC	T	G	0.0	0.918534150873	0.285714285714	0.0769230769231	0.576923076923	0.320987654321	0.037037037037	1686.0	-1.81044776119	15.0	0.0
Bracteacoccus_minor	ACT	T	G	0.0	0.918534150873	0.0909090909091	0.0277777777778	0.444444444444	0.444444444444	0.037037037037	1686.0	-1.50863930886	13.0	0.0
Chromochloris_zofingiensis	ACA	T	G	0.0	0.807017477232	0.1	0.037037037037	0.444444444444	0.355263157895	0.0263157894737	1522.0	-1.7027027027	12.0	0.0
Chromochloris_zofingiensis	ACT	T	G	0.0	0.807017477232	0.111111111111	0.025	0.525	0.526315789474	0.0263157894737	1522.0	-1.69189453125	13.0	0.0
Balanoglossus	ACC	T	G	0.0	0.0444666425275	0.2	0.0714285714286	0.5	0.403846153846	0.0384615384615	1926.0	-1.7288213628	15.0	0.0
Balanoglossus	ACG	T	G	0.0	0.0444666425275	0.2	0.142857142857	0.428571428571	0.0673076923077	0.0384615384615	1926.0	-1.33707865169	14.0	0.0
Drosophila	ACA	T	G	0.0	0.619742833915	0.2	0.0454545454545	0.659090909091	0.435643564356	0.049504950495	1919.0	-1.64880425155	12.0	0.0
Drosophila	ACT	T	G	0.0	0.619742833915	0.272727272727	0.0555555555556	0.5	0.534653465347	0.049504950495	1919.0	-1.37370118237	13.0	0.0
Myxine	ACC	T	G	0.0	0.211081345267	0.111111111111	0.03125	0.625	0.293577981651	0.045871559633	1919.0	-1.70480827754	15.0	0.0
Myxine	ACA	T	G	0.0	0.211081345267	0.375	0.0975609756098	0.487804878049	0.376146788991	0.045871559633	1919.0	-1.43361188487	12.0	0.0
Ciona	ACT	T	G	0.0	0.577474527895	0.3	0.0681818181818	0.568181818182	0.586666666667	0.04	1891.0	-1.28871039714	13.0	0.0
Epigonichthys	ACG	T	G	0.0	0.365472098104	0.125	0.0526315789474	0.578947368421	0.182692307692	0.0384615384615	1918.0	-1.5985915493	14.0	0.0
Epigonichthys	ACT	T	G	0.0	0.365472098104	0.2	0.0769230769231	0.589743589744	0.375	0.0384615384615	1918.0	-1.371	13.0	0.0
Daphnia	ACC	T	G	0.0	0.758565280166	0.111111111111	0.037037037037	0.592592592593	0.284210526316	0.0421052631579	1916.0	-1.87563268257	15.0	0.0
Daphnia	ACT	T	G	0.0	0.758565280166	0.181818181818	0.0697674418605	0.558139534884	0.452631578947	0.0421052631579	1916.0	-1.48952641166	13.0	0.0
Homo	ACC	T	G	0.0	0.810827872471	0.181818181818	0.0425531914894	0.468085106383	0.370078740157	0.0472440944882	1920.0	-1.49356579494	15.0	0.0
Homo	ACA	T	G	0.0	0.810827872471	0.4	0.0677966101695	0.491525423729	0.464566929134	0.0472440944882	1920.0	-1.51989562948	12.0	0.0
Blanceolatum	ACC	T	G	0.0	0.428606710412	0.2	0.166666666667	0.666666666667	0.130434782609	0.0652173913043	1187.0	-0.886287625418	15.0	0.0
Blanceolatum	ACT	T	G	0.0	0.428606710412	0.333333333333	0.105263157895	0.263157894737	0.413043478261	0.0652173913043	1187.0	-1.62596899225	13.0	0.0
Saccoglossus	ACC	T	G	0.0	0.617094248202	0.25	0.0769230769231	0.5	0.209677419355	0.0483870967742	1924.0	-1.52723146747	15.0	0.0
Saccoglossus	ACA	T	G	0.0	0.617094248202	0.111111111111	0.0212765957447	0.574468085106	0.379032258065	0.0483870967742	1924.0	-1.98668885191	12.0	0.0
Saccoglossus	ACT	T	G	0.0	0.617094248202	0.2	0.063829787234	0.510638297872	0.379032258065	0.0483870967742	1924.0	-1.65670402657	13.0	0.0

### Alignment improvement:
