### Random Forest prediction
genome	codon	ori_aa	rea_aa	fitch	Fisher_pval	Gene_frac	N._rea	N._used	Cod._count	Sub._count	G._len	codon_lik	id	prediction	probability
LmeyeA	ACA	T	S	0.0	0.631147540984	0.142857142857	0.0208333333333	0.916666666667	0.75	0.015625	1429.0	0.932278100581	12.0	0.0	0.0
SpombA	ACA	T	S	0.0	0.846909914659	0.333333333333	0.0869565217391	0.565217391304	0.383333333333	0.1	1424.0	0.272426622571	12.0	0.0	0.0
SpombA	ACT	T	S	0.0	0.846909914659	0.666666666667	0.111111111111	0.694444444444	0.6	0.1	1424.0	0.920634920635	13.0	0.0	0.0
WmucoA	ACA	T	S	0.0	0.604817611265	0.272727272727	0.0588235294118	0.843137254902	0.515151515152	0.0707070707071	2246.0	0.924904368834	12.0	0.0	0.0
WmucoA	ACT	T	S	0.0	0.604817611265	0.363636363636	0.0851063829787	0.808510638298	0.474747474747	0.0707070707071	2246.0	1.05449330784	13.0	0.0	0.0
AacerA	ACT	T	S	1.0	0.335632183908	0.5	0.111111111111	0.833333333333	0.5625	0.0625	630.0	1.22412008282	13.0	0.0	0.011
CgallA	ACA	T	S	0.0	0.624186618515	0.333333333333	0.0684931506849	0.643835616438	0.623931623932	0.0854700854701	2247.0	0.543103448276	12.0	0.0	0.0
CgallA	ACT	T	S	0.0	0.624186618515	0.454545454545	0.113636363636	0.727272727273	0.376068376068	0.0854700854701	2247.0	0.925876726886	13.0	0.0	0.0
CgigaA	ACC	T	S	0.0	0.10761547246	0.111111111111	0.0232558139535	0.860465116279	0.447916666667	0.0208333333333	2002.0	0.747340425532	15.0	0.0	0.0
CgigaA	ACA	T	S	0.0	0.10761547246	0.25	0.2	0.8	0.0520833333333	0.0208333333333	2002.0	1.42456896552	12.0	0.0	0.001
CsantA	ACA	T	S	0.0	0.0019465227863	0.384615384615	0.0892857142857	0.625	0.474576271186	0.0847457627119	2220.0	0.621553398058	12.0	0.0	0.0
CsantA	ACG	T	S	0.0	0.0019465227863	0.666666666667	0.6	0.0	0.0423728813559	0.0847457627119	2220.0	2.00963391137	14.0	0.0	0.238
CsantA	ACT	T	S	0.0	0.0019465227863	0.181818181818	0.037037037037	0.685185185185	0.457627118644	0.0847457627119	2220.0	0.500310880829	13.0	0.0	0.0
CtropB	ACT	T	S	0.0	0.108382856582	0.3	0.0952380952381	0.880952380952	0.392523364486	0.0373831775701	2250.0	1.05633088049	13.0	0.0	0.0
CtropA	ACT	T	S	0.0	0.168809864525	0.3	0.0909090909091	0.886363636364	0.411214953271	0.0373831775701	2250.0	1.04363636364	13.0	0.0	0.0
WpijpA	ACA	T	S	0.0	0.114073353709	0.142857142857	0.0204081632653	0.857142857143	0.720588235294	0.0441176470588	1429.0	0.776307996051	12.0	0.0	0.0
WpijpA	ACT	T	S	0.0	0.114073353709	0.166666666667	0.105263157895	0.842105263158	0.279411764706	0.0441176470588	1429.0	1.22391084093	13.0	0.0	0.0
CsubhA	ACC	T	S	2.0	0.711494345747	0.222222222222	0.0425531914894	0.829787234043	0.427272727273	0.0454545454545	2244.0	0.991725768322	15.0	0.0	0.0
CsubhA	ACA	T	S	2.0	0.711494345747	0.0909090909091	0.0294117647059	0.941176470588	0.309090909091	0.0454545454545	2244.0	0.926421404682	12.0	0.0	0.0
CsubhA	ACG	T	S	2.0	0.711494345747	0.181818181818	0.0952380952381	0.809523809524	0.190909090909	0.0454545454545	2244.0	0.887788778878	14.0	0.0	0.0
CsubhB	ACC	T	S	2.0	0.711494345747	0.222222222222	0.0425531914894	0.829787234043	0.427272727273	0.0454545454545	2244.0	0.991725768322	15.0	0.0	0.0
CsubhB	ACA	T	S	2.0	0.711494345747	0.0909090909091	0.0294117647059	0.941176470588	0.309090909091	0.0454545454545	2244.0	0.926421404682	12.0	0.0	0.0
CsubhB	ACG	T	S	2.0	0.711494345747	0.181818181818	0.0952380952381	0.809523809524	0.190909090909	0.0454545454545	2244.0	0.887788778878	14.0	0.0	0.0
OanguA	ACC	T	S	0.0	0.302407822113	0.333333333333	0.166666666667	0.666666666667	0.0508474576271	0.0762711864407	2248.0	0.753164556962	15.0	0.0	0.0
OanguA	ACA	T	S	0.0	0.302407822113	0.2	0.0392156862745	0.745098039216	0.432203389831	0.0762711864407	2248.0	0.687255507515	12.0	0.0	0.0
OanguA	ACT	T	S	0.0	0.302407822113	0.545454545455	0.1	0.766666666667	0.508474576271	0.0762711864407	2248.0	0.972962533797	13.0	0.0	0.0
SarboA	ACA	T	S	0.0	0.715517241379	0.142857142857	0.0277777777778	0.888888888889	0.590163934426	0.016393442623	1429.0	0.9576	12.0	0.0	0.0
CalaiA	ACA	T	S	0.0	0.480531922746	0.111111111111	0.0222222222222	0.977777777778	0.454545454545	0.040404040404	2056.0	1.04815935451	12.0	0.0	0.0
CalaiA	ACT	T	S	0.0	0.480531922746	0.3	0.0566037735849	0.88679245283	0.535353535354	0.040404040404	2056.0	0.958985535962	13.0	0.0	0.0
KtherA	ACT	T	S	0.0	0.166666666667	0.2	0.047619047619	0.904761904762	0.333333333333	0.015873015873	1429.0	0.895391705069	13.0	0.0	0.0
CblacA	ACT	T	S	0.0	0.666666666667	1.0	0.0666666666667	0.866666666667	0.681818181818	0.0454545454545	434.0	0.927228623408	13.0	0.0	0.04
CnorvA	ACA	T	S	0.0	0.889277335615	0.363636363636	0.0892857142857	0.803571428571	0.549019607843	0.0882352941176	2249.0	0.898865219988	12.0	0.0	0.0
CnorvA	ACT	T	S	0.0	0.889277335615	0.2	0.0909090909091	0.772727272727	0.43137254902	0.0882352941176	2249.0	1.17845930935	13.0	0.0	0.0
CviswA	ACA	T	S	0.0	0.833758304163	0.1	0.0204081632653	0.959183673469	0.457943925234	0.0280373831776	2249.0	0.948081264108	12.0	0.0	0.0
CviswA	ACT	T	S	0.0	0.833758304163	0.0909090909091	0.0377358490566	0.905660377358	0.495327102804	0.0280373831776	2249.0	0.939947780679	13.0	0.0	0.0
MstarA	ACA	T	S	0.0	0.376431894461	0.4	0.0909090909091	0.745454545455	0.5	0.0727272727273	2249.0	0.925100825811	12.0	0.0	0.0
MstarA	ACT	T	S	0.0	0.376431894461	0.3	0.0545454545455	0.8	0.5	0.0727272727273	2249.0	0.808943089431	13.0	0.0	0.0
NbaciA	ACA	T	S	0.0	0.0036717752235	0.571428571429	0.2	0.72	0.384615384615	0.0769230769231	1428.0	1.33346288379	12.0	0.0	0.006
CtetrA	ACA	T	S	0.0	0.838965590407	0.181818181818	0.0384615384615	0.942307692308	0.490566037736	0.0283018867925	2249.0	1.02977161501	12.0	0.0	0.0
CtetrA	ACT	T	S	0.0	0.838965590407	0.0909090909091	0.0212765957447	0.957446808511	0.443396226415	0.0283018867925	2249.0	0.891866478608	13.0	0.0	0.0
CbohiA	ACT	T	S	0.0	0.217171717172	0.1	0.0222222222222	0.933333333333	0.436893203883	0.00970873786408	2250.0	0.867156862745	13.0	0.0	0.0
LstarA	ACA	T	S	0.0	0.604869309527	0.125	0.0810810810811	0.675675675676	0.393617021277	0.063829787234	1834.0	0.763541380258	12.0	0.0	0.0
LstarA	ACT	T	S	0.0	0.604869309527	0.375	0.0555555555556	0.777777777778	0.574468085106	0.063829787234	1834.0	0.761972115579	13.0	0.0	0.0
MfariA	ACA	T	S	0.0	0.472837586443	0.111111111111	0.0222222222222	0.977777777778	0.432692307692	0.0384615384615	2248.0	1.01252191335	12.0	0.0	0.0
MfariA	ACT	T	S	0.0	0.472837586443	0.166666666667	0.0508474576271	0.932203389831	0.567307692308	0.0384615384615	2248.0	1.02757119536	13.0	0.0	0.0
MfariB	ACT	T	S	0.0	0.200980392157	0.111111111111	0.0238095238095	0.952380952381	0.403846153846	0.00961538461538	2250.0	0.994256017505	13.0	0.0	0.0
CcastA	ACT	T	S	0.0	0.336357039187	0.333333333333	0.0571428571429	0.828571428571	0.573770491803	0.0327868852459	1428.0	0.756293222683	13.0	0.0	0.0
LanspB	ACA	T	S	0.0	0.65	0.142857142857	0.0222222222222	0.911111111111	0.714285714286	0.015873015873	1429.0	0.931638538774	12.0	0.0	0.0
CphanA	ACA	T	S	0.0	0.607147115281	0.307692307692	0.0740740740741	0.679012345679	0.698275862069	0.0862068965517	2247.0	0.627545691906	12.0	0.0	0.0
CphanA	ACT	T	S	0.0	0.607147115281	0.444444444444	0.114285714286	0.685714285714	0.301724137931	0.0862068965517	2247.0	0.89534098582	13.0	0.0	0.0
LanspA	ACA	T	S	0.0	0.680327868852	0.142857142857	0.025	0.95	0.634920634921	0.015873015873	1429.0	0.94693877551	12.0	0.0	0.0
CsojaA	ACA	T	S	0.0	0.824425513808	0.333333333333	0.0526315789474	0.947368421053	0.481012658228	0.0379746835443	1498.0	1.04695503699	12.0	0.0	0.0
CsojaA	ACT	T	S	0.0	0.824425513808	0.125	0.025641025641	0.948717948718	0.493670886076	0.0379746835443	1498.0	0.971478976772	13.0	0.0	0.0
CglabA	ACA	T	S	0.0	0.0796268666113	0.428571428571	0.108108108108	0.810810810811	0.536231884058	0.0579710144928	1413.0	1.18393511251	12.0	0.0	0.0
ScryoA	ACA	T	S	0.0	0.386702110213	0.571428571429	0.172413793103	0.620689655172	0.420289855072	0.101449275362	1424.0	0.846992729676	12.0	0.0	0.0
ScryoA	ACT	T	S	0.0	0.386702110213	0.333333333333	0.0540540540541	0.621621621622	0.536231884058	0.101449275362	1424.0	0.400310318076	13.0	0.0	0.0
CneerA	ACC	T	S	0.0	0.140909783725	0.5	0.25	0.75	0.0388349514563	0.0388349514563	2249.0	1.61627906977	15.0	0.0	0.002
CneerA	ACA	T	S	0.0	0.140909783725	0.222222222222	0.0444444444444	0.933333333333	0.436893203883	0.0388349514563	2249.0	0.946948941469	12.0	0.0	0.0
CneerA	ACT	T	S	0.0	0.140909783725	0.0909090909091	0.0188679245283	0.943396226415	0.514563106796	0.0388349514563	2249.0	0.904395381811	13.0	0.0	0.0
CsakeA	ACA	T	S	0.0	0.350611472423	0.2	0.031746031746	0.920634920635	0.583333333333	0.0185185185185	2207.0	0.897762478485	12.0	0.0	0.0
HuvarA	ACA	T	S	1.0	0.838015204059	0.4	0.142857142857	0.52380952381	0.362068965517	0.120689655172	1361.0	0.525777984208	12.0	0.0	0.0
HuvarA	ACT	T	S	1.0	0.838015204059	0.5	0.114285714286	0.485714285714	0.603448275862	0.120689655172	1361.0	0.413180202352	13.0	0.0	0.0
KlactA	ACA	T	S	0.0	0.666666666667	0.166666666667	0.0217391304348	0.891304347826	0.676470588235	0.0147058823529	1408.0	0.871934604905	12.0	0.0	0.0
CzempA	ACA	T	S	0.0	0.853524337908	0.333333333333	0.09375	0.65625	0.484848484848	0.0909090909091	1428.0	0.586393738712	12.0	0.0	0.0
CzempA	ACT	T	S	0.0	0.853524337908	0.6	0.0909090909091	0.636363636364	0.5	0.0909090909091	1428.0	0.785797779077	13.0	0.0	0.0
CfrijA	ACA	T	S	0.0	0.811089043689	0.0909090909091	0.0222222222222	0.955555555556	0.432692307692	0.0288461538462	2249.0	0.901754385965	12.0	0.0	0.0
CfrijA	ACT	T	S	0.0	0.811089043689	0.1	0.0357142857143	0.928571428571	0.538461538462	0.0288461538462	2249.0	0.970779220779	13.0	0.0	0.0
PpastA	ACA	T	S	0.0	0.729127814682	0.166666666667	0.0344827586207	0.83908045977	0.81308411215	0.0280373831776	2248.0	0.707863761583	12.0	0.0	0.0
SjapoA	ACA	T	S	0.0	0.904035799733	0.5	0.125	0.75	0.112676056338	0.140845070423	1423.0	1.15321637427	12.0	0.0	0.0
SjapoA	ACT	T	S	0.0	0.904035799733	0.833333333333	0.155172413793	0.551724137931	0.816901408451	0.140845070423	1423.0	0.809958506224	13.0	0.0	0.0
CalbiE	ACA	T	S	0.0	0.802023489485	0.25	0.05	0.9	0.444444444444	0.0666666666667	1183.0	0.922138836773	12.0	0.0	0.0
CalbiE	ACT	T	S	0.0	0.802023489485	0.2	0.0833333333333	0.916666666667	0.533333333333	0.0666666666667	1183.0	1.05004035513	13.0	0.0	0.0
CalbiD	ACA	T	S	1.0	0.801503929214	0.125	0.0285714285714	0.942857142857	0.384615384615	0.032967032967	2058.0	0.91935483871	12.0	0.0	0.0
CalbiD	ACT	T	S	1.0	0.801503929214	0.1	0.0377358490566	0.943396226415	0.582417582418	0.032967032967	2058.0	0.976240984302	13.0	0.0	0.0
CalbiC	ACA	T	S	0.0	0.799015877541	0.111111111111	0.0243902439024	0.951219512195	0.38679245283	0.0283018867925	2250.0	0.955167173252	12.0	0.0	0.0
CalbiC	ACT	T	S	0.0	0.799015877541	0.0909090909091	0.0322580645161	0.951612903226	0.584905660377	0.0283018867925	2250.0	0.978902199178	13.0	0.0	0.0
CalbiB	ACA	T	S	0.0	0.799015877541	0.111111111111	0.0243902439024	0.951219512195	0.38679245283	0.0283018867925	2250.0	0.955167173252	12.0	0.0	0.0
CalbiB	ACT	T	S	0.0	0.799015877541	0.0909090909091	0.0322580645161	0.951612903226	0.584905660377	0.0283018867925	2250.0	0.978902199178	13.0	0.0	0.0
CalbiA	ACA	T	S	1.0	0.801503929214	0.125	0.0285714285714	0.942857142857	0.384615384615	0.032967032967	2058.0	0.91935483871	12.0	0.0	0.0
CalbiA	ACT	T	S	1.0	0.801503929214	0.1	0.0377358490566	0.943396226415	0.582417582418	0.032967032967	2058.0	0.976240984302	13.0	0.0	0.0
MmagnB	ACA	T	S	0.0	0.481794764355	0.545454545455	0.112359550562	0.730337078652	0.760683760684	0.0940170940171	2249.0	0.954698795181	12.0	0.0	0.0
MmagnB	ACT	T	S	0.0	0.481794764355	0.1	0.0384615384615	0.692307692308	0.222222222222	0.0940170940171	2249.0	0.3951786483	13.0	0.0	0.0
MmagnA	ACA	T	S	0.0	0.417322280106	0.545454545455	0.111111111111	0.722222222222	0.769230769231	0.0940170940171	2249.0	0.95564803805	12.0	0.0	0.0
MmagnA	ACT	T	S	0.0	0.417322280106	0.1	0.0384615384615	0.730769230769	0.222222222222	0.0940170940171	2249.0	0.388721480844	13.0	0.0	0.0
CparaA	ACC	T	S	0.0	0.01234567475	0.5	0.5	0.5	0.0243902439024	0.0121951219512	1816.0	2.21511627907	15.0	0.0	0.041
CcoryA	ACA	T	S	0.0	0.14687689576	0.1	0.0425531914894	0.936170212766	0.460784313725	0.0196078431373	2250.0	0.950982713711	12.0	0.0	0.0
CparaC	ACC	T	S	0.0	0.00990098668065	0.5	0.5	0.5	0.0194174757282	0.00970873786408	2250.0	2.21511627907	15.0	0.0	0.055
CparaB	ACC	T	S	0.0	0.00990098668065	0.5	0.5	0.5	0.0194174757282	0.00970873786408	2250.0	2.21511627907	15.0	0.0	0.055
CparaE	ACC	T	S	0.0	0.00990098668065	0.5	0.5	0.5	0.0194174757282	0.00970873786408	2250.0	2.21511627907	15.0	0.0	0.055
CparaD	ACC	T	S	0.0	0.00990098668065	0.5	0.5	0.5	0.0194174757282	0.00970873786408	2250.0	2.21511627907	15.0	0.0	0.055
CparaF	ACC	T	S	0.0	0.00990098668065	0.5	0.5	0.5	0.0194174757282	0.00970873786408	2250.0	2.21511627907	15.0	0.0	0.055
MtetrA	ACA	T	S	0.0	0.21135589525	0.545454545455	0.15873015873	0.650793650794	0.533898305085	0.110169491525	2248.0	0.914365092335	12.0	0.0	0.0
MtetrA	ACG	T	S	0.0	0.21135589525	0.285714285714	0.117647058824	0.647058823529	0.14406779661	0.110169491525	2248.0	1.14004720692	14.0	0.0	0.0
MtetrA	ACT	T	S	0.0	0.21135589525	0.111111111111	0.0344827586207	0.827586206897	0.245762711864	0.110169491525	2248.0	0.76289791438	13.0	0.0	0.0
CsaraA	ACC	T	S	0.0	0.0941564673661	0.25	0.25	0.75	0.0377358490566	0.0188679245283	2249.0	1.20519480519	15.0	0.0	0.001
CsaraA	ACA	T	S	0.0	0.0941564673661	0.0909090909091	0.0178571428571	0.928571428571	0.528301886792	0.0188679245283	2249.0	0.91879350348	12.0	0.0	0.0
CsuavA	ACA	T	S	0.0	0.568770516919	0.230769230769	0.046875	0.84375	0.64	0.06	2250.0	0.872081552121	12.0	0.0	0.0
CsuavA	ACT	T	S	0.0	0.568770516919	0.333333333333	0.0857142857143	0.828571428571	0.35	0.06	2250.0	1.16862745098	13.0	0.0	0.0
PkluyA	ACA	T	S	0.0	0.731680731137	0.363636363636	0.0505050505051	0.808080808081	0.87610619469	0.0442477876106	2247.0	0.780334273931	12.0	0.0	0.0
PcanaA	ACA	T	S	0.0	0.850616197976	0.333333333333	0.0677966101695	0.864406779661	0.59	0.07	2250.0	0.961270747814	12.0	0.0	0.0
PcanaA	ACT	T	S	0.0	0.850616197976	0.2	0.0731707317073	0.780487804878	0.41	0.07	2250.0	1.02542372881	13.0	0.0	0.0
YlipoB	ACA	T	S	0.0	0.881724316064	0.333333333333	0.114285714286	0.657142857143	0.598290598291	0.111111111111	2247.0	0.78431372549	12.0	0.0	0.0
YlipoB	ACT	T	S	0.0	0.881724316064	0.454545454545	0.106382978723	0.68085106383	0.401709401709	0.111111111111	2247.0	0.746077721458	13.0	0.0	0.0
YlipoA	ACA	T	S	0.0	0.881724316064	0.333333333333	0.114285714286	0.657142857143	0.598290598291	0.111111111111	2247.0	0.78431372549	12.0	0.0	0.0
YlipoA	ACT	T	S	0.0	0.881724316064	0.454545454545	0.106382978723	0.68085106383	0.401709401709	0.111111111111	2247.0	0.746077721458	13.0	0.0	0.0
CjadiA	ACC	T	S	0.0	0.0244658755589	1.0	1.0	0.0	0.00990099009901	0.0693069306931	2250.0	3.45070422535	15.0	0.0	0.185
CjadiA	ACA	T	S	0.0	0.0244658755589	0.272727272727	0.0461538461538	0.907692307692	0.643564356436	0.0693069306931	2250.0	1.06060116354	12.0	0.0	0.0
CjadiA	ACT	T	S	0.0	0.0244658755589	0.3	0.0857142857143	0.742857142857	0.346534653465	0.0693069306931	2250.0	0.77911908646	13.0	0.0	0.0
AgossB	ACT	T	S	0.0	0.220245571126	0.571428571429	0.104166666667	0.854166666667	0.695652173913	0.0724637681159	1427.0	1.07050388369	13.0	0.0	0.0
NdelpA	ACA	T	S	0.0	0.124448149177	0.428571428571	0.117647058824	0.794117647059	0.492753623188	0.0724637681159	1412.0	1.08503401361	12.0	0.0	0.0
NdelpA	ACT	T	S	0.0	0.124448149177	0.166666666667	0.0285714285714	0.885714285714	0.507246376812	0.0724637681159	1412.0	0.974076116933	13.0	0.0	0.0
LelonA	ACA	T	S	0.0	0.25	0.1	0.0196078431373	0.941176470588	0.495145631068	0.00970873786408	2249.0	0.874065934066	12.0	0.0	0.0
CalimA	ACA	T	S	0.0	0.362535718268	0.333333333333	0.0714285714286	0.690476190476	0.730434782609	0.0869565217391	2247.0	0.673601420779	12.0	0.0	0.0
CalimA	ACT	T	S	0.0	0.362535718268	0.4	0.129032258065	0.645161290323	0.269565217391	0.0869565217391	2247.0	0.762518968134	13.0	0.0	0.0
CchauA	ACA	T	S	0.0	0.404775720084	0.1	0.0344827586207	0.931034482759	0.547169811321	0.0188679245283	2250.0	0.938056312443	12.0	0.0	0.0
BcaliA	ACA	T	S	0.0	0.5	0.3	0.08	0.82	0.5	0.08	2250.0	0.947357426363	12.0	0.0	0.0
BcaliA	ACT	T	S	0.0	0.5	0.25	0.08	0.82	0.5	0.08	2250.0	1.09439528024	13.0	0.0	0.0
SoctoA	ACA	T	S	0.0	0.447765209562	0.285714285714	0.0769230769231	0.692307692308	0.393939393939	0.121212121212	1425.0	0.633948339483	12.0	0.0	0.0
SoctoA	ACT	T	S	0.0	0.447765209562	0.666666666667	0.153846153846	0.615384615385	0.590909090909	0.121212121212	1425.0	0.775954946131	13.0	0.0	0.0
CvartA	ACA	T	S	0.0	0.574194294891	0.166666666667	0.0625	0.895833333333	0.475247524752	0.0693069306931	2250.0	1.09894226532	12.0	0.0	0.0
CvartA	ACT	T	S	0.0	0.574194294891	0.4	0.0754716981132	0.77358490566	0.524752475248	0.0693069306931	2250.0	0.88420834198	13.0	0.0	0.0
CbuenA	ACC	T	S	0.0	0.0582591220367	1.0	1.0	0.0	0.00917431192661	0.045871559633	2248.0	3.4	15.0	0.0	0.182
CbuenA	ACA	T	S	0.0	0.0582591220367	0.142857142857	0.0333333333333	0.933333333333	0.275229357798	0.045871559633	2248.0	0.942923898531	12.0	0.0	0.0
CbuenA	ACT	T	S	0.0	0.0582591220367	0.272727272727	0.038961038961	0.922077922078	0.706422018349	0.045871559633	2248.0	0.962622280625	13.0	0.0	0.0
CdefoA	ACA	T	S	0.0	0.482863175448	0.333333333333	0.0769230769231	0.666666666667	0.661016949153	0.0932203389831	2247.0	0.62501695835	12.0	0.0	0.0
CdefoA	ACT	T	S	0.0	0.482863175448	0.454545454545	0.128205128205	0.666666666667	0.330508474576	0.0932203389831	2247.0	0.854670247687	13.0	0.0	0.0
LdasiA	ACA	T	S	0.0	0.672131147541	0.142857142857	0.0232558139535	0.906976744186	0.671875	0.015625	1429.0	0.967194822584	12.0	0.0	0.0
LkluyF	ACA	T	S	0.0	0.691666666667	0.142857142857	0.0243902439024	0.878048780488	0.630769230769	0.0153846153846	1429.0	0.852789498359	12.0	0.0	0.0
LkluyE	ACA	T	S	0.0	0.691666666667	0.142857142857	0.0243902439024	0.878048780488	0.630769230769	0.0153846153846	1429.0	0.852789498359	12.0	0.0	0.0
LkluyD	ACA	T	S	0.0	0.691666666667	0.142857142857	0.0243902439024	0.878048780488	0.630769230769	0.0153846153846	1429.0	0.845991561181	12.0	0.0	0.0
LkluyC	ACA	T	S	0.0	0.691666666667	0.142857142857	0.0243902439024	0.878048780488	0.630769230769	0.0153846153846	1429.0	0.852789498359	12.0	0.0	0.0
LkluyA	ACA	T	S	0.0	0.691666666667	0.142857142857	0.0243902439024	0.878048780488	0.630769230769	0.0153846153846	1429.0	0.852789498359	12.0	0.0	0.0
CdublA	ACT	T	S	2.0	0.76880869761	0.2	0.0327868852459	0.950819672131	0.677777777778	0.0222222222222	2058.0	0.974230626622	13.0	0.0	0.0
ClusiA	ACT	T	S	0.0	0.705882251396	0.0909090909091	0.015625	0.921875	0.598130841121	0.00934579439252	2250.0	0.916751613999	13.0	0.0	0.0
MguilA	ACA	T	S	0.0	0.749999913686	0.1	0.0196078431373	0.960784313725	0.485714285714	0.00952380952381	2250.0	0.98882803943	12.0	0.0	0.0
SpastA	ACA	T	S	0.0	0.749999913686	0.166666666667	0.030303030303	0.878787878788	0.507692307692	0.0153846153846	1429.0	0.94848661234	12.0	0.0	0.0
ScereC	ACA	T	S	0.0	0.706896551724	0.142857142857	0.0263157894737	0.868421052632	0.612903225806	0.0161290322581	1429.0	0.91711026616	12.0	0.0	0.0
ScereA	ACA	T	S	0.0	0.706896551724	0.142857142857	0.0263157894737	0.868421052632	0.612903225806	0.0161290322581	1429.0	0.91711026616	12.0	0.0	0.0
ScereD	ACA	T	S	0.0	0.706896551724	0.142857142857	0.027027027027	0.891891891892	0.606557377049	0.016393442623	1429.0	0.979979199168	12.0	0.0	0.0
ScereE	ACT	T	S	0.0	0.215517241379	0.2	0.04	0.96	0.409836065574	0.016393442623	1429.0	0.921256788208	13.0	0.0	0.0
DhansA	ACT	T	S	0.0	0.742424242424	0.0909090909091	0.0188679245283	0.943396226415	0.524752475248	0.00990099009901	2250.0	0.907118055556	13.0	0.0	0.0
CsalmA	ACA	T	S	0.0	0.38654979006	0.5	0.189189189189	0.648648648649	0.336363636364	0.109090909091	2153.0	1.06967213115	12.0	0.0	0.0
CsalmA	ACT	T	S	0.0	0.38654979006	0.3	0.0714285714286	0.628571428571	0.636363636364	0.109090909091	2153.0	0.701160387856	13.0	0.0	0.0
LnothA	ACA	T	S	0.0	0.675	0.142857142857	0.0238095238095	0.904761904762	0.65625	0.015625	1429.0	0.95717884131	12.0	0.0	0.0
BcustA	ACA	T	S	0.0	0.371512150885	0.363636363636	0.0819672131148	0.704918032787	0.512605042017	0.0756302521008	2247.0	0.770570160464	12.0	0.0	0.0
BcustA	ACT	T	S	0.0	0.371512150885	0.333333333333	0.0689655172414	0.758620689655	0.487394957983	0.0756302521008	2247.0	0.746350009733	13.0	0.0	0.0
AgossA	ACT	T	S	0.0	0.212485402344	0.571428571429	0.102040816327	0.857142857143	0.710144927536	0.0724637681159	1427.0	1.05621706032	13.0	0.0	0.0
MingeA	ACA	T	S	0.0	0.854803849708	0.3	0.0746268656716	0.746268656716	0.603603603604	0.0720720720721	2249.0	0.731872635561	12.0	0.0	0.0
MingeA	ACT	T	S	0.0	0.854803849708	0.3	0.0681818181818	0.772727272727	0.396396396396	0.0720720720721	2249.0	0.90995872033	13.0	0.0	0.0
ScastA	ACA	T	S	0.0	0.138655358278	0.571428571429	0.105263157895	0.789473684211	0.575757575758	0.0606060606061	1426.0	1.04555866633	12.0	0.0	0.0
CmaltA	ACT	T	S	0.0	0.696969592347	0.1	0.0161290322581	0.951612903226	0.613861386139	0.00990099009901	2250.0	1.01049317943	13.0	0.0	0.0