### Random Forest prediction
genome	codon	ori_aa	rea_aa	fitch	Fisher pval	Gene frac	N. rea	N. used	Cod. count	Sub. count	G. len	codon_lik	id	prediction
SpombA	ACT	T	A	0.0	0.357142786769	0.166666666667	0.0526315789474	0.657894736842	0.603174603175	0.031746031746	1452.0	0.118777056277	13.0	0.0
AacerA	ACT	T	A	0.0	0.724137931034	0.5	0.0555555555556	0.833333333333	0.5625	0.03125	643.0	0.408637873754	13.0	0.0
CgigaA	ACC	T	A	0.0	0.590067555464	0.25	0.047619047619	0.809523809524	0.461538461538	0.021978021978	1879.0	0.00700025926886	15.0	0.0
CsantA	ACC	T	A	0.0	0.0267662374903	0.5	0.333333333333	0.666666666667	0.0291262135922	0.0485436893204	2073.0	1.32081911263	15.0	0.0
CsantA	ACA	T	A	0.0	0.0267662374903	0.166666666667	0.0384615384615	0.653846153846	0.504854368932	0.0485436893204	2073.0	-0.0182337434095	12.0	0.0
CsantA	ACG	T	A	0.0	0.0267662374903	0.333333333333	0.2	0.0	0.0485436893204	0.0485436893204	2073.0	1.16115702479	14.0	0.0
CsantA	ACT	T	A	0.0	0.0267662374903	0.1	0.0232558139535	0.720930232558	0.417475728155	0.0485436893204	2073.0	-0.0638013881474	13.0	0.0
WpijpA	ACT	T	A	0.0	0.141666666667	0.166666666667	0.0526315789474	0.842105263158	0.271428571429	0.0142857142857	1456.0	0.209189189189	13.0	0.0
BarxA	ACA	T	A	0.0	0.319852941176	1.0	0.125	0.5	0.615384615385	0.0769230769231	442.0	0.256067961165	12.0	0.0
CsubhA	ACC	T	A	0.0	0.627590481559	0.25	0.0487804878049	0.878048780488	0.422680412371	0.020618556701	2098.0	0.188418079096	15.0	0.0
CsubhB	ACC	T	A	0.0	0.627590481559	0.25	0.0487804878049	0.878048780488	0.422680412371	0.020618556701	2098.0	0.188418079096	15.0	0.0
OanguA	ACA	T	A	0.0	0.834372728075	0.111111111111	0.0208333333333	0.770833333333	0.448598130841	0.0280373831776	2101.0	-0.040602189781	12.0	0.0
OanguA	ACT	T	A	0.0	0.834372728075	0.2	0.0384615384615	0.769230769231	0.485981308411	0.0280373831776	2101.0	0.131820265933	13.0	0.0
CnorvA	ACT	T	A	0.0	0.14382908142	0.222222222222	0.0512820512821	0.846153846154	0.41935483871	0.0215053763441	2101.0	0.178097657353	13.0	0.0
MstarA	ACA	T	A	0.0	0.746913580247	0.111111111111	0.0192307692308	0.75	0.52	0.02	2101.0	0.0216181506849	12.0	0.0
MstarA	ACT	T	A	0.0	0.746913580247	0.111111111111	0.0208333333333	0.833333333333	0.48	0.02	2101.0	0.00238720458343	13.0	0.0
NbaciA	ACT	T	A	0.0	0.672727272727	0.166666666667	0.0243902439024	0.853658536585	0.602941176471	0.0147058823529	1455.0	0.0802901450725	13.0	0.0
LstarA	ACA	T	A	0.0	0.788716192275	0.125	0.0263157894737	0.684210526316	0.422222222222	0.0333333333333	1779.0	-0.0192087155963	12.0	0.0
LstarA	ACT	T	A	0.0	0.788716192275	0.25	0.04	0.78	0.555555555556	0.0333333333333	1779.0	-0.00872760679835	13.0	0.0
CalaiA	ACT	T	A	0.0	0.734939759036	0.111111111111	0.0204081632653	0.877551020408	0.544444444444	0.0111111111111	1905.0	0.107278835386	13.0	0.0
CphanA	ACA	T	A	0.0	0.651315789474	0.0833333333333	0.0128205128205	0.666666666667	0.728971962617	0.00934579439252	2100.0	-0.0518967705542	12.0	0.0
CglabA	ACA	T	A	0.0	0.741935483871	0.142857142857	0.0263157894737	0.815789473684	0.542857142857	0.0142857142857	1439.0	0.0610645771413	12.0	0.0
ScryoA	ACA	T	A	0.0	0.266666589944	0.142857142857	0.0333333333333	0.633333333333	0.428571428571	0.0142857142857	1454.0	0.0808321964529	12.0	0.0
HuvarA	ACT	T	A	0.0	0.159274193548	0.5	0.0857142857143	0.485714285714	0.593220338983	0.0508474576271	1397.0	0.222060535506	13.0	0.0
CzempA	ACT	T	A	0.0	0.388888846691	0.4	0.0606060606061	0.636363636364	0.485294117647	0.0294117647059	1455.0	0.181619937695	13.0	0.0
CgallA	ACA	T	A	0.0	0.697368421053	0.0833333333333	0.0140845070423	0.633802816901	0.657407407407	0.00925925925926	2101.0	-0.0656923076923	12.0	0.0
PpastA	ACT	T	A	0.0	0.1	0.166666666667	0.0526315789474	0.842105263158	0.186274509804	0.00980392156863	2101.0	0.219498289624	13.0	0.0
SjapoA	ACT	T	A	0.0	0.819514598961	0.428571428571	0.0677966101695	0.542372881356	0.808219178082	0.0547945205479	1450.0	0.230434024752	13.0	0.0
MmagnB	ACA	T	A	0.0	0.253703647547	0.111111111111	0.0121951219512	0.743902439024	0.780952380952	0.0190476190476	2101.0	0.0700793868054	12.0	0.0
MmagnB	ACT	T	A	0.0	0.253703647547	0.111111111111	0.047619047619	0.761904761905	0.2	0.0190476190476	2101.0	0.00218698742482	13.0	0.0
MmagnA	ACA	T	A	0.0	0.698611007055	0.222222222222	0.0240963855422	0.734939759036	0.790476190476	0.0190476190476	2101.0	0.103117829667	12.0	0.0
MtetrA	ACA	T	A	0.0	0.367900011782	0.111111111111	0.0166666666667	0.666666666667	0.566037735849	0.0188679245283	2100.0	0.0755467196819	12.0	0.0
MtetrA	ACG	T	A	0.0	0.367900011782	0.2	0.0909090909091	0.727272727273	0.103773584906	0.0188679245283	2100.0	0.375968992248	14.0	0.0
CsaraA	ACT	T	A	0.0	0.266304270894	0.111111111111	0.0238095238095	0.952380952381	0.428571428571	0.0102040816327	2101.0	0.0566037735849	13.0	0.0
PkluyA	ACA	T	A	0.0	0.147955054152	0.1	0.0108695652174	0.804347826087	0.867924528302	0.0188679245283	2101.0	-0.00561660561661	12.0	0.0
PkluyA	ACT	T	A	0.0	0.147955054152	0.166666666667	0.0769230769231	0.769230769231	0.122641509434	0.0188679245283	2101.0	0.127486437613	13.0	0.0
PcanaA	ACT	T	A	0.0	0.0700090334237	0.222222222222	0.0571428571429	0.828571428571	0.376344086022	0.0215053763441	2101.0	0.168050481568	13.0	0.0
AgossB	ACA	T	A	0.0	0.144544332805	0.333333333333	0.0909090909091	0.863636363636	0.314285714286	0.0428571428571	1456.0	0.344714686623	12.0	0.0
AgossB	ACT	T	A	0.0	0.144544332805	0.142857142857	0.0208333333333	0.854166666667	0.685714285714	0.0428571428571	1456.0	0.157727369091	13.0	0.0
NdelpA	ACA	T	A	0.0	0.746448087432	0.142857142857	0.0285714285714	0.8	0.5	0.0285714285714	1439.0	0.0999707687811	12.0	0.0
NdelpA	ACT	T	A	0.0	0.746448087432	0.166666666667	0.0285714285714	0.885714285714	0.5	0.0285714285714	1439.0	0.0649882903981	13.0	0.0
CalimA	ACA	T	A	0.0	0.62	0.0909090909091	0.0125	0.7	0.754716981132	0.00943396226415	2100.0	-0.0358532518066	12.0	0.0
BcaliA	ACT	T	A	0.0	0.75	0.1	0.0238095238095	0.928571428571	0.461538461538	0.010989010989	2101.0	0.0902234636872	13.0	0.0
SoctoA	ACA	T	A	0.0	0.244444367721	0.142857142857	0.037037037037	0.703703703704	0.397058823529	0.0147058823529	1454.0	-0.0140310959424	12.0	0.0
CdefoA	ACA	T	A	0.0	0.671052518009	0.0833333333333	0.0133333333333	0.653333333333	0.688073394495	0.00917431192661	2100.0	-0.0475142982842	12.0	0.0
WmucoA	ACA	T	A	0.0	0.724999905055	0.111111111111	0.0204081632653	0.877551020408	0.538461538462	0.010989010989	2101.0	0.0115317667537	12.0	0.0
CsalmA	ACT	T	A	0.0	0.271183719717	0.5	0.0909090909091	0.606060606061	0.622641509434	0.0566037735849	2098.0	0.165889526542	13.0	0.0
BcustA	ACT	T	A	0.0	0.743902439024	0.111111111111	0.0185185185185	0.759259259259	0.482142857143	0.00892857142857	2101.0	0.0301231310466	13.0	0.0
AgossA	ACA	T	A	0.0	0.131575633955	0.333333333333	0.0952380952381	0.857142857143	0.3	0.0428571428571	1456.0	0.360744003916	12.0	0.0
AgossA	ACT	T	A	0.0	0.131575633955	0.142857142857	0.0204081632653	0.857142857143	0.7	0.0428571428571	1456.0	0.154613466334	13.0	0.0
MingeA	ACA	T	A	0.0	0.75253164557	0.111111111111	0.0166666666667	0.75	0.606060606061	0.020202020202	2101.0	-0.063981042654	12.0	0.0
MingeA	ACT	T	A	0.0	0.75253164557	0.111111111111	0.025641025641	0.846153846154	0.393939393939	0.020202020202	2101.0	0.0644865525672	13.0	0.0
CmaltA	ACA	T	A	0.0	0.214285647891	0.1	0.0277777777778	0.944444444444	0.378947368421	0.0105263157895	2101.0	0.117369414726	12.0	0.0

### Alignment improvement:
