### Random Forest prediction
genome	codon	ori_aa	rea_aa	fitch	Fisher_pval	Gene_frac	N._rea	N._used	Cod._count	Sub._count	G._len	codon_lik	id	prediction	probability
Metaseiulus_occidentalis	TCT	S	A	0.0	0.763539429514	0.444444444444	0.128205128205	0.74358974359	0.475609756098	0.0853658536585	1280.0	1.00984251969	29.0	0.0	0.0
Metaseiulus_occidentalis	TCG	S	A	0.0	0.763539429514	0.333333333333	0.25	0.75	0.0487804878049	0.0853658536585	1280.0	1.20512820513	30.0	0.0	0.0
Metaseiulus_occidentalis	TCA	S	A	0.0	0.763539429514	0.166666666667	0.0588235294118	0.705882352941	0.207317073171	0.0853658536585	1280.0	0.739393939394	28.0	0.0	0.0
Paracentrotus	TCG	S	A	3.0	0.0557692277815	0.333333333333	0.25	0.5	0.0571428571429	0.0285714285714	1351.0	0.86875	30.0	0.0	0.062
Paracentrotus	TCC	S	A	3.0	0.0557692277815	0.125	0.0714285714286	0.785714285714	0.2	0.0285714285714	1351.0	0.747714808044	31.0	0.0	0.06
Aphrocallistes_vastus	AGT	S	A	0.0	0.111969130663	0.333333333333	0.2	0.4	0.0793650793651	0.0793650793651	1349.0	0.924242424242	9.0	0.0	0.0
Aphrocallistes_vastus	TCA	S	A	0.0	0.111969130663	0.5	0.142857142857	0.678571428571	0.444444444444	0.0793650793651	1349.0	0.800731261426	28.0	0.0	0.0
Schistosoma	TCG	S	A	0.0	0.798675487608	0.333333333333	0.166666666667	0.333333333333	0.0625	0.0729166666667	1325.0	0.575107296137	30.0	0.0	0.0
Schistosoma	TCT	S	A	0.0	0.798675487608	0.25	0.0789473684211	0.368421052632	0.395833333333	0.0729166666667	1325.0	0.361486486486	29.0	0.0	0.0
Schistosoma	AGT	S	A	0.0	0.798675487608	0.2	0.0625	0.40625	0.333333333333	0.0729166666667	1325.0	0.149324861001	9.0	0.0	0.0
Schistosoma	TCA	S	A	0.0	0.798675487608	0.125	0.0588235294118	0.529411764706	0.177083333333	0.0729166666667	1325.0	0.521148036254	28.0	0.0	0.0
Fasciola	TCT	S	A	0.0	0.593747607107	0.4	0.115384615385	0.384615384615	0.52	0.08	1332.0	0.517173699706	29.0	0.0	0.0
Fasciola	AGT	S	A	0.0	0.593747607107	0.2	0.0555555555556	0.555555555556	0.36	0.08	1332.0	0.288681948424	9.0	0.0	0.0
Trichobilharzia_regenti	TCT	S	A	0.0	0.0446836541182	0.125	0.027027027027	0.567567567568	0.37	0.07	1324.0	0.472222222222	29.0	0.0	0.0
Trichobilharzia_regenti	TCG	S	A	0.0	0.0446836541182	0.5	0.333333333333	0.333333333333	0.06	0.07	1324.0	0.926406926407	30.0	0.0	0.015
Trichobilharzia_regenti	AGT	S	A	0.0	0.0446836541182	0.333333333333	0.0666666666667	0.333333333333	0.45	0.07	1324.0	0.0565610859729	9.0	0.0	0.0
Trichobilharzia_regenti	TCC	S	A	0.0	0.0446836541182	1.0	0.5	0.0	0.02	0.07	1324.0	1.3	31.0	0.0	0.059
Versteria_mustelae	TCT	S	A	0.0	0.709012060343	0.272727272727	0.11320754717	0.377358490566	0.5	0.103773584906	1328.0	0.4	29.0	0.0	0.0
Versteria_mustelae	TCG	S	A	0.0	0.709012060343	0.166666666667	0.142857142857	0.285714285714	0.0660377358491	0.103773584906	1328.0	0.505454545455	30.0	0.0	0.0
Versteria_mustelae	AGT	S	A	0.0	0.709012060343	0.222222222222	0.0810810810811	0.405405405405	0.349056603774	0.103773584906	1328.0	0.0885989010989	9.0	0.0	0.0
Versteria_mustelae	TCA	S	A	0.0	0.709012060343	0.142857142857	0.142857142857	0.285714285714	0.0660377358491	0.103773584906	1328.0	0.637362637363	28.0	0.0	0.0
Euseius_nicholsi	TCG	S	A	0.0	0.450637733655	0.333333333333	0.333333333333	0.666666666667	0.0454545454545	0.0757575757576	1296.0	1.86206896552	30.0	0.0	0.003
Euseius_nicholsi	TCT	S	A	0.0	0.450637733655	0.25	0.0526315789474	0.736842105263	0.575757575758	0.0757575757576	1296.0	0.717171717172	29.0	0.0	0.0
Euseius_nicholsi	TCA	S	A	0.0	0.450637733655	0.285714285714	0.117647058824	0.823529411765	0.257575757576	0.0757575757576	1296.0	1.02909647779	28.0	0.0	0.0
Patiria	TCT	S	A	3.0	0.170670137011	0.333333333333	0.105263157895	0.842105263158	0.246753246753	0.038961038961	1351.0	0.877333333333	29.0	0.0	0.056
Patiria	AGC	S	A	3.0	0.170670137011	0.2	0.142857142857	0.714285714286	0.0909090909091	0.038961038961	1351.0	0.793357933579	11.0	0.0	0.06
Daphnia	TCT	S	A	0.0	0.31297653084	0.125	0.107142857143	0.857142857143	0.383561643836	0.0821917808219	1351.0	0.906702898551	29.0	0.0	0.0
Daphnia	TCG	S	A	0.0	0.31297653084	0.125	0.1	0.9	0.13698630137	0.0821917808219	1351.0	0.913043478261	30.0	0.0	0.0
Daphnia	AGT	S	A	0.0	0.31297653084	0.333333333333	0.222222222222	0.555555555556	0.123287671233	0.0821917808219	1351.0	0.752136752137	9.0	0.0	0.002
Haplorchis_taichui	TCT	S	A	0.0	0.777812837775	0.5	0.139534883721	0.348837209302	0.494252873563	0.0919540229885	1320.0	0.530113297555	29.0	0.0	0.001
Haplorchis_taichui	TCG	S	A	0.0	0.777812837775	0.166666666667	0.1	0.3	0.114942528736	0.0919540229885	1320.0	0.212820512821	30.0	0.0	0.0
Haplorchis_taichui	AGT	S	A	0.0	0.777812837775	0.111111111111	0.047619047619	0.47619047619	0.241379310345	0.0919540229885	1320.0	0.36964504284	9.0	0.0	0.0
Lumbricus	TCT	S	A	0.0	0.377049140709	0.111111111111	0.0666666666667	0.866666666667	0.227272727273	0.0151515151515	1350.0	0.874354561102	29.0	0.0	0.0
Halocynthia	TCG	S	A	0.0	0.296087834991	0.4	0.333333333333	0.666666666667	0.0674157303371	0.0898876404494	1348.0	1.24050632911	30.0	0.0	0.011
Halocynthia	TCT	S	A	0.0	0.296087834991	0.2	0.0512820512821	0.74358974359	0.438202247191	0.0898876404494	1348.0	0.653997378768	29.0	0.0	0.0
Halocynthia	AGT	S	A	0.0	0.296087834991	0.3	0.09375	0.65625	0.359550561798	0.0898876404494	1348.0	0.433841218925	9.0	0.0	0.0
Halocynthia	TCA	S	A	0.0	0.296087834991	0.166666666667	0.125	0.75	0.0898876404494	0.0898876404494	1348.0	1.1	28.0	0.0	0.0
Limulus	TCT	S	A	0.0	0.626646154262	0.25	0.0689655172414	0.862068965517	0.386666666667	0.0266666666667	1351.0	0.874125874126	29.0	0.0	0.0
Echinococcus_equinus	TCT	S	A	0.0	0.433673658701	0.2	0.0975609756098	0.439024390244	0.488095238095	0.0833333333333	1331.0	0.625078764965	29.0	0.0	0.0
Echinococcus_equinus	AGT	S	A	0.0	0.433673658701	0.142857142857	0.0434782608696	0.521739130435	0.27380952381	0.0833333333333	1331.0	-0.0155210643016	9.0	0.0	0.0
Echinococcus_equinus	TCA	S	A	0.0	0.433673658701	0.125	0.2	0.3	0.119047619048	0.0833333333333	1331.0	0.491094147583	28.0	0.0	0.0
Taenia_crassiceps	TCG	S	A	0.0	0.434714128938	0.166666666667	0.142857142857	0.285714285714	0.0679611650485	0.106796116505	1333.0	0.380434782609	30.0	0.0	0.0
Taenia_crassiceps	TCT	S	A	0.0	0.434714128938	0.272727272727	0.136363636364	0.318181818182	0.427184466019	0.106796116505	1333.0	0.405278592375	29.0	0.0	0.0
Taenia_crassiceps	AGT	S	A	0.0	0.434714128938	0.222222222222	0.0833333333333	0.472222222222	0.349514563107	0.106796116505	1333.0	0.241501416431	9.0	0.0	0.0
Taenia_crassiceps	TCA	S	A	0.0	0.434714128938	0.25	0.0666666666667	0.666666666667	0.145631067961	0.106796116505	1333.0	0.752136752137	28.0	0.0	0.0
Terebratulina	TCT	S	A	1.0	0.859333637315	0.1	0.0416666666667	0.75	0.333333333333	0.0277777777778	1351.0	0.517609391676	29.0	0.0	0.0
Terebratulina	TCC	S	A	1.0	0.859333637315	0.1	0.0333333333333	0.9	0.416666666667	0.0277777777778	1351.0	0.734468085106	31.0	0.0	0.0
Suberites_domuncula	TCT	S	A	0.0	0.598173501793	0.125	0.0384615384615	0.884615384615	0.329113924051	0.0253164556962	1351.0	0.64201183432	29.0	0.0	0.0
Suberites_domuncula	TCC	S	A	0.0	0.598173501793	0.2	0.1	0.8	0.126582278481	0.0253164556962	1351.0	0.989847715736	31.0	0.0	0.0
Bfloridae	TCG	S	A	0.0	0.446088781787	0.25	0.142857142857	0.714285714286	0.155555555556	0.0444444444444	777.0	0.884892086331	30.0	0.0	0.022
Bfloridae	TCA	S	A	0.0	0.446088781787	0.166666666667	0.0833333333333	0.916666666667	0.266666666667	0.0444444444444	777.0	0.809224318658	28.0	0.0	0.011
Katharina	TCT	S	A	0.0	0.681818071965	0.111111111111	0.0238095238095	0.97619047619	0.608695652174	0.0144927536232	1348.0	0.866175567833	29.0	0.0	0.0
Geodia	TCT	S	A	0.0	0.777026950045	0.111111111111	0.0294117647059	0.941176470588	0.425	0.0125	1350.0	0.768018018018	29.0	0.0	0.0
Amphimedon_queenslandica	TCC	S	A	0.0	0.112676036887	0.2	0.111111111111	0.777777777778	0.12	0.0133333333333	1351.0	0.865168539326	31.0	0.0	0.0
Tetrancistrum_nebulosi	TCT	S	A	0.0	0.730077711634	0.25	0.131578947368	0.421052631579	0.417582417582	0.10989010989	1333.0	0.608900876601	29.0	0.0	0.0
Tetrancistrum_nebulosi	AGT	S	A	0.0	0.730077711634	0.222222222222	0.08	0.28	0.274725274725	0.10989010989	1333.0	-0.0347293156282	9.0	0.0	0.0
Tetrancistrum_nebulosi	TCC	S	A	0.0	0.730077711634	0.4	0.25	0.25	0.0879120879121	0.10989010989	1333.0	0.704180064309	31.0	0.0	0.0
Tetrancistrum_nebulosi	TCA	S	A	0.0	0.730077711634	0.142857142857	0.1	0.5	0.10989010989	0.10989010989	1333.0	0.639386189258	28.0	0.0	0.0
Trichinella	TCT	S	A	0.0	0.407293923765	0.5	0.210526315789	0.578947368421	0.22619047619	0.107142857143	1343.0	0.796495956873	29.0	0.0	0.0
Trichinella	AGC	S	A	0.0	0.407293923765	0.166666666667	0.1	0.3	0.119047619048	0.107142857143	1343.0	0.143958868895	11.0	0.0	0.0
Trichinella	TCC	S	A	0.0	0.407293923765	0.333333333333	0.1875	0.5	0.190476190476	0.107142857143	1343.0	0.650159744409	31.0	0.0	0.0
Trichinella	TCA	S	A	0.0	0.407293923765	0.111111111111	0.0454545454545	0.590909090909	0.261904761905	0.107142857143	1343.0	0.201631701632	28.0	0.0	0.0
Balanoglossus	TCG	S	A	0.0	0.153333321825	0.25	0.2	0.8	0.0649350649351	0.012987012987	1351.0	0.944444444444	30.0	0.0	0.0
Acropora	TCT	S	A	2.0	0.764285632904	0.125	0.0277777777778	0.888888888889	0.45	0.0125	1350.0	0.743369175627	29.0	0.0	0.0
Pseudogarypus_banksi	TCG	S	A	0.0	0.274119026331	0.333333333333	0.333333333333	0.666666666667	0.0337078651685	0.191011235955	1347.0	1.50847457627	30.0	0.0	0.0
Pseudogarypus_banksi	TCT	S	A	0.0	0.274119026331	0.363636363636	0.162790697674	0.651162790698	0.483146067416	0.191011235955	1347.0	0.966071428571	29.0	0.0	0.0
Pseudogarypus_banksi	AGT	S	A	0.0	0.274119026331	0.666666666667	0.285714285714	0.285714285714	0.0786516853933	0.191011235955	1347.0	0.848920863309	9.0	0.0	0.0
Pseudogarypus_banksi	TCC	S	A	0.0	0.274119026331	1.0	0.5	0.5	0.0674157303371	0.191011235955	1347.0	1.58771929825	31.0	0.0	0.067
Pseudogarypus_banksi	TCA	S	A	0.0	0.274119026331	0.3	0.133333333333	0.533333333333	0.337078651685	0.191011235955	1347.0	0.696658097686	28.0	0.0	0.0
Benedenia_hoshinai	TCT	S	A	0.0	0.150581971271	0.4	0.0754716981132	0.433962264151	0.469026548673	0.0973451327434	1333.0	0.340887174542	29.0	0.0	0.0
Benedenia_hoshinai	AGC	S	A	0.0	0.150581971271	0.166666666667	0.0833333333333	0.5	0.106194690265	0.0973451327434	1333.0	0.404255319149	11.0	0.0	0.0
Benedenia_hoshinai	AGT	S	A	0.0	0.150581971271	0.333333333333	0.0909090909091	0.424242424242	0.29203539823	0.0973451327434	1333.0	0.32015503876	9.0	0.0	0.0
Benedenia_hoshinai	TCC	S	A	0.0	0.150581971271	0.333333333333	0.428571428571	0.142857142857	0.0619469026549	0.0973451327434	1333.0	0.898550724638	31.0	0.0	0.035
Myxine	AGC	S	A	0.0	0.420164036851	0.2	0.0909090909091	0.636363636364	0.118279569892	0.0322580645161	1350.0	0.572769953052	11.0	0.0	0.0
Myxine	TCC	S	A	0.0	0.420164036851	0.142857142857	0.0526315789474	0.736842105263	0.204301075269	0.0322580645161	1350.0	0.636608344549	31.0	0.0	0.0
Myxine	TCA	S	A	0.0	0.420164036851	0.1	0.025641025641	0.846153846154	0.41935483871	0.0322580645161	1350.0	0.74377457405	28.0	0.0	0.0
Drosophila	TCT	S	A	0.0	0.877413588822	0.111111111111	0.0322580645161	0.838709677419	0.424657534247	0.041095890411	1351.0	0.724815724816	29.0	0.0	0.0
Drosophila	TCA	S	A	0.0	0.877413588822	0.25	0.0666666666667	0.933333333333	0.41095890411	0.041095890411	1351.0	0.926975945017	28.0	0.0	0.0
Ciona	TCT	S	A	0.0	0.315791224926	0.4	0.151515151515	0.636363636364	0.351063829787	0.127659574468	1348.0	0.985981308411	29.0	0.0	0.0
Ciona	AGT	S	A	0.0	0.315791224926	0.125	0.037037037037	0.777777777778	0.287234042553	0.127659574468	1348.0	0.452132701422	9.0	0.0	0.0
Ciona	AGC	S	A	0.0	0.315791224926	0.5	0.333333333333	0.666666666667	0.031914893617	0.127659574468	1348.0	1.21186440678	11.0	0.0	0.007
Ciona	TCC	S	A	0.0	0.315791224926	0.333333333333	0.2	0.8	0.0531914893617	0.127659574468	1348.0	1.57653061224	31.0	0.0	0.0
Ciona	TCA	S	A	0.0	0.315791224926	0.222222222222	0.153846153846	0.653846153846	0.276595744681	0.127659574468	1348.0	0.813793103448	28.0	0.0	0.0
Epigonichthys	TCT	S	A	0.0	0.544332501781	0.25	0.0731707317073	0.90243902439	0.525641025641	0.0512820512821	1351.0	0.882389545737	29.0	0.0	0.0
Epigonichthys	AGT	S	A	0.0	0.544332501781	0.25	0.2	0.8	0.0641025641026	0.0512820512821	1351.0	1.26984126984	9.0	0.0	0.0
Strigamia_maritima	TCT	S	A	0.0	0.595762677632	0.25	0.0689655172414	0.862068965517	0.432835820896	0.0298507462687	1351.0	0.862762237762	29.0	0.0	0.0
Caenorhabditis	TCT	S	A	0.0	0.240402546185	0.222222222222	0.130434782609	0.521739130435	0.396551724138	0.103448275862	1346.0	0.577052868391	29.0	0.0	0.0
Caenorhabditis	AGT	S	A	0.0	0.240402546185	0.285714285714	0.153846153846	0.615384615385	0.224137931034	0.103448275862	1346.0	0.926441351889	9.0	0.0	0.0
Caenorhabditis	TCC	S	A	0.0	0.240402546185	0.5	0.5	0.5	0.0344827586207	0.103448275862	1346.0	2.11392405063	31.0	0.0	0.014
Homo	TCC	S	A	0.0	0.446666609124	0.125	0.04	0.96	0.308641975309	0.0123456790123	1351.0	0.838610827375	31.0	0.0	0.0
Ascidiella_aspersa	TCT	S	A	0.0	0.298094707839	0.555555555556	0.194444444444	0.666666666667	0.378947368421	0.0947368421053	1350.0	1.09771754636	29.0	0.0	0.002
Ascidiella_aspersa	TCC	S	A	0.0	0.298094707839	0.2	0.111111111111	0.666666666667	0.0947368421053	0.0947368421053	1350.0	0.634560906516	31.0	0.0	0.0
Ascidiella_aspersa	TCA	S	A	0.0	0.298094707839	0.2	0.125	0.75	0.0842105263158	0.0947368421053	1350.0	0.936708860759	28.0	0.0	0.0
Blanceolatum	TCT	S	A	0.0	0.643410826332	0.166666666667	0.0434782608696	0.95652173913	0.522727272727	0.0454545454545	775.0	0.72349726776	29.0	0.0	0.007
Blanceolatum	TCC	S	A	0.0	0.643410826332	0.333333333333	0.166666666667	0.833333333333	0.136363636364	0.0454545454545	775.0	0.929166666667	31.0	0.0	0.02