### Random Forest prediction
genome	codon	ori_aa	rea_aa	fitch	Fisher_pval	Gene_frac	N._rea	N._used	Cod._count	Sub._count	G._len	codon_lik	id	prediction	probability	clad_valid	trans_valid
Metaseiulus_occidentalis	AGG	R	S	0.0	7.25658339853e-12	0.333333333333	0.2	0.0	0.0833333333333	0.233333333333	1280.0	0.43085106383	10.0	1.0	0.731	1	1
Metaseiulus_occidentalis	AGA	R	S	0.0	7.25658339853e-12	1.0	0.619047619048	0.0	0.35	0.233333333333	1280.0	1.48733413752	8.0	1.0	0.998	1	1
Paracentrotus	AGG	R	S	0.0	1.35903664103e-10	1.0	1.0	0.0	0.037037037037	0.166666666667	1351.0	2.6	10.0	1.0	0.993	1	1
Paracentrotus	AGA	R	S	0.0	1.35903664103e-10	1.0	1.0	0.0	0.12962962963	0.166666666667	1351.0	2.38602941176	8.0	1.0	0.997	1	1
Aphrocallistes_vastus	AGA	R	S	0.0	1.04984598584e-12	0.75	0.40625	0.0	0.444444444444	0.180555555556	1349.0	1.31095123901	8.0	1.0	0.995	1	1
Schistosoma	AGG	R	S	0.0	1.07726435363e-10	0.666666666667	0.470588235294	0.0	0.257575757576	0.212121212121	1325.0	1.36077844311	10.0	1.0	0.996	1	1
Schistosoma	AGA	R	S	0.0	1.07726435363e-10	0.666666666667	0.333333333333	0.0	0.272727272727	0.212121212121	1325.0	1.01566951567	8.0	1.0	0.993	1	1
Fasciola	AGG	R	S	0.0	2.94271605354e-06	0.714285714286	0.416666666667	0.0	0.260869565217	0.108695652174	1332.0	1.30638297872	10.0	1.0	0.743	1	1
Trichobilharzia_regenti	AGG	R	S	0.0	5.85199376827e-07	0.666666666667	0.5	0.0	0.0888888888889	0.155555555556	1324.0	0.582278481013	10.0	1.0	0.643	1	1
Trichobilharzia_regenti	AGA	R	S	0.0	5.85199376827e-07	0.6	0.5	0.0	0.222222222222	0.155555555556	1324.0	1.71536523929	8.0	1.0	0.894	1	1
Versteria_mustelae	AGG	R	S	0.0	1.08036803056e-07	0.75	0.571428571429	0.0	0.142857142857	0.163265306122	1328.0	1.24817518248	10.0	1.0	0.997	1	1
Versteria_mustelae	AGA	R	S	0.0	1.08036803056e-07	0.375	0.307692307692	0.0	0.265306122449	0.163265306122	1328.0	1.09197651663	8.0	1.0	0.992	1	1
Euseius_nicholsi	AGG	R	S	0.0	1.11572700924e-13	1.0	0.6	0.0	0.0724637681159	0.217391304348	1296.0	1.44041450777	10.0	1.0	0.996	1	1
Euseius_nicholsi	AGA	R	S	0.0	1.11572700924e-13	0.666666666667	0.461538461538	0.0	0.376811594203	0.217391304348	1296.0	1.47856430708	8.0	1.0	0.996	1	1
Patiria	AGG	R	S	0.0	1.46002101693e-06	1.0	1.0	0.0	0.0204081632653	0.102040816327	1351.0	2.425	10.0	1.0	0.859	1	1
Patiria	AGA	R	S	0.0	1.46002101693e-06	1.0	1.0	0.0	0.0816326530612	0.102040816327	1351.0	2.50649350649	8.0	1.0	0.909	1	1
Daphnia	AGA	R	S	0.0	9.43948238512e-08	0.666666666667	0.857142857143	0.0	0.137254901961	0.117647058824	1351.0	1.59926470588	8.0	1.0	1.0	1	1
Haplorchis_taichui	AGG	R	S	0.0	2.07118879459e-08	0.75	0.409090909091	0.0454545454545	0.379310344828	0.206896551724	1320.0	1.29534883721	10.0	1.0	0.996	1	1
Haplorchis_taichui	AGA	R	S	0.0	2.07118879459e-08	1.0	1.0	0.0	0.051724137931	0.206896551724	1320.0	2.74137931034	8.0	1.0	0.992	1	1
Lumbricus	AGA	R	S	0.0	5.98698671361e-10	0.857142857143	0.818181818182	0.0	0.207547169811	0.169811320755	1350.0	2.19444444444	8.0	1.0	1.0	1	1
Halocynthia	AGG	R	S	1.0	0.000674763599694	0.222222222222	0.0645161290323	0.0	0.313131313131	0.020202020202	1348.0	0.162139917695	10.0	0.0	0.024	0	1
Limulus	AGA	R	S	0.0	9.43948238512e-08	0.75	0.857142857143	0.0	0.125	0.107142857143	1351.0	1.76449275362	8.0	1.0	0.999	1	1
Echinococcus_equinus	AGG	R	S	0.0	1.83676322247e-06	0.444444444444	0.3125	0.0	0.275862068966	0.155172413793	1331.0	1.14691943128	10.0	1.0	0.755	1	1
Echinococcus_equinus	AGA	R	S	0.0	1.83676322247e-06	0.5	0.333333333333	0.25	0.206896551724	0.155172413793	1331.0	0.815286624204	8.0	1.0	0.681	1	1
Taenia_crassiceps	AGG	R	S	0.0	4.39519180134e-06	0.666666666667	0.555555555556	0.0	0.176470588235	0.156862745098	1333.0	1.81460674157	10.0	1.0	0.65	1	1
Taenia_crassiceps	AGA	R	S	0.0	4.39519180134e-06	0.428571428571	0.25	0.166666666667	0.235294117647	0.156862745098	1333.0	0.466950959488	8.0	0.0	0.203	0	1
Terebratulina	AGG	R	S	0.0	5.54350647149e-09	0.25	0.25	0.0	0.0740740740741	0.148148148148	1351.0	0.3125	10.0	1.0	0.752	1	1
Terebratulina	AGA	R	S	0.0	5.54350647149e-09	1.0	0.875	0.0	0.148148148148	0.148148148148	1351.0	2.15923566879	8.0	1.0	1.0	1	1
Katharina	AGG	R	S	0.0	1.38120513603e-06	0.666666666667	0.5	0.0	0.08	0.1	1348.0	1.66883116883	10.0	1.0	0.907	1	1
Katharina	AGA	R	S	0.0	1.38120513603e-06	0.6	0.428571428571	0.0	0.14	0.1	1348.0	1.19064748201	8.0	1.0	0.899	1	1
Tetrancistrum_nebulosi	AGA	R	S	0.0	7.35772113381e-11	0.833333333333	0.45	0.0	0.263157894737	0.223684210526	1333.0	1.56794871795	8.0	1.0	0.995	1	1
Tetrancistrum_nebulosi	AGG	R	S	0.0	7.35772113381e-11	0.666666666667	0.307692307692	0.0384615384615	0.342105263158	0.223684210526	1333.0	0.686274509804	10.0	1.0	0.707	1	1
Trichinella	AGG	R	S	0.0	5.85864537325e-14	0.666666666667	0.8	0.0	0.0684931506849	0.246575342466	1343.0	2.31818181818	10.0	1.0	0.996	1	1
Trichinella	AGA	R	S	0.0	5.85864537325e-14	0.857142857143	0.4375	0.0	0.438356164384	0.246575342466	1343.0	0.995176848875	8.0	1.0	0.995	1	1
Balanoglossus	AGA	R	S	0.0	9.8814217877e-05	0.666666666667	0.75	0.0	0.0851063829787	0.063829787234	1351.0	2.16875	8.0	1.0	0.707	1	1
Pseudogarypus_banksi	AGA	R	S	0.0	6.65232811405e-13	0.666666666667	0.5	0.0	0.483870967742	0.241935483871	1347.0	1.35969387755	8.0	1.0	0.987	1	1
Benedenia_hoshinai	AGG	R	S	0.0	1.47135843316e-05	0.333333333333	0.25	0.0	0.0952380952381	0.119047619048	1333.0	1.27215189873	10.0	0.0	0.395	0	1
Benedenia_hoshinai	AGA	R	S	0.0	1.47135843316e-05	0.8	0.571428571429	0.0	0.166666666667	0.119047619048	1333.0	1.77536231884	8.0	0.0	0.418	0	1
Drosophila	AGA	R	S	0.0	5.00578496114e-09	0.833333333333	0.777777777778	0.0	0.173076923077	0.134615384615	1351.0	1.72206303725	8.0	1.0	0.999	1	1
Ciona	AGG	R	S	0.0	0.0384615340352	0.1	0.04	0.0	0.174825174825	0.00699300699301	1348.0	0.0809426229508	10.0	0.0	0.0	0	1
Epigonichthys	AGA	R	S	0.0	0.00048309162065	1.0	1.0	0.0	0.0434782608696	0.0434782608696	1351.0	2.5375	8.0	1.0	0.649	1	1
Strigamia_maritima	AGA	R	S	0.0	6.26809496532e-11	0.75	0.833333333333	0.0	0.190476190476	0.15873015873	1351.0	2.22246220302	8.0	1.0	1.0	1	1
Caenorhabditis	AGG	R	S	0.0	1.03300112248e-17	0.571428571429	0.533333333333	0.0	0.172413793103	0.367816091954	1346.0	1.74061433447	10.0	1.0	0.995	1	1
Caenorhabditis	AGA	R	S	0.0	1.03300112248e-17	0.888888888889	0.533333333333	0.0	0.51724137931	0.367816091954	1346.0	1.58196256381	8.0	1.0	0.993	1	1
Ascidiella_aspersa	AGG	R	S	0.0	0.00142247499335	0.25	0.0769230769231	0.0	0.371428571429	0.0428571428571	1350.0	0.268965517241	10.0	0.0	0.001	0	1
Ascidiella_aspersa	CGA	R	S	0.0	0.00142247499335	0.2	0.166666666667	0.833333333333	0.0857142857143	0.0428571428571	1350.0	-0.101265822785	56.0	0.0	0.001	0	0
Blanceolatum	AGA	R	S	0.0	0.0199999930949	1.0	1.0	0.0	0.04	0.04	775.0	3.1	8.0	1.0	0.587	1	1
Saccoglossus	AGA	R	S	0.0	0.0113636324403	1.0	1.0	0.0	0.0227272727273	0.0227272727273	1351.0	2.425	8.0	1.0	0.502	1	1

### Alignment improvement:
AGG	Ser	1.29e-12
AGA	Ser	9.48e-21


### Prediction Prob. range for Positive :[ 0.502 - 1.000 ]

