### Random Forest prediction
genome	codon	ori_aa	rea_aa	fitch	Fisher_pval	Gene_frac	N._rea	N._used	Cod._count	Sub._count	G._len	codon_lik	id	prediction	probability
Metaseiulus_occidentalis	CTT	L	F	0.0	0.160874003064	0.125	0.05	0.95	0.113636363636	0.0227272727273	1280.0	0.467948717949	53.0	0.0	0.0
Metaseiulus_occidentalis	CTC	L	F	0.0	0.160874003064	0.166666666667	0.111111111111	0.777777777778	0.0511363636364	0.0227272727273	1280.0	0.720797720798	55.0	0.0	0.0
Metaseiulus_occidentalis	TTA	L	F	0.0	0.160874003064	0.1	0.00990099009901	0.910891089109	0.573863636364	0.0227272727273	1280.0	0.164355936476	20.0	0.0	0.0
Metaseiulus_occidentalis	TTG	L	F	0.0	0.160874003064	0.142857142857	0.0454545454545	0.818181818182	0.125	0.0227272727273	1280.0	0.307249712313	22.0	0.0	0.0
Paracentrotus	CTT	L	F	0.0	0.917391276737	0.0909090909091	0.0217391304348	0.891304347826	0.214953271028	0.018691588785	1351.0	0.212290502793	53.0	0.0	0.0
Paracentrotus	CTA	L	F	0.0	0.917391276737	0.25	0.0379746835443	0.949367088608	0.369158878505	0.018691588785	1351.0	0.416155088853	52.0	0.0	0.0
Aphrocallistes_vastus	CTT	L	F	0.0	0.586293919615	0.111111111111	0.04	0.92	0.119047619048	0.0428571428571	1349.0	0.469325153374	53.0	0.0	0.0
Aphrocallistes_vastus	TTA	L	F	0.0	0.586293919615	0.25	0.0405405405405	0.824324324324	0.352380952381	0.0428571428571	1349.0	0.190013869626	20.0	0.0	0.0
Aphrocallistes_vastus	CTA	L	F	0.0	0.586293919615	0.166666666667	0.0344827586207	0.919540229885	0.414285714286	0.0428571428571	1349.0	0.263420357876	52.0	0.0	0.0
Aphrocallistes_vastus	CTC	L	F	0.0	0.586293919615	0.222222222222	0.1	0.8	0.0952380952381	0.0428571428571	1349.0	0.558375634518	55.0	0.0	0.0
Schistosoma	CTG	L	F	1.0	0.556462733151	0.25	0.2	0.6	0.026455026455	0.0740740740741	1325.0	0.155	54.0	0.0	0.0
Schistosoma	CTA	L	F	1.0	0.556462733151	0.166666666667	0.0833333333333	0.75	0.0634920634921	0.0740740740741	1325.0	0.665952890792	52.0	0.0	0.0
Schistosoma	TTA	L	F	1.0	0.556462733151	0.583333333333	0.0857142857143	0.609523809524	0.555555555556	0.0740740740741	1325.0	0.253241986787	20.0	0.0	0.0
Schistosoma	TTG	L	F	1.0	0.556462733151	0.25	0.06	0.72	0.26455026455	0.0740740740741	1325.0	0.121413934426	22.0	0.0	0.0
Fasciola	CTT	L	F	0.0	0.183273787028	0.111111111111	0.04	0.56	0.12077294686	0.0628019323671	1332.0	0.0505675954592	53.0	0.0	0.0
Fasciola	CTG	L	F	0.0	0.183273787028	0.2	0.2	0.8	0.024154589372	0.0628019323671	1332.0	1.30303030303	54.0	0.0	0.0
Fasciola	TTG	L	F	0.0	0.183273787028	0.5	0.0866141732283	0.677165354331	0.613526570048	0.0628019323671	1332.0	0.337565497783	22.0	0.0	0.0
Trichobilharzia_regenti	CTT	L	F	0.0	0.931786396634	0.166666666667	0.0833333333333	0.833333333333	0.06	0.08	1324.0	0.523504273504	53.0	0.0	0.0
Trichobilharzia_regenti	TTA	L	F	0.0	0.931786396634	0.333333333333	0.0659340659341	0.637362637363	0.455	0.08	1324.0	0.217744192555	20.0	0.0	0.0
Trichobilharzia_regenti	TTG	L	F	0.0	0.931786396634	0.545454545455	0.103448275862	0.666666666667	0.435	0.08	1324.0	0.51966873706	22.0	0.0	0.0
Versteria_mustelae	CTT	L	F	0.0	0.0305669995476	0.333333333333	0.142857142857	0.642857142857	0.0693069306931	0.0693069306931	1328.0	0.567765567766	53.0	0.0	0.0
Versteria_mustelae	TTA	L	F	0.0	0.0305669995476	0.4	0.0958904109589	0.739726027397	0.361386138614	0.0693069306931	1328.0	0.446509996492	20.0	0.0	0.0
Versteria_mustelae	TTG	L	F	0.0	0.0305669995476	0.25	0.0280373831776	0.719626168224	0.529702970297	0.0693069306931	1328.0	0.0968586387435	22.0	0.0	0.0
Versteria_mustelae	CTA	L	F	0.0	0.0305669995476	0.666666666667	0.4	0.6	0.0247524752475	0.0693069306931	1328.0	1.5412371134	52.0	0.0	0.014
Euseius_nicholsi	CTT	L	F	0.0	0.836186864569	0.125	0.05	0.85	0.111111111111	0.0388888888889	1296.0	0.418693982074	53.0	0.0	0.0
Euseius_nicholsi	TTA	L	F	0.0	0.836186864569	0.272727272727	0.0530973451327	0.867256637168	0.627777777778	0.0388888888889	1296.0	0.217824021715	20.0	0.0	0.0
Patiria	CTG	L	F	1.0	0.323085142136	0.166666666667	0.1	0.8	0.0478468899522	0.0239234449761	1351.0	0.837563451777	54.0	0.0	0.0
Patiria	CTA	L	F	1.0	0.323085142136	0.166666666667	0.0289855072464	0.927536231884	0.33014354067	0.0239234449761	1351.0	0.224535315985	52.0	0.0	0.0
Patiria	TTA	L	F	1.0	0.323085142136	0.0833333333333	0.0454545454545	0.954545454545	0.210526315789	0.0239234449761	1351.0	0.513058618688	20.0	0.0	0.0
Daphnia	CTT	L	F	1.0	0.0737519308429	0.0909090909091	0.0196078431373	0.980392156863	0.233944954128	0.0137614678899	1351.0	0.251892983342	53.0	0.0	0.0
Daphnia	CTC	L	F	1.0	0.0737519308429	0.222222222222	0.0869565217391	0.869565217391	0.105504587156	0.0137614678899	1351.0	0.451111111111	55.0	0.0	0.0
Haplorchis_taichui	CTT	L	F	0.0	0.227551413173	0.454545454545	0.125	0.541666666667	0.234146341463	0.0682926829268	1320.0	0.607104984093	53.0	0.0	0.0
Haplorchis_taichui	CTA	L	F	0.0	0.227551413173	0.125	0.125	0.75	0.0390243902439	0.0682926829268	1320.0	0.782051282051	52.0	0.0	0.0
Haplorchis_taichui	TTA	L	F	0.0	0.227551413173	0.3	0.0769230769231	0.692307692308	0.253658536585	0.0682926829268	1320.0	0.325627151992	20.0	0.0	0.0
Haplorchis_taichui	TTG	L	F	0.0	0.227551413173	0.166666666667	0.0422535211268	0.746478873239	0.346341463415	0.0682926829268	1320.0	0.213227322009	22.0	0.0	0.0
Lumbricus	CTT	L	F	3.0	0.804421232403	0.0909090909091	0.0444444444444	0.888888888889	0.225	0.02	1350.0	0.305681818182	53.0	0.0	0.056
Lumbricus	CTA	L	F	3.0	0.804421232403	0.0833333333333	0.0151515151515	0.939393939394	0.33	0.02	1350.0	0.179736024845	52.0	0.0	0.051
Lumbricus	TTA	L	F	3.0	0.804421232403	0.0909090909091	0.0217391304348	0.95652173913	0.23	0.02	1350.0	0.226614699332	20.0	0.0	0.056
Halocynthia	CTT	L	F	0.0	0.399888271609	0.142857142857	0.0714285714286	0.714285714286	0.0689655172414	0.0344827586207	1348.0	0.302919708029	53.0	0.0	0.0
Halocynthia	TTA	L	F	0.0	0.399888271609	0.454545454545	0.0454545454545	0.836363636364	0.541871921182	0.0344827586207	1348.0	0.240697674419	20.0	0.0	0.0
Halocynthia	TTG	L	F	0.0	0.399888271609	0.0833333333333	0.0140845070423	0.87323943662	0.349753694581	0.0344827586207	1348.0	0.224187725632	22.0	0.0	0.0
Limulus	TTA	L	F	0.0	0.80700298327	0.181818181818	0.0281690140845	0.943661971831	0.355	0.01	1351.0	0.268555037648	20.0	0.0	0.0
Echinococcus_equinus	CTT	L	F	1.0	0.632310431334	0.2	0.0909090909091	0.727272727273	0.0541871921182	0.064039408867	1331.0	0.368544600939	53.0	0.0	0.0
Echinococcus_equinus	TTA	L	F	1.0	0.632310431334	0.363636363636	0.1	0.716666666667	0.295566502463	0.064039408867	1331.0	0.517592200085	20.0	0.0	0.0
Echinococcus_equinus	TTG	L	F	1.0	0.632310431334	0.25	0.0487804878049	0.715447154472	0.605911330049	0.064039408867	1331.0	0.110694964628	22.0	0.0	0.0
Taenia_crassiceps	TTA	L	F	0.0	0.847561699112	0.333333333333	0.0583333333333	0.675	0.585365853659	0.0585365853659	1333.0	0.166702059885	20.0	0.0	0.0
Taenia_crassiceps	TTG	L	F	0.0	0.847561699112	0.363636363636	0.0793650793651	0.746031746032	0.307317073171	0.0585365853659	1333.0	0.371184371184	22.0	0.0	0.0
Axinella	TTA	L	F	1.0	0.082590754642	0.166666666667	0.015037593985	0.954887218045	0.627358490566	0.0235849056604	1348.0	0.286263947672	20.0	0.0	0.0
Axinella	CTG	L	F	1.0	0.082590754642	0.25	0.2	0.8	0.0235849056604	0.0235849056604	1348.0	0.637755102041	54.0	0.0	0.0
Axinella	TTG	L	F	1.0	0.082590754642	0.0909090909091	0.0285714285714	0.942857142857	0.165094339623	0.0235849056604	1348.0	0.0793304221252	22.0	0.0	0.0
Axinella	CTA	L	F	1.0	0.082590754642	0.142857142857	0.0625	0.9375	0.0754716981132	0.0235849056604	1348.0	0.394904458599	52.0	0.0	0.0
Terebratulina	CTT	L	F	3.0	0.58999393028	0.2	0.0384615384615	0.942307692308	0.254901960784	0.0343137254902	1351.0	0.275555555556	53.0	0.0	0.052
Terebratulina	CTG	L	F	3.0	0.58999393028	0.142857142857	0.0526315789474	0.894736842105	0.093137254902	0.0343137254902	1351.0	0.310067114094	54.0	0.0	0.056
Terebratulina	CTA	L	F	3.0	0.58999393028	0.272727272727	0.0571428571429	0.942857142857	0.343137254902	0.0343137254902	1351.0	0.443510054845	52.0	0.0	0.051
Suberites_domuncula	CTT	L	F	0.0	0.529539004778	0.125	0.047619047619	0.952380952381	0.0995260663507	0.0236966824645	1351.0	0.514634146341	53.0	0.0	0.0
Suberites_domuncula	TTA	L	F	0.0	0.529539004778	0.25	0.0322580645161	0.935483870968	0.587677725118	0.0236966824645	1351.0	0.317027863777	20.0	0.0	0.0
Bfloridae	CTT	L	F	0.0	0.728623458988	0.166666666667	0.047619047619	0.857142857143	0.136363636364	0.025974025974	777.0	0.354993983153	53.0	0.0	0.038
Bfloridae	CTA	L	F	0.0	0.728623458988	0.111111111111	0.0384615384615	0.923076923077	0.168831168831	0.025974025974	777.0	0.488867376573	52.0	0.0	0.038
Bfloridae	TTA	L	F	0.0	0.728623458988	0.222222222222	0.0307692307692	0.938461538462	0.422077922078	0.025974025974	777.0	0.362369337979	20.0	0.0	0.029
Katharina	TTA	L	F	3.0	0.524390232955	0.166666666667	0.0185185185185	0.944444444444	0.502325581395	0.0139534883721	1348.0	0.251663498099	20.0	0.0	0.051
Katharina	CTC	L	F	3.0	0.524390232955	0.166666666667	0.0588235294118	0.941176470588	0.0790697674419	0.0139534883721	1348.0	0.170118343195	55.0	0.0	0.056
Geodia	CTT	L	F	1.0	0.164185145246	0.166666666667	0.0666666666667	0.866666666667	0.0721153846154	0.0288461538462	1350.0	0.383701188455	53.0	0.0	0.0
Geodia	TTA	L	F	1.0	0.164185145246	0.0833333333333	0.015037593985	0.962406015038	0.639423076923	0.0288461538462	1350.0	0.240722937897	20.0	0.0	0.0
Geodia	TTG	L	F	1.0	0.164185145246	0.272727272727	0.0833333333333	0.861111111111	0.173076923077	0.0288461538462	1350.0	0.345800988003	22.0	0.0	0.0
Metridium	CTT	L	F	1.0	0.159177636822	0.2	0.0606060606061	0.848484848485	0.151376146789	0.0229357798165	1351.0	0.341275941583	53.0	0.0	0.0
Metridium	TTA	L	F	1.0	0.159177636822	0.0833333333333	0.00826446280992	0.96694214876	0.55504587156	0.0229357798165	1351.0	0.250317931327	20.0	0.0	0.0
Metridium	TTG	L	F	1.0	0.159177636822	0.2	0.0625	0.9375	0.146788990826	0.0229357798165	1351.0	0.403481012658	22.0	0.0	0.0
Amphimedon_queenslandica	TTA	L	F	1.0	0.0226931815197	0.25	0.0326086956522	0.913043478261	0.46	0.025	1351.0	0.249513212796	20.0	0.0	0.0
Amphimedon_queenslandica	CTG	L	F	1.0	0.0226931815197	0.333333333333	0.2	0.7	0.05	0.025	1351.0	0.757731958763	54.0	0.0	0.0
Tetrancistrum_nebulosi	CTT	L	F	0.0	0.379146165765	0.125	0.0357142857143	0.714285714286	0.149732620321	0.0748663101604	1333.0	0.0597976080957	53.0	0.0	0.0
Tetrancistrum_nebulosi	CTA	L	F	0.0	0.379146165765	0.333333333333	0.130434782609	0.695652173913	0.122994652406	0.0748663101604	1333.0	0.478888888889	52.0	0.0	0.0
Tetrancistrum_nebulosi	TTA	L	F	0.0	0.379146165765	0.5	0.10989010989	0.703296703297	0.486631016043	0.0748663101604	1333.0	0.589729119639	20.0	0.0	0.0
Trichinella	CTT	L	F	0.0	0.303578816039	0.111111111111	0.0588235294118	0.588235294118	0.0867346938776	0.0663265306122	1343.0	-0.173192771084	53.0	0.0	0.0
Trichinella	CTA	L	F	0.0	0.303578816039	0.25	0.046875	0.765625	0.326530612245	0.0663265306122	1343.0	0.164106709782	52.0	0.0	0.0
Trichinella	CTC	L	F	0.0	0.303578816039	0.5	0.2	0.7	0.102040816327	0.0663265306122	1343.0	0.572164948454	55.0	0.0	0.0
Trichinella	TTA	L	F	0.0	0.303578816039	0.363636363636	0.0655737704918	0.72131147541	0.311224489796	0.0663265306122	1343.0	0.297478991597	20.0	0.0	0.0
Trichinella	TTG	L	F	0.0	0.303578816039	0.2	0.03125	0.8125	0.163265306122	0.0663265306122	1343.0	-0.00314960629921	22.0	0.0	0.0
Balanoglossus	CTA	L	F	3.0	0.633640482288	0.181818181818	0.0441176470588	0.926470588235	0.291845493562	0.0214592274678	1351.0	0.349510910459	52.0	0.0	0.052
Balanoglossus	CTC	L	F	3.0	0.633640482288	0.181818181818	0.0294117647059	0.897058823529	0.291845493562	0.0214592274678	1351.0	0.309595202399	55.0	0.0	0.052
Acropora	CTT	L	F	0.0	0.050751189082	0.1	0.037037037037	0.888888888889	0.127962085308	0.0189573459716	1350.0	0.344664778093	53.0	0.0	0.0
Acropora	CTG	L	F	0.0	0.050751189082	0.166666666667	0.166666666667	0.833333333333	0.0284360189573	0.0189573459716	1350.0	0.642553191489	54.0	0.0	0.0
Acropora	CTA	L	F	0.0	0.050751189082	0.142857142857	0.0526315789474	0.947368421053	0.0900473933649	0.0189573459716	1350.0	0.331978319783	52.0	0.0	0.0
Acropora	TTA	L	F	0.0	0.050751189082	0.0833333333333	0.0113636363636	0.920454545455	0.417061611374	0.0189573459716	1350.0	0.14149028704	20.0	0.0	0.0
Pseudogarypus_banksi	CTT	L	F	0.0	0.432159762987	0.125	0.047619047619	0.809523809524	0.11170212766	0.0372340425532	1347.0	0.0438489646772	53.0	0.0	0.0
Pseudogarypus_banksi	CTC	L	F	0.0	0.432159762987	0.2	0.142857142857	0.571428571429	0.0372340425532	0.0372340425532	1347.0	0.395604395604	55.0	0.0	0.0
Pseudogarypus_banksi	TTA	L	F	0.0	0.432159762987	0.333333333333	0.0409836065574	0.819672131148	0.648936170213	0.0372340425532	1347.0	0.342414082146	20.0	0.0	0.0
Benedenia_hoshinai	CTT	L	F	0.0	0.89980314105	0.2	0.1	0.85	0.10152284264	0.0812182741117	1333.0	0.565051020408	53.0	0.0	0.0
Benedenia_hoshinai	CTA	L	F	0.0	0.89980314105	0.1	0.0588235294118	0.705882352941	0.0862944162437	0.0812182741117	1333.0	-0.0796992481203	52.0	0.0	0.0
Benedenia_hoshinai	CTC	L	F	0.0	0.89980314105	0.2	0.166666666667	0.833333333333	0.0304568527919	0.0812182741117	1333.0	0.659574468085	55.0	0.0	0.0
Benedenia_hoshinai	TTA	L	F	0.0	0.89980314105	0.416666666667	0.0887096774194	0.693548387097	0.629441624365	0.0812182741117	1333.0	0.356048053024	20.0	0.0	0.0
Benedenia_hoshinai	TTG	L	F	0.0	0.89980314105	0.111111111111	0.0384615384615	0.769230769231	0.131979695431	0.0812182741117	1333.0	0.0166503428012	22.0	0.0	0.0
Myxine	CTT	L	F	1.0	0.509535617874	0.0909090909091	0.0222222222222	0.955555555556	0.21327014218	0.0473933649289	1350.0	0.276217765043	53.0	0.0	0.0
Myxine	CTG	L	F	1.0	0.509535617874	0.166666666667	0.0909090909091	0.818181818182	0.0521327014218	0.0473933649289	1350.0	0.493087557604	54.0	0.0	0.0
Myxine	CTA	L	F	1.0	0.509535617874	0.2	0.0697674418605	0.860465116279	0.203791469194	0.0473933649289	1350.0	0.386068476978	52.0	0.0	0.0
Myxine	CTC	L	F	1.0	0.509535617874	0.3	0.0789473684211	0.842105263158	0.18009478673	0.0473933649289	1350.0	0.360135135135	55.0	0.0	0.0
Myxine	TTA	L	F	1.0	0.509535617874	0.166666666667	0.030303030303	0.954545454545	0.312796208531	0.0473933649289	1350.0	0.412355212355	20.0	0.0	0.0
Drosophila	TTA	L	F	0.0	0.120341986257	0.166666666667	0.015625	0.973958333333	0.876712328767	0.0182648401826	1351.0	0.298096125682	20.0	0.0	0.0
Drosophila	TTG	L	F	0.0	0.120341986257	0.166666666667	0.142857142857	0.857142857143	0.0319634703196	0.0182648401826	1351.0	0.91726618705	22.0	0.0	0.0
Ciona	TTA	L	F	0.0	0.627863213718	0.25	0.0344827586207	0.862068965517	0.594871794872	0.025641025641	1348.0	0.187762314999	20.0	0.0	0.0
Ciona	TTG	L	F	0.0	0.627863213718	0.166666666667	0.0526315789474	0.789473684211	0.0974358974359	0.025641025641	1348.0	-0.0841248303935	22.0	0.0	0.0
Epigonichthys	CTA	L	F	0.0	0.79600146568	0.2	0.0689655172414	0.931034482759	0.131221719457	0.0316742081448	1351.0	0.340669014085	52.0	0.0	0.0
Epigonichthys	TTA	L	F	0.0	0.79600146568	0.333333333333	0.040404040404	0.939393939394	0.447963800905	0.0316742081448	1351.0	0.371791547835	20.0	0.0	0.0
Epigonichthys	TTG	L	F	0.0	0.79600146568	0.1	0.0217391304348	0.95652173913	0.20814479638	0.0316742081448	1351.0	0.295479603087	22.0	0.0	0.0
Strigamia_maritima	CTT	L	F	1.0	0.972065561331	0.0909090909091	0.03125	0.875	0.151658767773	0.0189573459716	1351.0	0.117786561265	53.0	0.0	0.0
Strigamia_maritima	CTA	L	F	1.0	0.972065561331	0.1	0.0169491525424	0.949152542373	0.279620853081	0.0189573459716	1351.0	0.142731664471	52.0	0.0	0.0
Strigamia_maritima	TTA	L	F	1.0	0.972065561331	0.166666666667	0.0281690140845	0.957746478873	0.336492890995	0.0189573459716	1351.0	0.369005010737	20.0	0.0	0.0
Caenorhabditis	CTC	L	F	0.0	0.150673226025	1.0	1.0	0.0	0.00526315789474	0.0526315789474	1346.0	3.48717948718	55.0	0.0	0.085
Caenorhabditis	TTA	L	F	0.0	0.150673226025	0.333333333333	0.0661157024793	0.793388429752	0.636842105263	0.0526315789474	1346.0	0.303886175409	20.0	0.0	0.0
Caenorhabditis	TTG	L	F	0.0	0.150673226025	0.0909090909091	0.0294117647059	0.882352941176	0.178947368421	0.0526315789474	1346.0	0.254901960784	22.0	0.0	0.0
Homo	CTG	L	F	0.0	0.221075209778	0.142857142857	0.0625	0.9375	0.0730593607306	0.0319634703196	1351.0	0.543269230769	54.0	0.0	0.0
Homo	CTA	L	F	0.0	0.221075209778	0.0909090909091	0.0104166666667	0.989583333333	0.438356164384	0.0319634703196	1351.0	0.223673687017	52.0	0.0	0.0
Homo	CTC	L	F	0.0	0.221075209778	0.272727272727	0.0566037735849	0.924528301887	0.24200913242	0.0319634703196	1351.0	0.425409047161	55.0	0.0	0.0
Homo	TTA	L	F	0.0	0.221075209778	0.2	0.0714285714286	0.928571428571	0.127853881279	0.0319634703196	1351.0	0.495437956204	20.0	0.0	0.0
Ascidiella_aspersa	CTA	L	F	0.0	0.523444224548	0.125	0.047619047619	0.809523809524	0.116022099448	0.0276243093923	1350.0	0.380835380835	52.0	0.0	0.0
Ascidiella_aspersa	TTA	L	F	0.0	0.523444224548	0.2	0.0652173913043	0.804347826087	0.254143646409	0.0276243093923	1350.0	0.213968957871	20.0	0.0	0.0
Ascidiella_aspersa	TTG	L	F	0.0	0.523444224548	0.0909090909091	0.0166666666667	0.883333333333	0.331491712707	0.0276243093923	1350.0	0.134525329928	22.0	0.0	0.0
Blanceolatum	CTA	L	F	0.0	0.967348653289	0.125	0.037037037037	0.962962962963	0.17880794702	0.0331125827815	775.0	0.438661710037	52.0	0.0	0.025
Blanceolatum	TTA	L	F	0.0	0.967348653289	0.25	0.0454545454545	0.924242424242	0.437086092715	0.0331125827815	775.0	0.493129770992	20.0	0.0	0.019
Blanceolatum	TTG	L	F	0.0	0.967348653289	0.125	0.03125	0.9375	0.211920529801	0.0331125827815	775.0	0.254516889238	22.0	0.0	0.025
Saccoglossus	CTT	L	F	3.0	0.0699263795248	0.0909090909091	0.012987012987	0.935064935065	0.330472103004	0.0214592274678	1351.0	0.244708994709	53.0	0.0	0.055
Saccoglossus	CTG	L	F	3.0	0.0699263795248	0.2	0.166666666667	0.833333333333	0.0257510729614	0.0214592274678	1351.0	0.979166666667	54.0	0.0	0.061
Saccoglossus	CTA	L	F	3.0	0.0699263795248	0.1	0.0243902439024	0.951219512195	0.175965665236	0.0214592274678	1351.0	0.26433915212	52.0	0.0	0.06
Saccoglossus	CTC	L	F	3.0	0.0699263795248	0.2	0.0606060606061	0.909090909091	0.141630901288	0.0214592274678	1351.0	0.315910837817	55.0	0.0	0.06