### Random Forest prediction
genome	codon	ori_aa	rea_aa	fitch	Fisher pval	Gene frac	N. rea	N. used	Cod. count	Sub. count	G. len	codon_lik	id	prediction
Paracentrotus	GCA	A	L	0.0	0.85510175359	0.181818181818	0.0545454545455	0.709090909091	0.348101265823	0.0443037974684	1926.0	-0.869225302061	44.0	0.0
Paracentrotus	GCC	A	L	0.0	0.85510175359	0.272727272727	0.0576923076923	0.519230769231	0.329113924051	0.0443037974684	1926.0	-0.959637872501	47.0	0.0
Paracentrotus	GCT	A	L	0.0	0.85510175359	0.0833333333333	0.0263157894737	0.631578947368	0.240506329114	0.0443037974684	1926.0	-1.03211009174	45.0	0.0
Caenorhabditis	GCA	A	L	0.0	0.0864724283628	0.285714285714	0.115384615385	0.538461538462	0.292134831461	0.0898876404494	1865.0	-0.557949479941	44.0	0.0
Caenorhabditis	GCC	A	L	0.0	0.0864724283628	0.333333333333	0.25	0.375	0.0898876404494	0.0898876404494	1865.0	-0.649874055416	47.0	0.0
Caenorhabditis	GCT	A	L	0.0	0.0864724283628	0.2	0.0384615384615	0.519230769231	0.584269662921	0.0898876404494	1865.0	-1.11927981995	45.0	0.0
Caenorhabditis	GCG	A	L	0.0	0.0864724283628	0.333333333333	0.333333333333	0.333333333333	0.0337078651685	0.0898876404494	1865.0	0.132911392405	46.0	0.0
Schistosoma	GCA	A	L	0.0	0.924240950259	0.166666666667	0.111111111111	0.222222222222	0.160714285714	0.107142857143	1800.0	-1.13034188034	44.0	0.0
Schistosoma	GCC	A	L	0.0	0.924240950259	0.333333333333	0.333333333333	0.666666666667	0.0535714285714	0.107142857143	1800.0	0.25974025974	47.0	0.0
Schistosoma	GCT	A	L	0.0	0.924240950259	0.5	0.102564102564	0.384615384615	0.696428571429	0.107142857143	1800.0	-0.74328358209	45.0	0.0
Fasciola	GCT	A	L	1.0	0.907169199194	0.454545454545	0.0877192982456	0.315789473684	0.838235294118	0.0882352941176	1825.0	-1.06295149639	45.0	0.0
Fasciola	GCG	A	L	1.0	0.907169199194	0.25	0.166666666667	0.666666666667	0.0882352941176	0.0882352941176	1825.0	-0.612698412698	46.0	0.0
Dunaliella_salina	GCA	A	L	0.0	0.764000405384	0.166666666667	0.037037037037	0.62962962963	0.228813559322	0.0508474576271	1392.0	-1.16445993031	44.0	0.0
Dunaliella_salina	GCT	A	L	0.0	0.764000405384	0.571428571429	0.0649350649351	0.623376623377	0.652542372881	0.0508474576271	1392.0	-0.980983772819	45.0	0.0
Patiria	GCC	A	L	0.0	0.826530552354	0.0909090909091	0.0227272727273	0.75	0.31884057971	0.00724637681159	1926.0	-0.963355408389	47.0	0.0
Zea_mays_NB	GCG	A	L	0.0	0.0327102690805	0.25	0.125	0.75	0.0740740740741	0.00925925925926	1540.0	-0.784722222222	46.0	0.0
Pseudendoclonium_akinetum	GCA	A	L	0.0	0.0757629541295	0.166666666667	0.0652173913043	0.608695652174	0.31724137931	0.0206896551724	1930.0	-0.823152498932	44.0	0.0
Arabidopsis_thaliana	GCG	A	L	0.0	0.0346153726643	0.166666666667	0.0909090909091	0.727272727273	0.0833333333333	0.00757575757576	1780.0	-0.929203539823	46.0	0.0
Lumbricus	GCC	A	L	0.0	0.0932877409588	0.333333333333	0.0769230769231	0.589743589744	0.26	0.06	1920.0	-0.983408748115	47.0	0.0
Lumbricus	GCT	A	L	0.0	0.0932877409588	0.454545454545	0.103448275862	0.568965517241	0.386666666667	0.06	1920.0	-0.622514324233	45.0	0.0
Halocynthia	GCT	A	L	0.0	0.343679030614	0.333333333333	0.115384615385	0.615384615385	0.584269662921	0.0674157303371	1893.0	-0.63155922039	45.0	0.0
Limulus	GCA	A	L	0.0	0.378048721542	0.111111111111	0.0285714285714	0.771428571429	0.315315315315	0.00900900900901	1919.0	-1.13912075682	44.0	0.0
Bracteacoccus_aerius	GCA	A	L	0.0	0.801100601049	0.2	0.0545454545455	0.581818181818	0.323529411765	0.0529411764706	1789.0	-0.863238894718	44.0	0.0
Bracteacoccus_aerius	GCC	A	L	0.0	0.801100601049	0.111111111111	0.0434782608696	0.695652173913	0.135294117647	0.0529411764706	1789.0	-0.951383067896	47.0	0.0
Bracteacoccus_aerius	GCT	A	L	0.0	0.801100601049	0.363636363636	0.0727272727273	0.545454545455	0.323529411765	0.0529411764706	1789.0	-1.16327960757	45.0	0.0
Bracteacoccus_aerius	GCG	A	L	0.0	0.801100601049	0.1	0.027027027027	0.594594594595	0.217647058824	0.0529411764706	1789.0	-1.20831113479	46.0	0.0
Oryza_sativa_I2	GCG	A	L	0.0	0.0450819516484	0.2	0.0833333333333	0.833333333333	0.0967741935484	0.00806451612903	1693.0	-0.904220779221	46.0	0.0
Oryza_sativa_J2	GCG	A	L	0.0	0.0523809342962	0.2	0.0833333333333	0.833333333333	0.11214953271	0.00934579439252	1446.0	-0.904220779221	46.0	0.0
Pycnococcus_provasolii	GCG	A	L	0.0	0.0303870916288	0.2	0.0666666666667	0.666666666667	0.202702702703	0.0135135135135	1930.0	-0.694020356234	46.0	0.0
Polytoma_uvella	GCA	A	L	0.0	0.180694561044	0.2	0.142857142857	0.285714285714	0.0551181102362	0.0629921259843	1394.0	0.0896358543417	44.0	0.0
Polytoma_uvella	GCC	A	L	0.0	0.180694561044	0.285714285714	0.0357142857143	0.696428571429	0.44094488189	0.0629921259843	1394.0	-1.20741758242	47.0	0.0
Polytoma_uvella	GCT	A	L	0.0	0.180694561044	0.166666666667	0.0357142857143	0.535714285714	0.220472440945	0.0629921259843	1394.0	-1.33402489627	45.0	0.0
Polytoma_uvella	GCG	A	L	0.0	0.180694561044	0.428571428571	0.111111111111	0.638888888889	0.283464566929	0.0629921259843	1394.0	-0.756742179072	46.0	0.0
Axinella	GCT	A	L	0.0	0.820175376511	0.0909090909091	0.0217391304348	0.869565217391	0.351145038168	0.00763358778626	1924.0	-1.00551080967	45.0	0.0
Prototheca_wickerhamii	GCT	A	L	0.0	0.757692224035	0.0833333333333	0.013698630137	0.849315068493	0.506944444444	0.00694444444444	1924.0	-1.04445035933	45.0	0.0
Terebratulina	GCA	A	L	0.0	0.605622799975	0.444444444444	0.111111111111	0.583333333333	0.24	0.06	1915.0	-0.991812227074	44.0	0.0
Terebratulina	GCC	A	L	0.0	0.605622799975	0.25	0.0405405405405	0.513513513514	0.493333333333	0.06	1915.0	-0.944252720998	47.0	0.0
Terebratulina	GCT	A	L	0.0	0.605622799975	0.2	0.0625	0.6875	0.213333333333	0.06	1915.0	-0.954264524104	45.0	0.0
Chlorokybus_atmophyticus	GCT	A	L	0.0	0.792307620601	0.0909090909091	0.0181818181818	0.963636363636	0.407407407407	0.00740740740741	1930.0	-0.943954881918	45.0	0.0
Bfloridae	GCA	A	L	2.0	0.164124280814	0.125	0.0322580645161	0.58064516129	0.319587628866	0.020618556701	1192.0	-1.18130841121	44.0	0.0
Bfloridae	GCG	A	L	2.0	0.164124280814	0.166666666667	0.111111111111	0.666666666667	0.0927835051546	0.020618556701	1192.0	-0.521739130435	46.0	0.0
Katharina	GCC	A	L	0.0	0.0293069009269	0.333333333333	0.105263157895	0.526315789474	0.149606299213	0.0393700787402	1917.0	-0.902231668438	47.0	0.0
Katharina	GCT	A	L	0.0	0.0293069009269	0.0833333333333	0.0178571428571	0.75	0.44094488189	0.0393700787402	1917.0	-1.11848505907	45.0	0.0
Katharina	GCG	A	L	0.0	0.0293069009269	0.4	0.153846153846	0.538461538462	0.102362204724	0.0393700787402	1917.0	-1.01201201201	46.0	0.0
Geodia	GCA	A	L	0.0	0.143067837361	0.0909090909091	0.027027027027	0.594594594595	0.272058823529	0.0147058823529	1925.0	-1.13011542497	44.0	0.0
Geodia	GCC	A	L	0.0	0.143067837361	0.111111111111	0.0526315789474	0.736842105263	0.139705882353	0.0147058823529	1925.0	-0.739614994934	47.0	0.0
Metridium	GCT	A	L	0.0	0.145420867923	0.0833333333333	0.0161290322581	0.790322580645	0.433566433566	0.013986013986	1928.0	-1.07491233663	45.0	0.0
Metridium	GCG	A	L	0.0	0.145420867923	0.111111111111	0.0769230769231	0.692307692308	0.0909090909091	0.013986013986	1928.0	-0.850609756098	46.0	0.0
Chlamydomonas_reinhardtii	GCT	A	L	0.0	0.299438244561	1.0	0.0952380952381	0.654761904762	0.694214876033	0.0661157024793	1389.0	-0.751148897059	45.0	0.0
Acropora	GCC	A	L	0.0	0.341300866419	0.1	0.0357142857143	0.785714285714	0.205882352941	0.0147058823529	1926.0	-0.962570621469	47.0	0.0
Acropora	GCG	A	L	0.0	0.341300866419	0.0909090909091	0.0277777777778	0.805555555556	0.264705882353	0.0147058823529	1926.0	-0.856836461126	46.0	0.0
Brassica_rapa_oleifera	GCG	A	L	0.0	0.0318181708328	0.2	0.111111111111	0.666666666667	0.0803571428571	0.00892857142857	1553.0	-0.881606765328	46.0	0.0
Trichinella	GCA	A	L	0.0	0.243085332635	0.285714285714	0.0769230769231	0.461538461538	0.325	0.05	1883.0	-0.812075471698	44.0	0.0
Trichinella	GCC	A	L	0.0	0.243085332635	0.333333333333	0.142857142857	0.642857142857	0.175	0.05	1883.0	-0.86023054755	47.0	0.0
Bracteacoccus_minor	GCA	A	L	1.0	0.753090262964	0.181818181818	0.0862068965517	0.48275862069	0.3625	0.06875	1686.0	-0.915287888815	44.0	0.0
Bracteacoccus_minor	GCC	A	L	1.0	0.753090262964	0.142857142857	0.05	0.55	0.125	0.06875	1686.0	-1.16046966732	47.0	0.0
Bracteacoccus_minor	GCT	A	L	1.0	0.753090262964	0.272727272727	0.0483870967742	0.596774193548	0.3875	0.06875	1686.0	-1.06830176964	45.0	0.0
Bracteacoccus_minor	GCG	A	L	1.0	0.753090262964	0.25	0.1	0.55	0.125	0.06875	1686.0	-1.06822612086	46.0	0.0
Chromochloris_zofingiensis	GCA	A	L	2.0	0.462586583005	0.5	0.12	0.6	0.409836065574	0.0655737704918	1522.0	-0.682677165354	44.0	0.0
Chromochloris_zofingiensis	GCT	A	L	2.0	0.462586583005	0.181818181818	0.0357142857143	0.589285714286	0.459016393443	0.0655737704918	1522.0	-0.815137774677	45.0	0.0
Balanoglossus	GCA	A	L	0.0	0.595490190675	0.1	0.0227272727273	0.681818181818	0.28025477707	0.0509554140127	1926.0	-0.93963963964	44.0	0.0
Balanoglossus	GCC	A	L	0.0	0.595490190675	0.4	0.0769230769231	0.615384615385	0.414012738854	0.0509554140127	1926.0	-0.925275379577	47.0	0.0
Balanoglossus	GCT	A	L	0.0	0.595490190675	0.2	0.0540540540541	0.567567567568	0.235668789809	0.0509554140127	1926.0	-0.750394944708	45.0	0.0
Drosophila	GCT	A	L	0.0	0.619047487522	0.0909090909091	0.0113636363636	0.715909090909	0.785714285714	0.00892857142857	1919.0	-1.21323200715	45.0	0.0
Myxine	GCA	A	L	0.0	0.43761559342	0.222222222222	0.0606060606061	0.545454545455	0.272727272727	0.0495867768595	1919.0	-1.08328375967	44.0	0.0
Myxine	GCC	A	L	0.0	0.43761559342	0.181818181818	0.0555555555556	0.722222222222	0.297520661157	0.0495867768595	1919.0	-0.975054229935	47.0	0.0
Myxine	GCT	A	L	0.0	0.43761559342	0.1	0.0232558139535	0.697674418605	0.355371900826	0.0495867768595	1919.0	-0.995873452545	45.0	0.0
Myxine	GCG	A	L	0.0	0.43761559342	0.142857142857	0.111111111111	0.555555555556	0.0743801652893	0.0495867768595	1919.0	-0.0783898305085	46.0	0.0
Ciona	GCC	A	L	0.0	0.00339366476781	0.666666666667	0.5	0.25	0.0571428571429	0.0285714285714	1891.0	0.473933649289	47.0	0.0
Epigonichthys	GCA	A	L	0.0	0.674184548836	0.2	0.0454545454545	0.681818181818	0.31884057971	0.0289855072464	1918.0	-0.973495058401	44.0	0.0
Epigonichthys	GCT	A	L	0.0	0.674184548836	0.0833333333333	0.0425531914894	0.702127659574	0.340579710145	0.0289855072464	1918.0	-0.9079001228	45.0	0.0
Daphnia	GCA	A	L	0.0	0.209956626583	0.2	0.0714285714286	0.607142857143	0.212121212121	0.0227272727273	1916.0	-1.14765570329	44.0	0.0
Daphnia	GCC	A	L	0.0	0.209956626583	0.1	0.0243902439024	0.487804878049	0.310606060606	0.0227272727273	1916.0	-1.14739336493	47.0	0.0
Zea_mays_s	GCG	A	L	0.0	0.0315315206451	0.25	0.125	0.75	0.0714285714286	0.00892857142857	1605.0	-0.784722222222	46.0	0.0
Homo	GCA	A	L	0.0	0.792459503636	0.2	0.0512820512821	0.615384615385	0.276595744681	0.0354609929078	1920.0	-0.99746835443	44.0	0.0
Homo	GCC	A	L	0.0	0.792459503636	0.2	0.0277777777778	0.652777777778	0.510638297872	0.0354609929078	1920.0	-1.16579454696	47.0	0.0
Homo	GCT	A	L	0.0	0.792459503636	0.1	0.0416666666667	0.666666666667	0.170212765957	0.0354609929078	1920.0	-1.19412724307	45.0	0.0
Blanceolatum	GCA	A	L	2.0	0.552653500476	0.285714285714	0.0833333333333	0.583333333333	0.242424242424	0.030303030303	1187.0	-0.835627530364	44.0	0.0
Blanceolatum	GCT	A	L	2.0	0.552653500476	0.111111111111	0.0217391304348	0.521739130435	0.464646464646	0.030303030303	1187.0	-1.10561609388	45.0	0.0
Saccoglossus	GCA	A	L	0.0	0.335592873478	0.3	0.0740740740741	0.685185185185	0.352941176471	0.0522875816993	1924.0	-1.03829479769	44.0	0.0
Saccoglossus	GCT	A	L	0.0	0.335592873478	0.25	0.0606060606061	0.545454545455	0.43137254902	0.0522875816993	1924.0	-0.768331872626	45.0	0.0

### Alignment improvement:
