### Random Forest prediction
genome	codon	ori_aa	rea_aa	fitch	Fisher pval	Gene frac	N. rea	N. used	Cod. count	Sub. count	G. len	codon_lik	id	prediction
Paracentrotus	ACG	T	L	0.0	0.0349021637831	0.333333333333	0.25	0.5	0.0547945205479	0.027397260274	1784.0	-0.279661016949	14.0	0.0
Paracentrotus	ACT	T	L	0.0	0.0349021637831	0.125	0.0588235294118	0.882352941176	0.232876712329	0.027397260274	1784.0	-0.57433808554	13.0	0.0
Andalucia	ACT	T	L	0.0	0.782226511905	0.2	0.0526315789474	0.789473684211	0.76	0.04	1783.0	-0.937118437118	13.0	0.0
Seculomonas	ACA	T	L	0.0	0.494145155871	0.25	0.0689655172414	0.758620689655	0.397260273973	0.041095890411	1784.0	-0.908653846154	12.0	0.0
Seculomonas	ACT	T	L	0.0	0.494145155871	0.111111111111	0.025	0.875	0.547945205479	0.041095890411	1784.0	-0.844872918493	13.0	0.0
Schistosoma	ACA	T	L	0.0	0.403846133928	0.2	0.142857142857	0.428571428571	0.175	0.075	1688.0	-0.490196078431	12.0	0.0
Schistosoma	ACG	T	L	0.0	0.403846133928	0.333333333333	0.142857142857	0.571428571429	0.175	0.075	1688.0	-0.865	14.0	0.0
Schistosoma	ACT	T	L	0.0	0.403846133928	0.166666666667	0.0416666666667	0.583333333333	0.6	0.075	1688.0	-1.22946175637	13.0	0.0
Fasciola	ACC	T	L	0.0	0.339080432388	0.333333333333	0.25	0.5	0.0754716981132	0.0377358490566	1701.0	-0.0948275862069	15.0	0.0
Fasciola	ACT	T	L	0.0	0.339080432388	0.0909090909091	0.0243902439024	0.536585365854	0.77358490566	0.0377358490566	1701.0	-0.832355406538	13.0	0.0
Patiria	ACA	T	L	0.0	0.366123905916	0.2	0.0526315789474	0.842105263158	0.24358974359	0.025641025641	1784.0	-0.908256880734	12.0	0.0
Patiria	ACT	T	L	0.0	0.366123905916	0.142857142857	0.0526315789474	0.736842105263	0.24358974359	0.025641025641	1784.0	-0.693548387097	13.0	0.0
Lumbricus	ACA	T	L	0.0	0.0491607433487	0.2	0.0689655172414	0.724137931034	0.371794871795	0.0512820512821	1781.0	-0.720677146312	12.0	0.0
Lumbricus	ACG	T	L	0.0	0.0491607433487	0.5	0.5	0.0	0.025641025641	0.0512820512821	1781.0	-0.25	14.0	0.0
Lumbricus	ACT	T	L	0.0	0.0491607433487	0.111111111111	0.037037037037	0.740740740741	0.346153846154	0.0512820512821	1781.0	-0.978092783505	13.0	0.0
Limulus	ACT	T	L	0.0	0.33870963287	0.142857142857	0.0526315789474	0.789473684211	0.256756756757	0.0135135135135	1781.0	-0.78	13.0	0.0
Caenorhabditis	ACA	T	L	0.0	0.83260863786	0.111111111111	0.0212765957447	0.446808510638	0.505376344086	0.0322580645161	1755.0	-1.10646108664	12.0	0.0
Caenorhabditis	ACT	T	L	0.0	0.83260863786	0.25	0.0540540540541	0.540540540541	0.397849462366	0.0322580645161	1755.0	-0.96921641791	13.0	0.0
Axinella	ACA	T	L	0.0	0.797376682644	0.111111111111	0.0333333333333	0.9	0.405405405405	0.027027027027	1777.0	-0.806712962963	12.0	0.0
Axinella	ACT	T	L	0.0	0.797376682644	0.111111111111	0.0285714285714	0.885714285714	0.472972972973	0.027027027027	1777.0	-0.760437375746	13.0	0.0
Terebratulina	ACC	T	L	0.0	0.963623159507	0.444444444444	0.1	0.625	0.459770114943	0.103448275862	1783.0	-0.623150565709	15.0	0.0
Terebratulina	ACA	T	L	0.0	0.963623159507	0.333333333333	0.12	0.6	0.287356321839	0.103448275862	1783.0	-0.423988842399	12.0	0.0
Terebratulina	ACT	T	L	0.0	0.963623159507	0.222222222222	0.105263157895	0.736842105263	0.218390804598	0.103448275862	1783.0	-0.726605504587	13.0	0.0
Jbahamiensis	ACA	T	L	0.0	0.524590126871	0.222222222222	0.0588235294118	0.794117647059	0.485714285714	0.0285714285714	1784.0	-0.723711340206	12.0	0.0
Bfloridae	ACA	T	L	1.0	0.793103427538	0.166666666667	0.0769230769231	0.846153846154	0.382352941176	0.117647058824	1085.0	-0.591623036649	12.0	0.0
Bfloridae	ACG	T	L	1.0	0.793103427538	0.25	0.125	0.75	0.235294117647	0.117647058824	1085.0	-0.68776371308	14.0	0.0
Bfloridae	ACT	T	L	1.0	0.793103427538	0.25	0.2	0.8	0.294117647059	0.117647058824	1085.0	-0.226666666667	13.0	0.0
Katharina	ACA	T	L	0.0	0.26183515323	0.25	0.0909090909091	0.727272727273	0.285714285714	0.038961038961	1781.0	-0.626582278481	12.0	0.0
Katharina	ACT	T	L	0.0	0.26183515323	0.1	0.0208333333333	0.770833333333	0.623376623377	0.038961038961	1781.0	-1.01673944687	13.0	0.0
Geodia	ACA	T	L	0.0	0.0758928494363	0.125	0.05	0.85	0.289855072464	0.0289855072464	1780.0	-0.651488616462	12.0	0.0
Geodia	ACG	T	L	0.0	0.0758928494363	0.25	0.2	0.8	0.0724637681159	0.0289855072464	1780.0	0.0344827586207	14.0	0.0
Trichinella	ACC	T	L	0.0	0.385381584076	0.2	0.0588235294118	0.647058823529	0.166666666667	0.127450980392	1759.0	-0.900203665988	15.0	0.0
Trichinella	ACA	T	L	0.0	0.385381584076	0.75	0.135593220339	0.457627118644	0.578431372549	0.127450980392	1759.0	-0.292335115865	12.0	0.0
Trichinella	ACG	T	L	0.0	0.385381584076	0.333333333333	0.2	0.2	0.0490196078431	0.127450980392	1759.0	-0.724832214765	14.0	0.0
Trichinella	ACT	T	L	0.0	0.385381584076	0.333333333333	0.142857142857	0.380952380952	0.205882352941	0.127450980392	1759.0	-0.428802588997	13.0	0.0
Balanoglossus	ACC	T	L	0.0	0.511441137968	0.222222222222	0.0625	0.71875	0.385542168675	0.0481927710843	1784.0	-0.540106951872	15.0	0.0
Balanoglossus	ACA	T	L	0.0	0.511441137968	0.2	0.0909090909091	0.772727272727	0.265060240964	0.0481927710843	1784.0	-0.515772870662	12.0	0.0
Reclinomonas	ACA	T	L	0.0	0.349718313032	0.25	0.0416666666667	0.791666666667	0.666666666667	0.0277777777778	1784.0	-0.820029027576	12.0	0.0
Drosophila	ACA	T	L	0.0	0.269841193118	0.125	0.0322580645161	0.870967741935	0.424657534247	0.013698630137	1783.0	-0.793952967525	12.0	0.0
Jlibera	ACC	T	L	0.0	0.444331722527	0.142857142857	0.125	0.75	0.111111111111	0.0416666666667	1784.0	-0.510822510823	15.0	0.0
Jlibera	ACT	T	L	0.0	0.444331722527	0.1	0.0363636363636	0.818181818182	0.763888888889	0.0416666666667	1784.0	-0.909436352122	13.0	0.0
Myxine	ACC	T	L	0.0	0.659439412233	0.142857142857	0.0416666666667	0.708333333333	0.275862068966	0.0229885057471	1783.0	-0.572453371593	15.0	0.0
Myxine	ACA	T	L	0.0	0.659439412233	0.1	0.0285714285714	0.628571428571	0.402298850575	0.0229885057471	1783.0	-0.97609561753	12.0	0.0
Ciona	ACA	T	L	0.0	0.599999968434	0.285714285714	0.0909090909091	0.681818181818	0.293333333333	0.04	1767.0	-0.702830188679	12.0	0.0
Ciona	ACT	T	L	0.0	0.599999968434	0.0909090909091	0.0222222222222	0.6	0.6	0.04	1767.0	-1.18822618125	13.0	0.0
Epigonichthys	ACC	T	L	0.0	0.963876309552	0.166666666667	0.0714285714286	0.857142857143	0.168674698795	0.0602409638554	1783.0	-0.7625	15.0	0.0
Epigonichthys	ACA	T	L	0.0	0.963876309552	0.111111111111	0.0357142857143	0.75	0.33734939759	0.0602409638554	1783.0	-0.929889298893	12.0	0.0
Epigonichthys	ACG	T	L	0.0	0.963876309552	0.125	0.0666666666667	0.8	0.180722891566	0.0602409638554	1783.0	-0.538461538462	14.0	0.0
Epigonichthys	ACT	T	L	0.0	0.963876309552	0.2	0.0769230769231	0.807692307692	0.313253012048	0.0602409638554	1783.0	-0.572580645161	13.0	0.0
Daphnia	ACA	T	L	0.0	0.633896534908	0.142857142857	0.0555555555556	0.777777777778	0.227848101266	0.0253164556962	1783.0	-0.787937743191	12.0	0.0
Daphnia	ACT	T	L	0.0	0.633896534908	0.1	0.0285714285714	0.714285714286	0.443037974684	0.0253164556962	1783.0	-0.938185443669	13.0	0.0
Homo	ACC	T	L	0.0	0.209836055866	0.2	0.0789473684211	0.552631578947	0.431818181818	0.0340909090909	1782.0	-0.680831826401	15.0	0.0
Blanceolatum	ACG	T	L	0.0	0.401477822308	0.2	0.166666666667	0.833333333333	0.181818181818	0.0909090909091	1083.0	-0.394444444444	14.0	0.0
Blanceolatum	ACT	T	L	0.0	0.401477822308	0.4	0.2	0.7	0.30303030303	0.0909090909091	1083.0	-0.0671140939597	13.0	0.0
Saccoglossus	ACC	T	L	0.0	0.933951128468	0.111111111111	0.0625	0.8125	0.188235294118	0.0588235294118	1784.0	-0.779443254818	15.0	0.0
Saccoglossus	ACA	T	L	0.0	0.933951128468	0.222222222222	0.0588235294118	0.764705882353	0.4	0.0588235294118	1784.0	-0.598979591837	12.0	0.0
Saccoglossus	ACT	T	L	0.0	0.933951128468	0.25	0.0625	0.75	0.376470588235	0.0588235294118	1784.0	-0.727272727273	13.0	0.0

### Alignment improvement:
