### Random Forest prediction
genome	codon	ori_aa	rea_aa	fitch	Fisher pval	Gene frac	N. rea	N. used	Cod. count	Sub. count	G. len	codon_lik	id	prediction	probability
Paracentrotus	CTT	L	I	0.0	0.92029851973	0.2	0.037037037037	0.925925925926	0.216	0.016	979.0	2.06504065041	53.0	0.0	0.009
Paracentrotus	CTA	L	I	0.0	0.92029851973	0.166666666667	0.0212765957447	0.957446808511	0.376	0.016	979.0	1.91261261261	52.0	0.0	0.005
Schistosoma	CTG	L	I	0.0	0.288435560676	1.0	0.333333333333	0.333333333333	0.025641025641	0.0854700854701	842.0	1.18666666667	54.0	0.0	0.114
Schistosoma	CTA	L	I	0.0	0.288435560676	0.333333333333	0.166666666667	0.5	0.0512820512821	0.0854700854701	842.0	2.25352112676	52.0	0.0	0.029
Schistosoma	TTA	L	I	0.0	0.288435560676	0.8	0.106060606061	0.530303030303	0.564102564103	0.0854700854701	842.0	1.33440721649	20.0	0.0	0.017
Schistosoma	TTG	L	I	0.0	0.288435560676	0.25	0.0344827586207	0.551724137931	0.247863247863	0.0854700854701	842.0	1.26207906296	22.0	0.0	0.016
Fasciola	CTT	L	I	0.0	0.890856619146	0.25	0.0714285714286	0.571428571429	0.120689655172	0.0862068965517	878.0	1.07951070336	53.0	0.0	0.006
Fasciola	TTA	L	I	0.0	0.890856619146	0.2	0.05	0.8	0.172413793103	0.0862068965517	878.0	1.73233404711	20.0	0.0	0.005
Fasciola	TTG	L	I	0.0	0.890856619146	0.8	0.105263157895	0.618421052632	0.655172413793	0.0862068965517	878.0	1.54042081949	22.0	0.0	0.009
Patiria	CTT	L	I	0.0	0.15510933452	0.2	0.0357142857143	0.964285714286	0.215384615385	0.0307692307692	979.0	2.0320610687	53.0	0.0	0.051
Patiria	CTG	L	I	0.0	0.15510933452	0.333333333333	0.25	0.75	0.0307692307692	0.0307692307692	979.0	2.31868131868	54.0	0.0	0.066
Patiria	CTA	L	I	0.0	0.15510933452	0.166666666667	0.02	0.96	0.384615384615	0.0307692307692	979.0	1.95119863014	52.0	0.0	0.047
Patiria	CTC	L	I	0.0	0.15510933452	0.2	0.0625	0.9375	0.123076923077	0.0307692307692	979.0	1.91292875989	55.0	0.0	0.051
Lumbricus	CTG	L	I	0.0	0.102269942221	0.333333333333	0.2	0.8	0.0390625	0.0546875	977.0	2.33613445378	54.0	0.0	0.06
Lumbricus	CTA	L	I	0.0	0.102269942221	0.5	0.0681818181818	0.931818181818	0.34375	0.0546875	977.0	2.02721088435	52.0	0.0	0.051
Lumbricus	TTA	L	I	0.0	0.102269942221	0.4	0.0625	0.875	0.25	0.0546875	977.0	1.77956989247	20.0	0.0	0.043
Lumbricus	TTG	L	I	0.0	0.102269942221	0.5	0.333333333333	0.666666666667	0.0234375	0.0546875	977.0	2.39436619718	22.0	0.0	0.07
Halocynthia	CTT	L	I	0.0	0.018447194192	0.25	0.111111111111	0.444444444444	0.0762711864407	0.0423728813559	963.0	1.14634146341	53.0	0.0	0.148
Halocynthia	TTA	L	I	0.0	0.018447194192	0.2	0.015625	0.84375	0.542372881356	0.0423728813559	963.0	1.63861055444	20.0	0.0	0.136
Halocynthia	TTG	L	I	0.0	0.018447194192	0.4	0.05	0.925	0.338983050847	0.0423728813559	963.0	2.06737967914	22.0	0.0	0.136
Halocynthia	CTC	L	I	0.0	0.018447194192	1.0	1.0	0.0	0.00847457627119	0.0423728813559	963.0	3.04	55.0	0.0	0.243
Limulus	CTA	L	I	0.0	0.343137239187	0.2	0.037037037037	0.925925925926	0.219512195122	0.0162601626016	979.0	1.90129449838	52.0	0.0	0.009
Limulus	CTC	L	I	0.0	0.343137239187	0.2	0.04	0.96	0.20325203252	0.0162601626016	979.0	2.08858603066	55.0	0.0	0.009
Caenorhabditis	CTT	L	I	0.0	0.125346885088	0.5	0.166666666667	0.666666666667	0.0909090909091	0.0606060606061	959.0	1.625	53.0	0.0	0.055
Caenorhabditis	TTA	L	I	0.0	0.125346885088	0.6	0.0561797752809	0.741573033708	0.674242424242	0.0606060606061	959.0	1.6028128031	20.0	0.0	0.051
Caenorhabditis	CTA	L	I	0.0	0.125346885088	0.25	0.142857142857	0.428571428571	0.0530303030303	0.0606060606061	959.0	1.09937888199	52.0	0.0	0.055
Axinella	TTA	L	I	0.0	0.530434752794	0.166666666667	0.0133333333333	0.946666666667	0.614754098361	0.016393442623	977.0	1.88342857143	20.0	0.0	0.005
Axinella	TTG	L	I	0.0	0.530434752794	0.2	0.0588235294118	0.882352941176	0.139344262295	0.016393442623	977.0	1.93781094527	22.0	0.0	0.009
Terebratulina	TTA	L	I	0.0	0.00275144321442	0.5	0.214285714286	0.714285714286	0.110236220472	0.0314960629921	977.0	1.93693693694	20.0	0.0	0.184
Terebratulina	CTC	L	I	0.0	0.00275144321442	0.2	0.0416666666667	0.958333333333	0.188976377953	0.0314960629921	977.0	1.90827338129	55.0	0.0	0.153
Bfloridae	CTA	L	I	0.0	0.348174507811	1.0	0.25	0.75	0.137931034483	0.0689655172414	321.0	2.08808290155	52.0	0.0	0.068
Bfloridae	TTA	L	I	0.0	0.348174507811	0.333333333333	0.04	0.96	0.431034482759	0.0689655172414	321.0	1.97185430464	20.0	0.0	0.005
Bfloridae	TTG	L	I	0.0	0.348174507811	0.5	0.0769230769231	0.923076923077	0.224137931034	0.0689655172414	321.0	2.10591900312	22.0	0.0	0.019
Katharina	TTA	L	I	0.0	0.933631923757	0.5	0.0434782608696	0.95652173913	0.556451612903	0.0322580645161	976.0	2.00313479624	20.0	0.0	0.013
Katharina	TTG	L	I	0.0	0.933631923757	0.2	0.0416666666667	0.916666666667	0.193548387097	0.0322580645161	976.0	2.13138686131	22.0	0.0	0.009
Geodia	CTT	L	I	0.0	0.211570083876	0.25	0.0909090909091	0.727272727273	0.0873015873016	0.0396825396825	979.0	1.98850574713	53.0	0.0	0.011
Geodia	TTA	L	I	0.0	0.211570083876	0.333333333333	0.025	0.9375	0.634920634921	0.0396825396825	979.0	1.92735042735	20.0	0.0	0.007
Geodia	TTG	L	I	0.0	0.211570083876	0.4	0.125	0.8125	0.126984126984	0.0396825396825	979.0	2.06100795756	22.0	0.0	0.011
Metridium	CTT	L	I	0.0	0.0324627020832	0.25	0.133333333333	0.8	0.11811023622	0.0393700787402	979.0	2.04178272981	53.0	0.0	0.14
Metridium	TTA	L	I	0.0	0.0324627020832	0.2	0.0125	0.9875	0.629921259843	0.0393700787402	979.0	2.00428265525	20.0	0.0	0.136
Metridium	CTA	L	I	0.0	0.0324627020832	0.166666666667	0.0833333333333	0.916666666667	0.0944881889764	0.0393700787402	979.0	1.98161764706	52.0	0.0	0.14
Metridium	CTC	L	I	0.0	0.0324627020832	0.25	0.142857142857	0.714285714286	0.0551181102362	0.0393700787402	979.0	1.95652173913	55.0	0.0	0.14
Acropora	CTT	L	I	0.0	0.403098260354	0.333333333333	0.0833333333333	0.916666666667	0.0952380952381	0.031746031746	978.0	2.2206405694	53.0	0.0	0.009
Acropora	TTA	L	I	0.0	0.403098260354	0.333333333333	0.0588235294118	0.921568627451	0.404761904762	0.031746031746	978.0	2.03193277311	20.0	0.0	0.005
Trichinella	CTT	L	I	0.0	0.13753281074	0.25	0.111111111111	0.444444444444	0.0789473684211	0.0877192982456	866.0	0.81220657277	53.0	0.0	0.055
Trichinella	TTA	L	I	0.0	0.13753281074	0.8	0.108108108108	0.756756756757	0.324561403509	0.0877192982456	866.0	1.74482758621	20.0	0.0	0.051
Trichinella	TTG	L	I	0.0	0.13753281074	1.0	1.0	0.0	0.00877192982456	0.0877192982456	866.0	3.85714285714	22.0	0.0	0.108
Trichinella	CTA	L	I	0.0	0.13753281074	0.5	0.078431372549	0.725490196078	0.447368421053	0.0877192982456	866.0	1.74074074074	52.0	0.0	0.051
Balanoglossus	CTA	L	I	0.0	0.118718597664	0.5	0.0769230769231	0.871794871795	0.274647887324	0.0352112676056	978.0	1.97563676633	52.0	0.0	0.055
Balanoglossus	CTC	L	I	0.0	0.118718597664	0.2	0.0222222222222	0.977777777778	0.316901408451	0.0352112676056	978.0	1.99056603774	55.0	0.0	0.047
Balanoglossus	TTG	L	I	0.0	0.118718597664	0.5	0.25	0.75	0.0281690140845	0.0352112676056	978.0	1.95918367347	22.0	0.0	0.076
Drosophila	TTA	L	I	0.0	0.346258968002	0.4	0.0181818181818	0.972727272727	0.833333333333	0.0227272727273	979.0	1.91964285714	20.0	0.0	0.005
Drosophila	CTA	L	I	0.0	0.346258968002	0.25	0.1	0.9	0.0757575757576	0.0227272727273	979.0	2.08225108225	52.0	0.0	0.009
Myxine	CTA	L	I	0.0	0.0301381944008	0.4	0.137931034483	0.724137931034	0.237704918033	0.0327868852459	979.0	1.94428152493	52.0	0.0	0.14
Ciona	CTT	L	I	1.0	0.495524117539	0.2	0.0769230769231	0.769230769231	0.107438016529	0.0495867768595	958.0	1.52427184466	53.0	0.0	0.005
Ciona	CTA	L	I	1.0	0.495524117539	0.25	0.111111111111	0.666666666667	0.0743801652893	0.0495867768595	958.0	1.70616113744	52.0	0.0	0.005
Ciona	TTA	L	I	1.0	0.495524117539	0.166666666667	0.04	0.853333333333	0.619834710744	0.0495867768595	958.0	1.76209677419	20.0	0.0	0.001
Ciona	TTG	L	I	1.0	0.495524117539	0.2	0.0588235294118	0.705882352941	0.140495867769	0.0495867768595	958.0	1.62972292191	22.0	0.0	0.005
Saccoglossus	CTT	L	I	0.0	0.910245242751	0.2	0.0232558139535	0.953488372093	0.309352517986	0.0287769784173	978.0	1.95698924731	53.0	0.0	0.005
Saccoglossus	CTA	L	I	0.0	0.910245242751	0.166666666667	0.0416666666667	0.958333333333	0.172661870504	0.0287769784173	978.0	1.96557971014	52.0	0.0	0.009
Saccoglossus	TTA	L	I	0.0	0.910245242751	0.5	0.047619047619	0.928571428571	0.302158273381	0.0287769784173	978.0	1.96512820513	20.0	0.0	0.013
Daphnia	TTA	L	I	0.0	0.638931285647	0.4	0.0571428571429	0.942857142857	0.267175572519	0.0152671755725	979.0	2.06471306471	20.0	0.0	0.005
Homo	CTA	L	I	0.0	0.757936424363	0.166666666667	0.0161290322581	0.967741935484	0.484375	0.0078125	978.0	1.93693693694	52.0	0.0	0.005
Blanceolatum	CTA	L	I	0.0	0.801153955686	0.5	0.0833333333333	0.916666666667	0.203389830508	0.0677966101695	321.0	1.9593220339	52.0	0.0	0.019
Blanceolatum	TTA	L	I	0.0	0.801153955686	0.666666666667	0.12	0.88	0.423728813559	0.0677966101695	321.0	2.02823920266	20.0	0.0	0.014
Epigonichthys	CTG	L	I	0.0	0.74317749625	0.2	0.0714285714286	0.928571428571	0.102941176471	0.0294117647059	978.0	2.15757575758	54.0	0.0	0.009
Epigonichthys	CTA	L	I	0.0	0.74317749625	0.2	0.0434782608696	0.869565217391	0.169117647059	0.0294117647059	978.0	1.94434137291	52.0	0.0	0.009
Epigonichthys	TTA	L	I	0.0	0.74317749625	0.166666666667	0.03125	0.9375	0.470588235294	0.0294117647059	978.0	1.83970489604	20.0	0.0	0.005