### Random Forest prediction
genome	codon	ori_aa	rea_aa	fitch	Fisher_pval	Gene_frac	N._rea	N._used	Cod._count	Sub._count	G._len	codon_lik	id	prediction	probability	clad_valid	trans_valid
LmeyeA	CTT	L	T	0.0	5.68611710963e-06	0.666666666667	0.666666666667	0.333333333333	0.0146341463415	0.0146341463415	1429.0	2.38019169329	53.0	1.0	0.681	1	0
LmeyeA	CTA	L	T	0.0	5.68611710963e-06	0.333333333333	0.166666666667	0.0	0.0292682926829	0.0146341463415	1429.0	0.502423263328	52.0	0.0	0.256	0	1
SpombA	TTA	L	T	0.0	0.616197050589	0.142857142857	0.00636942675159	0.687898089172	0.785	0.005	1424.0	-0.974676558955	20.0	0.0	0.0	0	0
WmucoA	TTA	L	T	0.0	0.586376305676	0.153846153846	0.00651465798046	0.912052117264	0.900293255132	0.0058651026393	2246.0	-0.955398127733	20.0	0.0	0.0	0	0
AacerA	CTA	L	T	0.0	0.00769230769231	0.5	0.0625	0.0	0.179775280899	0.0112359550562	630.0	0.035734870317	52.0	0.0	0.334	0	1
CgallA	TTA	L	T	0.0	0.551020253151	0.0769230769231	0.00320512820513	0.842948717949	0.901734104046	0.0028901734104	2247.0	-0.974925884916	20.0	0.0	0.0	0	0
CsantA	CTA	L	T	0.0	0.45076193151	0.307692307692	0.020942408377	0.795811518325	0.595015576324	0.01246105919	2220.0	-0.881007511154	52.0	0.0	0.0	0	1
OanguA	TTA	L	T	0.0	0.564144586361	0.0769230769231	0.00326797385621	0.862745098039	0.869318181818	0.00284090909091	2248.0	-0.958853757762	20.0	0.0	0.0	0	0
SarboA	CTA	L	T	0.0	2.82043418889e-10	0.6	0.545454545455	0.181818181818	0.0528846153846	0.0288461538462	1429.0	2.13171577123	52.0	1.0	0.995	1	1
KtherA	CTT	L	T	0.0	7.09430542749e-06	0.666666666667	0.666666666667	0.333333333333	0.0144927536232	0.0144927536232	1429.0	2.38019169329	53.0	1.0	0.673	1	0
KtherA	CTA	L	T	0.0	7.09430542749e-06	0.333333333333	0.2	0.0	0.024154589372	0.0144927536232	1429.0	0.611218568665	52.0	0.0	0.274	0	1
CnorvA	TTA	L	T	0.0	0.657515428017	0.0769230769231	0.00579710144928	0.924637681159	1.0	0.00579710144928	2249.0	-0.959543334941	20.0	0.0	0.0	0	0
MstarA	TTA	L	T	0.0	0.486325394004	0.153846153846	0.00600600600601	0.855855855856	0.988130563798	0.00593471810089	2249.0	-0.948482214496	20.0	0.0	0.0	0	0
NbaciA	CTT	L	T	0.0	1.1911215619e-11	0.5	0.5	0.0	0.0102040816327	0.030612244898	1428.0	2.16431924883	53.0	1.0	0.96	1	0
NbaciA	CTA	L	T	0.0	1.1911215619e-11	0.5	0.625	0.0	0.0408163265306	0.030612244898	1428.0	2.66666666667	52.0	1.0	0.997	1	1
CbohiA	CTT	L	T	0.0	0.0636414969175	0.142857142857	0.0769230769231	0.846153846154	0.0361111111111	0.00555555555556	2250.0	-0.665865384615	53.0	0.0	0.0	0	0
CbohiA	TTA	L	T	0.0	0.0636414969175	0.0769230769231	0.00293255131965	0.950146627566	0.947222222222	0.00555555555556	2250.0	-0.975724838111	20.0	0.0	0.0	0	0
CcastA	CTA	L	T	0.0	2.3465328254e-14	0.8	0.666666666667	0.0	0.0603015075377	0.0402010050251	1428.0	2.61724415794	52.0	1.0	0.998	1	1
LanspB	CTT	L	T	0.0	2.6425865934e-07	0.666666666667	0.666666666667	0.333333333333	0.0145631067961	0.0194174757282	1429.0	2.38019169329	53.0	1.0	0.83	1	0
LanspB	CTA	L	T	0.0	2.6425865934e-07	0.666666666667	0.285714285714	0.0	0.0339805825243	0.0194174757282	1429.0	1.109739369	52.0	1.0	0.925	1	1
CphanA	TTA	L	T	0.0	0.522033733285	0.0769230769231	0.003003003003	0.843843843844	0.956896551724	0.00287356321839	2247.0	-0.974437798643	20.0	0.0	0.0	0	0
LanspA	CTT	L	T	0.0	5.22175125671e-07	1.0	0.666666666667	0.333333333333	0.0140845070423	0.018779342723	1429.0	2.5125	53.0	1.0	0.83	1	0
LanspA	CTA	L	T	0.0	5.22175125671e-07	0.5	0.285714285714	0.142857142857	0.0328638497653	0.018779342723	1429.0	0.830136986301	52.0	1.0	0.917	1	1
CglabA	CTA	L	T	0.0	9.20810313076e-05	0.5	0.5	0.25	0.0203045685279	0.010152284264	1413.0	1.83855421687	52.0	0.0	0.485	0	1
ScryoA	TTA	L	T	0.0	0.666666551582	0.142857142857	0.00735294117647	0.713235294118	0.666666666667	0.00490196078431	1424.0	-0.95520907158	20.0	0.0	0.0	0	0
CsakeA	TTA	L	T	0.0	0.513636195718	0.0833333333333	0.00296735905045	0.949554896142	0.973988439306	0.0028901734104	2207.0	-0.957563245511	20.0	0.0	0.0	0	0
HuvarA	CTT	L	T	0.0	7.08639503851e-16	1.0	0.2	0.2	0.048309178744	0.0917874396135	1361.0	0.109744560076	53.0	1.0	0.585	1	0
HuvarA	CTG	L	T	0.0	7.08639503851e-16	0.5	0.333333333333	0.0	0.0144927536232	0.0917874396135	1361.0	1.53797468354	54.0	1.0	0.961	1	0
HuvarA	CTA	L	T	0.0	7.08639503851e-16	0.833333333333	0.565217391304	0.0434782608696	0.111111111111	0.0917874396135	1361.0	2.27420701169	52.0	1.0	1.0	1	1
HuvarA	TTA	L	T	0.0	7.08639503851e-16	0.333333333333	0.0180722891566	0.734939759036	0.80193236715	0.0917874396135	1361.0	-0.868773835664	20.0	0.0	0.045	0	0
CzempA	TTA	L	T	0.0	0.513745042846	0.285714285714	0.0103626943005	0.730569948187	0.984693877551	0.0102040816327	1428.0	-0.932484203194	20.0	0.0	0.0	0	0
PpastA	TTA	L	T	0.0	0.506493336108	0.0769230769231	0.00294985250737	0.893805309735	0.985465116279	0.00290697674419	2248.0	-0.963063851866	20.0	0.0	0.0	0	0
SjapoA	CTT	L	T	0.0	0.165065445255	0.2	0.025	0.65	0.189573459716	0.0189573459716	1423.0	-0.762658987281	53.0	0.0	0.0	0	0
SjapoA	TTA	L	T	0.0	0.165065445255	0.285714285714	0.0130718954248	0.647058823529	0.725118483412	0.0189573459716	1423.0	-0.891023226616	20.0	0.0	0.0	0	0
SjapoA	CTA	L	T	0.0	0.165065445255	0.2	0.0666666666667	0.733333333333	0.0710900473934	0.0189573459716	1423.0	-0.66625	52.0	0.0	0.0	0	1
CalbiE	TTA	L	T	0.0	0.620786385929	0.142857142857	0.00714285714286	0.957142857143	0.765027322404	0.00546448087432	1183.0	-0.958609151088	20.0	0.0	0.0	0	0
CalbiD	TTA	L	T	0.0	0.642857019552	0.0833333333333	0.00423728813559	0.970338983051	0.717325227964	0.00303951367781	2058.0	-0.975116566752	20.0	0.0	0.0	0	0
CalbiC	TTA	L	T	0.0	0.639830384125	0.0769230769231	0.00381679389313	0.969465648855	0.721763085399	0.00275482093664	2250.0	-0.971418921771	20.0	0.0	0.0	0	0
CalbiB	TTA	L	T	0.0	0.639830384125	0.0769230769231	0.00381679389313	0.969465648855	0.721763085399	0.00275482093664	2250.0	-0.971418921771	20.0	0.0	0.0	0	0
CalbiA	TTA	L	T	0.0	0.644409815119	0.0833333333333	0.00425531914894	0.970212765957	0.714285714286	0.00303951367781	2058.0	-0.974889217134	20.0	0.0	0.0	0	0
MmagnB	CTT	L	T	0.0	0.185505565836	0.0769230769231	0.00884955752212	0.858407079646	0.338323353293	0.0059880239521	2249.0	-0.940019474197	53.0	0.0	0.0	0	0
MmagnB	TTA	L	T	0.0	0.185505565836	0.142857142857	0.0357142857143	0.75	0.0838323353293	0.0059880239521	2249.0	-0.748603351955	20.0	0.0	0.0	0	0
MmagnA	CTT	L	T	0.0	0.185529596117	0.0769230769231	0.00869565217391	0.860869565217	0.344311377246	0.0059880239521	2249.0	-0.941052631579	53.0	0.0	0.0	0	0
MmagnA	TTA	L	T	0.0	0.185529596117	0.142857142857	0.0416666666667	0.75	0.0718562874251	0.0059880239521	2249.0	-0.702415063447	20.0	0.0	0.0	0	0
CcoryA	TTA	L	T	0.0	0.843988663064	0.230769230769	0.0119521912351	0.924302788845	0.678378378378	0.00810810810811	2250.0	-0.922290852939	20.0	0.0	0.0	0	0
MtetrA	CTT	L	T	0.0	0.0424209910327	0.0769230769231	0.0133333333333	0.813333333333	0.223214285714	0.00595238095238	2248.0	-0.912226129294	53.0	0.0	0.0	0	0
MtetrA	TTA	L	T	0.0	0.0424209910327	0.142857142857	0.0909090909091	0.818181818182	0.0327380952381	0.00595238095238	2248.0	-0.494796594134	20.0	0.0	0.0	0	0
CsuavA	CTT	L	T	0.0	0.0443485689564	0.166666666667	0.142857142857	0.857142857143	0.0214067278287	0.00611620795107	2250.0	-0.426403641882	53.0	0.0	0.001	0	0
CsuavA	TTA	L	T	0.0	0.0443485689564	0.0769230769231	0.00327868852459	0.927868852459	0.932721712538	0.00611620795107	2250.0	-0.9680920575	20.0	0.0	0.0	0	0
PkluyA	TTA	L	T	0.0	0.518707316825	0.0769230769231	0.00308641975309	0.87037037037	0.964285714286	0.00297619047619	2247.0	-0.970031545741	20.0	0.0	0.0	0	0
PcanaA	TTA	L	T	0.0	0.525513981709	0.153846153846	0.00621118012422	0.931677018634	0.969879518072	0.00602409638554	2250.0	-0.958935361217	20.0	0.0	0.0	0	0
YlipoB	TTA	L	T	0.0	0.545918210573	0.0769230769231	0.00315457413249	0.839116719243	0.916184971098	0.0028901734104	2247.0	-0.972695767844	20.0	0.0	0.0	0	0
YlipoA	TTA	L	T	0.0	0.545918210573	0.0769230769231	0.00315457413249	0.839116719243	0.916184971098	0.0028901734104	2247.0	-0.972695767844	20.0	0.0	0.0	0	0
CjadiA	TTA	L	T	0.0	0.509803540853	0.0769230769231	0.00621118012422	0.931677018634	0.990769230769	0.00615384615385	2250.0	-0.955286222953	20.0	0.0	0.0	0	0
AgossB	CTA	L	T	2.0	0.0142857113264	0.2	0.0416666666667	0.0833333333333	0.104347826087	0.00434782608696	1427.0	-0.109448818898	52.0	0.0	0.0	0	1
NdelpA	CTA	L	T	0.0	6.1831120278e-08	0.4	0.571428571429	0.142857142857	0.0353535353535	0.020202020202	1412.0	2.27385892116	52.0	1.0	0.994	1	1
CalimA	TTA	L	T	0.0	0.53061208284	0.0769230769231	0.00308641975309	0.848765432099	0.936416184971	0.0028901734104	2247.0	-0.97479542865	20.0	0.0	0.0	0	0
CchauA	TTA	L	T	0.0	0.693515852969	0.153846153846	0.00694444444444	0.934027777778	0.77628032345	0.00539083557951	2250.0	-0.961687907989	20.0	0.0	0.0	0	0
BcaliA	TTA	L	T	0.0	0.495356037152	0.153846153846	0.00867052023121	0.921965317919	0.99711815562	0.00864553314121	2250.0	-0.94604177411	20.0	0.0	0.0	0	0
SoctoA	TTA	L	T	0.0	0.610344693056	0.142857142857	0.0062893081761	0.704402515723	0.787128712871	0.0049504950495	1425.0	-0.970568642887	20.0	0.0	0.0	0	0
CvartA	TTA	L	T	0.0	0.5573661112	0.0769230769231	0.00651465798046	0.928338762215	0.938837920489	0.00611620795107	2250.0	-0.95158374313	20.0	0.0	0.0	0	0
CbuenA	TTA	L	T	0.0	0.602601018866	0.0769230769231	0.00341296928328	0.935153583618	0.800546448087	0.00273224043716	2248.0	-0.969459878293	20.0	0.0	0.0	0	0
CdefoA	TTA	L	T	0.0	0.544067639198	0.0769230769231	0.00314465408805	0.842767295597	0.916426512968	0.0028818443804	2247.0	-0.974574196482	20.0	0.0	0.0	0	0
LdasiA	CTT	L	T	0.0	7.20573430855e-06	0.666666666667	0.666666666667	0.333333333333	0.0144927536232	0.0144927536232	1429.0	2.38019169329	53.0	1.0	0.673	1	0
LdasiA	CTA	L	T	0.0	7.20573430855e-06	0.333333333333	0.166666666667	0.0	0.0289855072464	0.0144927536232	1429.0	0.502423263328	52.0	0.0	0.25	0	1
LkluyF	CTA	L	T	0.0	8.92351052332e-09	0.75	0.8	0.0	0.024154589372	0.0193236714976	1429.0	3.01904761905	52.0	1.0	0.984	1	1
LkluyE	CTA	L	T	0.0	8.92350744244e-09	0.75	0.8	0.0	0.024154589372	0.0193236714976	1429.0	3.01904761905	52.0	1.0	0.984	1	1
LkluyD	CTA	L	T	0.0	9.11236474281e-09	0.75	0.666666666667	0.0	0.0289855072464	0.0193236714976	1429.0	2.52229299363	52.0	1.0	0.995	1	1
LkluyC	CTA	L	T	0.0	8.92351052332e-09	0.75	0.8	0.0	0.024154589372	0.0193236714976	1429.0	3.01904761905	52.0	1.0	0.984	1	1
LkluyB	CTA	L	T	0.0	0.0003367003367	1.0	1.0	0.0	0.0344827586207	0.0344827586207	434.0	4.20909090909	52.0	1.0	0.597	1	1
LkluyA	CTA	L	T	0.0	8.92351052332e-09	0.75	0.8	0.0	0.024154589372	0.0193236714976	1429.0	3.01904761905	52.0	1.0	0.984	1	1
CdublA	TTA	L	T	0.0	0.615987328233	0.0833333333333	0.004	0.976	0.766871165644	0.00306748466258	2058.0	-0.976200044653	20.0	0.0	0.0	0	0
SpastA	CTT	L	T	0.0	2.31199586748e-07	0.5	0.5	0.0	0.00980392156863	0.0196078431373	1429.0	2.15492957746	53.0	1.0	0.894	1	0
SpastA	CTA	L	T	0.0	2.31199586748e-07	0.4	0.428571428571	0.285714285714	0.0343137254902	0.0196078431373	1429.0	1.44105409154	52.0	1.0	0.84	1	1
ScereC	CTA	L	T	0.0	2.72896064762e-10	0.6	0.545454545455	0.181818181818	0.0531400966184	0.0289855072464	1429.0	2.13171577123	52.0	1.0	0.995	1	1
ScereA	CTA	L	T	0.0	2.72896064762e-10	0.6	0.545454545455	0.181818181818	0.0533980582524	0.0291262135922	1429.0	2.13171577123	52.0	1.0	0.995	1	1
ScereD	CTG	L	T	0.0	7.50464366534e-10	0.5	0.5	0.0	0.00956937799043	0.0287081339713	1429.0	2.53110047847	54.0	1.0	0.96	1	0
ScereD	CTA	L	T	0.0	7.50464366534e-10	0.6	0.5	0.2	0.0478468899522	0.0287081339713	1429.0	1.87931034483	52.0	1.0	0.993	1	1
ScereE	CTG	L	T	0.0	3.41120128062e-10	1.0	1.0	0.0	0.00478468899522	0.0287081339713	1429.0	4.52727272727	54.0	1.0	0.954	1	0
ScereE	CTA	L	T	0.0	3.41120128062e-10	0.5	0.454545454545	0.181818181818	0.0526315789474	0.0287081339713	1429.0	1.74365704287	52.0	1.0	0.993	1	1
CsalmA	CTT	L	T	0.0	0.135131139804	0.125	0.0588235294118	0.941176470588	0.0541401273885	0.00955414012739	2153.0	-0.688775510204	53.0	0.0	0.0	0	0
CsalmA	TTA	L	T	0.0	0.135131139804	0.166666666667	0.00680272108844	0.775510204082	0.936305732484	0.00955414012739	2153.0	-0.958209399167	20.0	0.0	0.0	0	0
LnothA	CTT	L	T	0.0	1.57311365046e-07	0.5	0.5	0.5	0.00961538461538	0.0192307692308	1429.0	1.86384976526	53.0	1.0	0.784	1	0
LnothA	CTG	L	T	0.0	1.57311365046e-07	1.0	1.0	0.0	0.00480769230769	0.0192307692308	1429.0	3.48	54.0	1.0	0.954	1	0
LnothA	CTA	L	T	0.0	1.57311365046e-07	0.666666666667	0.285714285714	0.0	0.0336538461538	0.0192307692308	1429.0	1.109739369	52.0	1.0	0.991	1	1
BcustA	TTA	L	T	0.0	0.547189916449	0.153846153846	0.0062893081761	0.861635220126	0.952095808383	0.0059880239521	2247.0	-0.967123573615	20.0	0.0	0.0	0	0
AgossA	CTA	L	T	2.0	0.0142857113264	0.2	0.0416666666667	0.0833333333333	0.104347826087	0.00434782608696	1427.0	-0.109448818898	52.0	0.0	0.0	0	1
MingeA	TTA	L	T	0.0	0.489619628339	0.153846153846	0.00597014925373	0.844776119403	0.991124260355	0.00591715976331	2249.0	-0.944866478686	20.0	0.0	0.0	0	0
ScastA	CTT	L	T	0.0	1.38727165986e-08	1.0	0.5	0.0	0.01	0.02	1426.0	2.22330097087	53.0	1.0	0.96	1	0
ScastA	CTA	L	T	0.0	1.38727165986e-08	0.666666666667	0.6	0.0	0.025	0.02	1426.0	2.84310018904	52.0	1.0	0.995	1	1
CmaltA	TTA	L	T	0.0	0.691304241248	0.0769230769231	0.00448430493274	0.95067264574	0.612637362637	0.00274725274725	2250.0	-0.958884877657	20.0	0.0	0.0	0	0

### Alignment improvement:
CTT	Thr	2.57e-01
CTG	Thr	1.40e-01
CTA	Thr	2.26e-04


### Prediction Prob. range for Positive :[ 0.585 - 1.000 ]

