### Random Forest prediction
genome	codon	ori_aa	rea_aa	fitch	Fisher_pval	Gene_frac	N._rea	N._used	Cod._count	Sub._count	G._len	codon_lik	id	prediction	probability
SpombA	TTA	L	Y	1.0	0.704766961992	0.285714285714	0.0127388535032	0.687898089172	0.785	0.01	1424.0	-0.654914464406	20.0	0.0	0.0
WmucoA	TTA	L	Y	3.0	0.187382645463	0.153846153846	0.00651465798046	0.912052117264	0.900293255132	0.00879765395894	2246.0	-0.842592257925	20.0	0.0	0.055
WmucoA	CTA	L	Y	3.0	0.187382645463	0.142857142857	0.05	0.8	0.058651026393	0.00879765395894	2246.0	-0.587151394422	52.0	0.0	0.061
CgallA	CTT	L	Y	0.0	0.425698210706	0.166666666667	0.1	0.9	0.028901734104	0.0173410404624	2247.0	-0.134090909091	53.0	0.0	0.0
CgallA	TTA	L	Y	0.0	0.425698210706	0.384615384615	0.0160256410256	0.842948717949	0.901734104046	0.0173410404624	2247.0	-0.787084330464	20.0	0.0	0.0
CsantA	CTA	L	Y	0.0	0.896103627474	0.230769230769	0.0157068062827	0.795811518325	0.595015576324	0.00934579439252	2220.0	-0.789066470887	52.0	0.0	0.0
CtropB	CTA	L	Y	0.0	0.50284895711	0.0769230769231	0.0103092783505	0.948453608247	0.268698060942	0.00277008310249	2250.0	-0.80919189719	52.0	0.0	0.0
CtropA	CTA	L	Y	0.0	0.498575452345	0.0769230769231	0.0102040816327	0.948979591837	0.271468144044	0.00277008310249	2250.0	-0.806177356866	52.0	0.0	0.0
CoxycA	TTA	L	Y	1.0	0.731131982644	1.0	0.0487804878049	0.90243902439	0.732142857143	0.0357142857143	434.0	-0.612774451098	20.0	0.0	0.052
OanguA	CTT	L	Y	2.0	0.194025003809	0.0909090909091	0.0434782608696	0.739130434783	0.0653409090909	0.00568181818182	2248.0	-0.367456896552	53.0	0.0	0.0
OanguA	TTA	L	Y	2.0	0.194025003809	0.0769230769231	0.00326797385621	0.862745098039	0.869318181818	0.00568181818182	2248.0	-0.859574619941	20.0	0.0	0.0
CblacA	TTA	L	Y	1.0	0.518181818182	1.0	0.0178571428571	0.928571428571	0.949152542373	0.0169491525424	434.0	-0.807436272122	20.0	0.0	0.097
CnorvA	TTA	L	Y	2.0	0.718913718726	0.153846153846	0.00579710144928	0.924637681159	1.0	0.00579710144928	2249.0	-0.842257597685	20.0	0.0	0.0
CviswA	TTA	L	Y	0.0	0.526470424747	0.0769230769231	0.003003003003	0.963963963964	0.948717948718	0.002849002849	2249.0	-0.886960005342	20.0	0.0	0.0
MstarA	TTA	L	Y	5.0	0.493103448276	0.0769230769231	0.003003003003	0.855855855856	0.988130563798	0.00296735905045	2249.0	-0.838726932335	20.0	0.0	0.051
CtetrA	TTA	L	Y	0.0	0.706961446955	0.0769230769231	0.00727272727273	0.956363636364	0.768156424581	0.00558659217877	2249.0	-0.841888951567	20.0	0.0	0.0
CbohiA	TTA	L	Y	0.0	0.545754503526	0.153846153846	0.0058651026393	0.950146627566	0.947222222222	0.00555555555556	2250.0	-0.869220005857	20.0	0.0	0.0
LstarA	TTA	L	Y	0.0	0.633992059339	0.1	0.00873362445415	0.847161572052	0.857677902622	0.00749063670412	1834.0	-0.789422563256	20.0	0.0	0.0
MfariA	TTA	L	Y	0.0	0.557228762794	0.0769230769231	0.00320512820513	0.939102564103	0.888888888889	0.002849002849	2248.0	-0.897255629706	20.0	0.0	0.0
CcastA	TTA	L	Y	0.0	1.0	0.142857142857	0.00534759358289	0.909090909091	0.939698492462	0.00502512562814	1428.0	-0.808450559606	20.0	0.0	0.0
CphanA	TTA	L	Y	0.0	0.195190958157	0.384615384615	0.015015015015	0.843843843844	0.956896551724	0.0172413793103	2247.0	-0.807197513951	20.0	0.0	0.0
CphanA	CTA	L	Y	0.0	0.195190958157	0.142857142857	0.125	0.75	0.0229885057471	0.0172413793103	2247.0	0.0405405405405	52.0	0.0	0.001
CsojaA	TTA	L	Y	0.0	0.613821004882	0.125	0.00520833333333	0.984375	0.768	0.004	1498.0	-0.856354901844	20.0	0.0	0.0
CglabA	TTA	L	Y	0.0	0.502777777778	0.142857142857	0.00520833333333	0.927083333333	0.97461928934	0.00507614213198	1413.0	-0.877659308204	20.0	0.0	0.0
ScryoA	TTA	L	Y	0.0	0.777026950045	0.285714285714	0.0147058823529	0.713235294118	0.666666666667	0.00980392156863	1424.0	-0.730120481928	20.0	0.0	0.0
CneerA	TTA	L	Y	0.0	0.602898413623	0.0769230769231	0.0034965034965	0.954545454545	0.792243767313	0.00277008310249	2249.0	-0.880070886466	20.0	0.0	0.0
HuvarA	TTA	L	Y	0.0	0.552201841873	0.333333333333	0.0120481927711	0.734939759036	0.80193236715	0.00966183574879	1361.0	-0.790419507685	20.0	0.0	0.0
CjiufA	TTA	L	Y	0.0	0.577363750931	0.0769230769231	0.00333333333333	0.98	0.840336134454	0.00280112044818	2231.0	-0.883054003724	20.0	0.0	0.0
KlactA	TTA	L	Y	0.0	0.505524861879	0.142857142857	0.00518134715026	0.922279792746	0.989743589744	0.00512820512821	1408.0	-0.863914145178	20.0	0.0	0.0
CzempA	TTA	L	Y	0.0	0.506944274215	0.142857142857	0.00518134715026	0.730569948187	0.984693877551	0.00510204081633	1428.0	-0.774366883925	20.0	0.0	0.0
CmetaB	TTA	L	Y	0.0	0.55555540211	0.0769230769231	0.00308641975309	0.984567901235	0.887671232877	0.0027397260274	2250.0	-0.881662305468	20.0	0.0	0.0
CmetaC	TTA	L	Y	0.0	0.55555540211	0.0769230769231	0.00308641975309	0.984567901235	0.887671232877	0.0027397260274	2250.0	-0.881662305468	20.0	0.0	0.0
CmetaA	TTA	L	Y	0.0	0.55555540211	0.0769230769231	0.00308641975309	0.984567901235	0.887671232877	0.0027397260274	2250.0	-0.881662305468	20.0	0.0	0.0
CmetaF	TTA	L	Y	0.0	0.55555540211	0.0769230769231	0.00308641975309	0.984567901235	0.887671232877	0.0027397260274	2250.0	-0.881662305468	20.0	0.0	0.0
CfrijA	TTA	L	Y	1.0	0.547825930841	0.0769230769231	0.00307692307692	0.956923076923	0.902777777778	0.00277777777778	2249.0	-0.880335130309	20.0	0.0	0.0
CmetaD	TTA	L	Y	0.0	0.55555540211	0.0769230769231	0.00308641975309	0.984567901235	0.887671232877	0.0027397260274	2250.0	-0.881662305468	20.0	0.0	0.0
CmetaE	TTA	L	Y	0.0	0.55555540211	0.0769230769231	0.00308641975309	0.984567901235	0.887671232877	0.0027397260274	2250.0	-0.881662305468	20.0	0.0	0.0
PpastA	TTA	L	Y	0.0	0.506493336108	0.0769230769231	0.00294985250737	0.893805309735	0.985465116279	0.00290697674419	2248.0	-0.865745695107	20.0	0.0	0.0
SjapoA	CTT	L	Y	0.0	0.475345137098	0.2	0.025	0.65	0.189573459716	0.0142180094787	1423.0	-0.821454283657	53.0	0.0	0.0
SjapoA	TTA	L	Y	0.0	0.475345137098	0.285714285714	0.0130718954248	0.647058823529	0.725118483412	0.0142180094787	1423.0	-0.777840552417	20.0	0.0	0.0
CalbiE	TTA	L	Y	0.0	0.620786385929	0.142857142857	0.00714285714286	0.957142857143	0.765027322404	0.00546448087432	1183.0	-0.840474285299	20.0	0.0	0.0
CalbiD	TTA	L	Y	0.0	0.642857019552	0.0833333333333	0.00423728813559	0.970338983051	0.717325227964	0.00303951367781	2058.0	-0.851080026644	20.0	0.0	0.0
CalbiC	TTA	L	Y	0.0	0.639830384125	0.0769230769231	0.00381679389313	0.969465648855	0.721763085399	0.00275482093664	2250.0	-0.856799088107	20.0	0.0	0.0
CalbiB	TTA	L	Y	0.0	0.639830384125	0.0769230769231	0.00381679389313	0.969465648855	0.721763085399	0.00275482093664	2250.0	-0.856799088107	20.0	0.0	0.0
CalbiA	TTA	L	Y	0.0	0.644409815119	0.0833333333333	0.00425531914894	0.970212765957	0.714285714286	0.00303951367781	2058.0	-0.85124124458	20.0	0.0	0.0
CcoryA	CTT	L	Y	2.0	0.213662752057	0.0909090909091	0.0123456790123	0.938271604938	0.218918918919	0.0027027027027	2250.0	-0.872700998424	53.0	0.0	0.0
CparaC	TTA	L	Y	0.0	0.554621694971	0.0769230769231	0.0030959752322	0.981424148607	0.889807162534	0.00275482093664	2250.0	-0.878970313473	20.0	0.0	0.0
CparaB	TTA	L	Y	0.0	0.554621694971	0.0769230769231	0.0030959752322	0.981424148607	0.889807162534	0.00275482093664	2250.0	-0.878970313473	20.0	0.0	0.0
CparaE	TTA	L	Y	0.0	0.554621694971	0.0769230769231	0.0030959752322	0.981424148607	0.889807162534	0.00275482093664	2250.0	-0.878970313473	20.0	0.0	0.0
CparaD	TTA	L	Y	0.0	0.554621694971	0.0769230769231	0.0030959752322	0.981424148607	0.889807162534	0.00275482093664	2250.0	-0.878970313473	20.0	0.0	0.0
CparaF	TTA	L	Y	0.0	0.554621694971	0.0769230769231	0.0030959752322	0.981424148607	0.889807162534	0.00275482093664	2250.0	-0.878970313473	20.0	0.0	0.0
MtetrA	CTG	L	Y	5.0	0.492154164752	0.0833333333333	0.00806451612903	0.838709677419	0.369047619048	0.0	2248.0	-0.799409467568	54.0	0.0	0.051
MtetrA	CTC	L	Y	5.0	0.492154164752	0.0769230769231	0.0178571428571	0.892857142857	0.166666666667	0.0	2248.0	-0.64534754608	55.0	0.0	0.056
CsaraA	TTA	L	Y	0.0	0.589970359911	0.0769230769231	0.00347222222222	0.961805555556	0.822857142857	0.00285714285714	2249.0	-0.873490292004	20.0	0.0	0.0
CsuavA	TTA	L	Y	1.0	0.563524439469	0.153846153846	0.00655737704918	0.927868852459	0.932721712538	0.00611620795107	2250.0	-0.837665166255	20.0	0.0	0.0
PkluyA	TTA	L	Y	1.0	0.553872769398	0.230769230769	0.00925925925926	0.87037037037	0.964285714286	0.00892857142857	2247.0	-0.818200521191	20.0	0.0	0.0
PcanaA	TTA	L	Y	0.0	0.537719409832	0.230769230769	0.00931677018634	0.931677018634	0.969879518072	0.00903614457831	2250.0	-0.844970618735	20.0	0.0	0.0
YlipoB	CTT	L	Y	0.0	0.0244127963848	0.166666666667	0.0909090909091	0.909090909091	0.0317919075145	0.0173410404624	2247.0	-0.226114649682	53.0	0.0	0.0
YlipoB	TTA	L	Y	0.0	0.0244127963848	0.307692307692	0.01261829653	0.839116719243	0.916184971098	0.0173410404624	2247.0	-0.812931004306	20.0	0.0	0.0
YlipoB	TTG	L	Y	0.0	0.0244127963848	0.5	0.333333333333	0.666666666667	0.00867052023121	0.0173410404624	2247.0	1.37735849057	22.0	0.0	0.014
YlipoA	CTT	L	Y	0.0	0.0244127963848	0.166666666667	0.0909090909091	0.909090909091	0.0317919075145	0.0173410404624	2247.0	-0.226114649682	53.0	0.0	0.0
YlipoA	TTA	L	Y	0.0	0.0244127963848	0.307692307692	0.01261829653	0.839116719243	0.916184971098	0.0173410404624	2247.0	-0.812931004306	20.0	0.0	0.0
YlipoA	TTG	L	Y	0.0	0.0244127963848	0.5	0.333333333333	0.666666666667	0.00867052023121	0.0173410404624	2247.0	1.37735849057	22.0	0.0	0.014
CjadiA	TTA	L	Y	0.0	0.509803540853	0.153846153846	0.00621118012422	0.931677018634	0.990769230769	0.00615384615385	2250.0	-0.855382087099	20.0	0.0	0.0
AgossB	TTA	L	Y	1.0	0.508571258904	0.142857142857	0.00526315789474	0.9	0.826086956522	0.00434782608696	1427.0	-0.823461033054	20.0	0.0	0.0
NdelpA	TTA	L	Y	0.0	0.508571258904	0.142857142857	0.00534759358289	0.914438502674	0.944444444444	0.00505050505051	1412.0	-0.877733751865	20.0	0.0	0.0
LelonA	TTA	L	Y	0.0	0.664244070126	0.0769230769231	0.00425531914894	0.978723404255	0.667613636364	0.00284090909091	2249.0	-0.865699333968	20.0	0.0	0.0
CpseuA	TTA	L	Y	1.0	0.640350753023	1.0	0.0243902439024	0.975609756098	0.706896551724	0.0172413793103	434.0	-0.839174800355	20.0	0.0	0.097
CalimA	CTT	L	Y	1.0	0.144620228027	0.2	0.125	0.75	0.0231213872832	0.0173410404624	2247.0	0.0082304526749	53.0	0.0	0.0
CalimA	TTA	L	Y	1.0	0.144620228027	0.384615384615	0.0154320987654	0.848765432099	0.936416184971	0.0173410404624	2247.0	-0.799468287125	20.0	0.0	0.0
CchauA	TTA	L	Y	2.0	0.608695517074	0.0769230769231	0.00347222222222	0.934027777778	0.77628032345	0.00269541778976	2250.0	-0.846440783339	20.0	0.0	0.0
BcaliA	TTA	L	Y	2.0	0.496894409938	0.153846153846	0.00578034682081	0.921965317919	0.99711815562	0.00576368876081	2250.0	-0.849729241877	20.0	0.0	0.0
SoctoA	TTA	L	Y	0.0	0.695748595948	0.285714285714	0.0125786163522	0.704402515723	0.787128712871	0.00990099009901	1425.0	-0.672318779144	20.0	0.0	0.0
CvartA	TTA	L	Y	0.0	0.5573661112	0.153846153846	0.00651465798046	0.928338762215	0.938837920489	0.00611620795107	2250.0	-0.861838299103	20.0	0.0	0.0
CdefoA	CTT	L	Y	0.0	0.238893877074	0.166666666667	0.1	0.8	0.028818443804	0.0172910662824	2247.0	-0.169318181818	53.0	0.0	0.0
CdefoA	TTA	L	Y	0.0	0.238893877074	0.384615384615	0.0157232704403	0.842767295597	0.916426512968	0.0172910662824	2247.0	-0.797852621271	20.0	0.0	0.0
CdublA	TTA	L	Y	0.0	0.615987328233	0.0833333333333	0.004	0.976	0.766871165644	0.00306748466258	2058.0	-0.867202500558	20.0	0.0	0.0
CorthB	TTA	L	Y	0.0	0.55555540211	0.0769230769231	0.00307692307692	0.981538461538	0.887978142077	0.00273224043716	2250.0	-0.881340269697	20.0	0.0	0.0
CorthC	TTA	L	Y	0.0	0.554166512741	0.0769230769231	0.00306748466258	0.981595092025	0.890710382514	0.00273224043716	2250.0	-0.881627914917	20.0	0.0	0.0
CorthA	TTA	L	Y	0.0	0.55555540211	0.0769230769231	0.00307692307692	0.981538461538	0.887978142077	0.00273224043716	2250.0	-0.880079490167	20.0	0.0	0.0
MguilA	TTA	L	Y	0.0	0.628505995597	0.153846153846	0.00651465798046	0.951140065147	0.864788732394	0.0056338028169	2250.0	-0.854130244755	20.0	0.0	0.0
DhansA	TTA	L	Y	0.0	0.520527693698	0.0769230769231	0.00291545189504	0.950437317784	0.955431754875	0.00278551532033	2250.0	-0.873881729807	20.0	0.0	0.0
CsalmA	TTA	L	Y	0.0	0.60594720169	0.166666666667	0.0102040816327	0.775510204082	0.936305732484	0.00955414012739	2153.0	-0.786064842356	20.0	0.0	0.0
BcustA	TTA	L	Y	0.0	0.547189916449	0.153846153846	0.0062893081761	0.861635220126	0.952095808383	0.0059880239521	2247.0	-0.808586139716	20.0	0.0	0.0
CtheaA	TTA	L	Y	0.0	0.545833176531	0.0769230769231	0.00301204819277	0.981927710843	0.907103825137	0.00273224043716	2250.0	-0.883533194882	20.0	0.0	0.0
AgossA	TTA	L	Y	0.0	0.508571258904	0.142857142857	0.00526315789474	0.9	0.826086956522	0.00434782608696	1427.0	-0.823461033054	20.0	0.0	0.0
MingeA	TTA	L	Y	5.0	0.494773519164	0.0769230769231	0.00298507462687	0.844776119403	0.991124260355	0.00295857988166	2249.0	-0.847337866976	20.0	0.0	0.051
ScastA	TTA	L	Y	0.0	1.0	0.142857142857	0.00518134715026	0.875647668394	0.965	0.005	1426.0	-0.809736711376	20.0	0.0	0.0
CmaltA	CTA	L	Y	0.0	0.268115901499	0.0769230769231	0.0114942528736	0.919540229885	0.239010989011	0.00274725274725	2250.0	-0.79086873811	52.0	0.0	0.0