### Random Forest prediction
genome	codon	ori_aa	rea_aa	fitch	Fisher pval	Gene frac	N. rea	N. used	Cod. count	Sub. count	G. len	codon_lik	id	prediction
Paracentrotus	GCA	A	G	0.0	0.543968256413	0.272727272727	0.0545454545455	0.709090909091	0.348101265823	0.0632911392405	1926.0	-0.314498933902	44.0	0.0
Paracentrotus	GCC	A	G	0.0	0.543968256413	0.363636363636	0.0961538461538	0.519230769231	0.329113924051	0.0632911392405	1926.0	-0.334213504338	47.0	0.0
Paracentrotus	GCT	A	G	0.0	0.543968256413	0.0833333333333	0.0526315789474	0.631578947368	0.240506329114	0.0632911392405	1926.0	-0.202344546381	45.0	0.0
Beta_vulgaris_vulgaris	GCG	A	G	0.0	0.0377358360281	0.2	0.111111111111	0.777777777778	0.0841121495327	0.00934579439252	1539.0	-0.0735294117647	46.0	0.0
Malus_domestica	GCG	A	G	0.0	0.0384615251825	0.2	0.125	0.875	0.0769230769231	0.00961538461538	1518.0	-0.0279069767442	46.0	0.0
Phoenix_dactylifera	GCG	A	G	0.0	0.0291666565968	0.25	0.142857142857	0.857142857143	0.0583333333333	0.00833333333333	1738.0	-0.026455026455	46.0	0.0
Caenorhabditis	GCA	A	G	0.0	0.2908243486	0.142857142857	0.0384615384615	0.538461538462	0.292134831461	0.0898876404494	1865.0	-0.889301634473	44.0	0.0
Caenorhabditis	GCC	A	G	0.0	0.2908243486	0.333333333333	0.25	0.375	0.0898876404494	0.0898876404494	1865.0	-0.0302267002519	47.0	0.0
Caenorhabditis	GCT	A	G	0.0	0.2908243486	0.5	0.0961538461538	0.519230769231	0.584269662921	0.0898876404494	1865.0	-0.179294823706	45.0	0.0
Physcomitrella_patens	GCC	A	G	0.0	0.150735267462	0.0909090909091	0.047619047619	0.952380952381	0.153284671533	0.00729927007299	1926.0	-0.0304709141274	47.0	0.0
Schistosoma	GCT	A	G	0.0	0.229896137099	0.5	0.153846153846	0.384615384615	0.696428571429	0.160714285714	1800.0	-0.502487562189	45.0	0.0
Schistosoma	GCG	A	G	0.0	0.229896137099	0.5	0.6	0.2	0.0892857142857	0.160714285714	1800.0	2.12698412698	46.0	0.0
Fasciola	GCT	A	G	0.0	0.738119489871	0.454545454545	0.105263157895	0.315789473684	0.838235294118	0.0882352941176	1825.0	-0.492948056416	45.0	0.0
Dunaliella_salina	GCA	A	G	0.0	0.822981678267	0.166666666667	0.037037037037	0.62962962963	0.228813559322	0.0762711864407	1392.0	-0.434146341463	44.0	0.0
Dunaliella_salina	GCC	A	G	0.0	0.822981678267	0.2	0.0714285714286	0.857142857143	0.118644067797	0.0762711864407	1392.0	-0.193989071038	47.0	0.0
Dunaliella_salina	GCT	A	G	0.0	0.822981678267	0.428571428571	0.0909090909091	0.623376623377	0.652542372881	0.0762711864407	1392.0	-0.247971602434	45.0	0.0
Carica_papaya	GCG	A	G	0.0	0.028925609848	0.25	0.125	0.75	0.0655737704918	0.00819672131148	1751.0	-0.200934579439	46.0	0.0
Patiria	GCA	A	G	0.0	0.510454327807	0.2	0.0625	0.666666666667	0.347826086957	0.0507246376812	1926.0	-0.1200324412	44.0	0.0
Patiria	GCC	A	G	0.0	0.510454327807	0.0909090909091	0.0227272727273	0.75	0.31884057971	0.0507246376812	1926.0	-0.272406181015	47.0	0.0
Patiria	GCT	A	G	0.0	0.510454327807	0.333333333333	0.0909090909091	0.636363636364	0.239130434783	0.0507246376812	1926.0	-0.104191616766	45.0	0.0
Chaetosphaeridium_globosum	GCA	A	G	0.0	0.64927198872	0.0833333333333	0.0392156862745	0.941176470588	0.372262773723	0.021897810219	1930.0	-0.153490165831	44.0	0.0
Chaetosphaeridium_globosum	GCT	A	G	0.0	0.64927198872	0.0909090909091	0.0153846153846	0.984615384615	0.474452554745	0.021897810219	1930.0	-0.0832086201736	45.0	0.0
Mesostigma_viride	GCA	A	G	0.0	0.440496006267	0.272727272727	0.0833333333333	0.9	0.425531914894	0.0567375886525	1873.0	0.186571981924	44.0	0.0
Mesostigma_viride	GCC	A	G	0.0	0.440496006267	0.125	0.0666666666667	0.866666666667	0.106382978723	0.0567375886525	1873.0	0.178335535007	47.0	0.0
Mesostigma_viride	GCT	A	G	0.0	0.440496006267	0.0909090909091	0.0192307692308	0.903846153846	0.368794326241	0.0567375886525	1873.0	-0.332448824867	45.0	0.0
Mesostigma_viride	GCG	A	G	0.0	0.440496006267	0.111111111111	0.0714285714286	0.928571428571	0.0992907801418	0.0567375886525	1873.0	0.200842696629	46.0	0.0
Zea_mays_NB	GCG	A	G	0.0	0.0327102690805	0.25	0.125	0.75	0.0740740740741	0.00925925925926	1540.0	-0.351851851852	46.0	0.0
Pseudendoclonium_akinetum	GCA	A	G	0.0	0.722087246753	0.166666666667	0.0869565217391	0.608695652174	0.31724137931	0.0965517241379	1930.0	-0.407090986758	44.0	0.0
Pseudendoclonium_akinetum	GCC	A	G	0.0	0.722087246753	0.0909090909091	0.04	0.68	0.172413793103	0.0965517241379	1930.0	-0.412698412698	47.0	0.0
Pseudendoclonium_akinetum	GCT	A	G	0.0	0.722087246753	0.272727272727	0.1	0.72	0.344827586207	0.0965517241379	1930.0	0.0132038834951	45.0	0.0
Pseudendoclonium_akinetum	GCG	A	G	0.0	0.722087246753	0.5	0.166666666667	0.75	0.165517241379	0.0965517241379	1930.0	0.211129296236	46.0	0.0
Arabidopsis_thaliana	GCG	A	G	0.0	0.0346153726643	0.166666666667	0.0909090909091	0.727272727273	0.0833333333333	0.00757575757576	1780.0	-0.362831858407	46.0	0.0
Lumbricus	GCA	A	G	0.0	0.576354150322	0.333333333333	0.145833333333	0.645833333333	0.32	0.0933333333333	1920.0	0.388799355359	44.0	0.0
Lumbricus	GCC	A	G	0.0	0.576354150322	0.333333333333	0.102564102564	0.589743589744	0.26	0.0933333333333	1920.0	-0.152840623429	47.0	0.0
Lumbricus	GCT	A	G	0.0	0.576354150322	0.272727272727	0.051724137931	0.568965517241	0.386666666667	0.0933333333333	1920.0	-0.644421975059	45.0	0.0
Halocynthia	GCA	A	G	0.0	0.180424757239	0.2	0.125	0.625	0.269662921348	0.0561797752809	1893.0	-0.0485596707819	44.0	0.0
Halocynthia	GCT	A	G	0.0	0.180424757239	0.0833333333333	0.0192307692308	0.615384615385	0.584269662921	0.0561797752809	1893.0	-0.780734632684	45.0	0.0
Halocynthia	GCG	A	G	0.0	0.180424757239	0.2	0.125	0.5	0.0898876404494	0.0561797752809	1893.0	0.310513447433	46.0	0.0
Limulus	GCA	A	G	0.0	0.145251118398	0.222222222222	0.0571428571429	0.771428571429	0.315315315315	0.108108108108	1919.0	0.0840289371174	44.0	0.0
Limulus	GCC	A	G	0.0	0.145251118398	0.285714285714	0.130434782609	0.739130434783	0.207207207207	0.108108108108	1919.0	0.28313253012	47.0	0.0
Limulus	GCT	A	G	0.0	0.145251118398	0.6	0.12	0.74	0.45045045045	0.108108108108	1919.0	0.33386390768	45.0	0.0
Limulus	GCG	A	G	0.0	0.145251118398	0.5	0.333333333333	0.0	0.027027027027	0.108108108108	1919.0	0.654088050314	46.0	0.0
Bracteacoccus_aerius	GCA	A	G	0.0	0.825001391582	0.4	0.109090909091	0.581818181818	0.323529411765	0.129411764706	1789.0	-0.399090591116	44.0	0.0
Bracteacoccus_aerius	GCC	A	G	0.0	0.825001391582	0.111111111111	0.0869565217391	0.695652173913	0.135294117647	0.129411764706	1789.0	-0.1743503772	47.0	0.0
Bracteacoccus_aerius	GCT	A	G	0.0	0.825001391582	0.454545454545	0.145454545455	0.545454545455	0.323529411765	0.129411764706	1789.0	0.00245269796776	45.0	0.0
Bracteacoccus_aerius	GCG	A	G	0.0	0.825001391582	0.5	0.162162162162	0.594594594595	0.217647058824	0.129411764706	1789.0	0.196590303676	46.0	0.0
Oryza_sativa_I2	GCG	A	G	0.0	0.0450819516484	0.2	0.0833333333333	0.833333333333	0.0967741935484	0.00806451612903	1693.0	-0.24025974026	46.0	0.0
Oryza_sativa_J2	GCG	A	G	0.0	0.0523809342962	0.2	0.0833333333333	0.833333333333	0.11214953271	0.00934579439252	1446.0	-0.24025974026	46.0	0.0
Pycnococcus_provasolii	GCT	A	G	0.0	0.671225780257	0.0909090909091	0.0384615384615	0.903846153846	0.351351351351	0.0135135135135	1930.0	-0.145075757576	45.0	0.0
Polytoma_uvella	GCC	A	G	0.0	0.551557546339	0.571428571429	0.0892857142857	0.696428571429	0.44094488189	0.11811023622	1394.0	0.0336538461538	47.0	0.0
Polytoma_uvella	GCT	A	G	0.0	0.551557546339	0.333333333333	0.178571428571	0.535714285714	0.220472440945	0.11811023622	1394.0	0.0982019363762	45.0	0.0
Polytoma_uvella	GCG	A	G	0.0	0.551557546339	0.285714285714	0.138888888889	0.638888888889	0.283464566929	0.11811023622	1394.0	-0.235706580367	46.0	0.0
Axinella	GCA	A	G	0.0	0.515352302985	0.181818181818	0.0571428571429	0.771428571429	0.267175572519	0.030534351145	1924.0	-0.177065767285	44.0	0.0
Axinella	GCT	A	G	0.0	0.515352302985	0.0909090909091	0.0217391304348	0.869565217391	0.351145038168	0.030534351145	1924.0	-0.187367528614	45.0	0.0
Axinella	GCG	A	G	0.0	0.515352302985	0.1	0.047619047619	0.857142857143	0.160305343511	0.030534351145	1924.0	-0.0618556701031	46.0	0.0
Prototheca_wickerhamii	GCA	A	G	0.0	0.706630490625	0.166666666667	0.0327868852459	0.950819672131	0.423611111111	0.0416666666667	1924.0	-0.135778635779	44.0	0.0
Prototheca_wickerhamii	GCT	A	G	0.0	0.706630490625	0.333333333333	0.0547945205479	0.849315068493	0.506944444444	0.0416666666667	1924.0	-0.0601543784935	45.0	0.0
Terebratulina	GCA	A	G	0.0	0.804708300606	0.333333333333	0.111111111111	0.583333333333	0.24	0.0866666666667	1915.0	-0.0207423580786	44.0	0.0
Terebratulina	GCC	A	G	0.0	0.804708300606	0.333333333333	0.0675675675676	0.513513513514	0.493333333333	0.0866666666667	1915.0	-0.453942129015	47.0	0.0
Terebratulina	GCT	A	G	0.0	0.804708300606	0.2	0.125	0.6875	0.213333333333	0.0866666666667	1915.0	-0.132880098888	45.0	0.0
Chlorokybus_atmophyticus	GCC	A	G	0.0	0.329183774695	0.125	0.0555555555556	0.888888888889	0.133333333333	0.0148148148148	1930.0	0.168454935622	47.0	0.0
Chlorokybus_atmophyticus	GCT	A	G	0.0	0.329183774695	0.0909090909091	0.0181818181818	0.963636363636	0.407407407407	0.0148148148148	1930.0	-0.123722241805	45.0	0.0
Beta_vulgaris_maritima	GCG	A	G	0.0	0.0363636238089	0.2	0.111111111111	0.777777777778	0.0810810810811	0.00900900900901	1604.0	-0.0735294117647	46.0	0.0
Bfloridae	GCA	A	G	0.0	0.696560153122	0.375	0.0967741935484	0.58064516129	0.319587628866	0.0618556701031	1192.0	-0.239875389408	44.0	0.0
Bfloridae	GCC	A	G	0.0	0.696560153122	0.2	0.0769230769231	0.538461538462	0.134020618557	0.0618556701031	1192.0	-0.254411764706	47.0	0.0
Bfloridae	GCT	A	G	0.0	0.696560153122	0.25	0.0454545454545	0.613636363636	0.453608247423	0.0618556701031	1192.0	-0.356030262572	45.0	0.0
Katharina	GCA	A	G	0.0	0.317453683935	0.5	0.153846153846	0.564102564103	0.307086614173	0.110236220472	1917.0	0.251390996459	44.0	0.0
Katharina	GCC	A	G	0.0	0.317453683935	0.333333333333	0.105263157895	0.526315789474	0.149606299213	0.110236220472	1917.0	-0.361317747078	47.0	0.0
Katharina	GCT	A	G	0.0	0.317453683935	0.333333333333	0.0714285714286	0.75	0.44094488189	0.110236220472	1917.0	-0.0142460041696	45.0	0.0
Katharina	GCG	A	G	0.0	0.317453683935	0.4	0.153846153846	0.538461538462	0.102362204724	0.110236220472	1917.0	0.18018018018	46.0	0.0
Lotus_japonicus	GCG	A	G	0.0	0.0254237200359	0.25	0.166666666667	0.833333333333	0.0504201680672	0.00840336134454	1683.0	0.114906832298	46.0	0.0
Geodia	GCA	A	G	0.0	0.0213093258742	0.181818181818	0.0810810810811	0.594594594595	0.272058823529	0.0294117647059	1925.0	-0.181007345226	44.0	0.0
Geodia	GCC	A	G	0.0	0.0213093258742	0.111111111111	0.0526315789474	0.736842105263	0.139705882353	0.0294117647059	1925.0	-0.400202634245	47.0	0.0
Metridium	GCA	A	G	0.0	0.343377886568	0.125	0.0526315789474	0.894736842105	0.132867132867	0.027972027972	1928.0	0.103869653768	44.0	0.0
Metridium	GCT	A	G	0.0	0.343377886568	0.25	0.0483870967742	0.790322580645	0.433566433566	0.027972027972	1928.0	-0.0710870258208	45.0	0.0
Chlamydomonas_reinhardtii	GCC	A	G	0.0	0.279251608338	0.333333333333	0.114285714286	0.6	0.289256198347	0.0578512396694	1389.0	0.200892857143	47.0	0.0
Chlamydomonas_reinhardtii	GCT	A	G	0.0	0.279251608338	0.285714285714	0.0357142857143	0.654761904762	0.694214876033	0.0578512396694	1389.0	-0.590533088235	45.0	0.0
Acropora	GCG	A	G	0.0	0.495726451463	0.0909090909091	0.0277777777778	0.805555555556	0.264705882353	0.00735294117647	1926.0	-0.332439678284	46.0	0.0
Brassica_rapa_oleifera	GCG	A	G	0.0	0.0318181708328	0.2	0.111111111111	0.666666666667	0.0803571428571	0.00892857142857	1553.0	-0.435517970402	46.0	0.0
Glycine_max	GCG	A	G	0.0	0.0265486634003	0.25	0.166666666667	0.833333333333	0.0526315789474	0.00877192982456	1641.0	0.300632911392	46.0	0.0
Trichinella	GCA	A	G	0.0	0.450535236929	0.428571428571	0.153846153846	0.461538461538	0.325	0.15	1883.0	-0.24679245283	44.0	0.0
Trichinella	GCC	A	G	0.0	0.450535236929	0.166666666667	0.0714285714286	0.642857142857	0.175	0.15	1883.0	-0.253602305476	47.0	0.0
Trichinella	GCT	A	G	0.0	0.450535236929	0.5	0.151515151515	0.545454545455	0.4125	0.15	1883.0	0.375074183976	45.0	0.0
Trichinella	GCG	A	G	0.0	0.450535236929	0.333333333333	0.285714285714	0.285714285714	0.0875	0.15	1883.0	0.253776435045	46.0	0.0
Bracteacoccus_minor	GCA	A	G	0.0	0.784538913069	0.454545454545	0.137931034483	0.48275862069	0.3625	0.11875	1686.0	-0.415949702184	44.0	0.0
Bracteacoccus_minor	GCC	A	G	0.0	0.784538913069	0.428571428571	0.15	0.55	0.125	0.11875	1686.0	0.0851272015656	47.0	0.0
Bracteacoccus_minor	GCT	A	G	0.0	0.784538913069	0.363636363636	0.0967741935484	0.596774193548	0.3875	0.11875	1686.0	-0.239677118907	45.0	0.0
Bracteacoccus_minor	GCG	A	G	0.0	0.784538913069	0.25	0.1	0.55	0.125	0.11875	1686.0	-0.252436647173	46.0	0.0
Chromochloris_zofingiensis	GCA	A	G	0.0	0.0664992518832	0.3	0.06	0.6	0.409836065574	0.0737704918033	1522.0	-0.616141732283	44.0	0.0
Chromochloris_zofingiensis	GCC	A	G	0.0	0.0664992518832	0.5	0.25	0.5	0.0983606557377	0.0737704918033	1522.0	0.6784	47.0	0.0
Chromochloris_zofingiensis	GCT	A	G	0.0	0.0664992518832	0.0909090909091	0.0357142857143	0.589285714286	0.459016393443	0.0737704918033	1522.0	-0.731077781653	45.0	0.0
Chromochloris_zofingiensis	GCG	A	G	0.0	0.0664992518832	0.25	0.25	0.75	0.0327868852459	0.0737704918033	1522.0	0.616915422886	46.0	0.0
Balanoglossus	GCC	A	G	0.0	0.13250127589	0.4	0.0923076923077	0.615384615385	0.414012738854	0.0445859872611	1926.0	-0.237272997916	47.0	0.0
Balanoglossus	GCT	A	G	0.0	0.13250127589	0.1	0.027027027027	0.567567567568	0.235668789809	0.0445859872611	1926.0	-0.747235387046	45.0	0.0
Drosophila	GCT	A	G	0.0	0.258424780472	0.454545454545	0.0681818181818	0.715909090909	0.785714285714	0.0625	1919.0	-0.0433616450603	45.0	0.0
Drosophila	GCG	A	G	0.0	0.258424780472	0.5	0.333333333333	0.666666666667	0.0267857142857	0.0625	1919.0	1.32167832168	46.0	0.0
Myxine	GCA	A	G	0.0	0.367023693606	0.555555555556	0.151515151515	0.545454545455	0.272727272727	0.0826446280992	1919.0	0.179654967281	44.0	0.0
Myxine	GCC	A	G	0.0	0.367023693606	0.0909090909091	0.0555555555556	0.722222222222	0.297520661157	0.0826446280992	1919.0	-0.260303687636	47.0	0.0
Myxine	GCT	A	G	0.0	0.367023693606	0.3	0.0697674418605	0.697674418605	0.355371900826	0.0826446280992	1919.0	-0.105914718019	45.0	0.0
Ciona	GCA	A	G	0.0	0.62272221315	0.333333333333	0.181818181818	0.818181818182	0.157142857143	0.114285714286	1891.0	0.885714285714	44.0	0.0
Ciona	GCT	A	G	0.0	0.62272221315	0.444444444444	0.11320754717	0.735849056604	0.757142857143	0.114285714286	1891.0	0.209671465485	45.0	0.0
Epigonichthys	GCA	A	G	0.0	0.646495252159	0.2	0.0454545454545	0.681818181818	0.31884057971	0.036231884058	1918.0	-0.256963162624	44.0	0.0
Epigonichthys	GCC	A	G	0.0	0.646495252159	0.111111111111	0.0588235294118	0.588235294118	0.123188405797	0.036231884058	1918.0	-0.232346241458	47.0	0.0
Epigonichthys	GCT	A	G	0.0	0.646495252159	0.0833333333333	0.0212765957447	0.702127659574	0.340579710145	0.036231884058	1918.0	-0.319688907081	45.0	0.0
Epigonichthys	GCG	A	G	0.0	0.646495252159	0.111111111111	0.0333333333333	0.8	0.217391304348	0.036231884058	1918.0	-0.086635325722	46.0	0.0
Daphnia	GCA	A	G	0.0	0.786210875112	0.4	0.142857142857	0.607142857143	0.212121212121	0.0833333333333	1916.0	0.0398880335899	44.0	0.0
Daphnia	GCC	A	G	0.0	0.786210875112	0.2	0.0487804878049	0.487804878049	0.310606060606	0.0833333333333	1916.0	-0.590521327014	47.0	0.0
Daphnia	GCT	A	G	0.0	0.786210875112	0.272727272727	0.0869565217391	0.608695652174	0.348484848485	0.0833333333333	1916.0	-0.0870118845501	45.0	0.0
Daphnia	GCG	A	G	0.0	0.786210875112	0.142857142857	0.0588235294118	0.764705882353	0.128787878788	0.0833333333333	1916.0	-0.0974178403756	46.0	0.0
Zea_mays_s	GCG	A	G	0.0	0.0315315206451	0.25	0.125	0.75	0.0714285714286	0.00892857142857	1605.0	-0.351851851852	46.0	0.0
Homo	GCA	A	G	0.0	0.203695009196	0.2	0.0512820512821	0.615384615385	0.276595744681	0.113475177305	1920.0	-0.336708860759	44.0	0.0
Homo	GCC	A	G	0.0	0.203695009196	0.6	0.125	0.652777777778	0.510638297872	0.113475177305	1920.0	0.0996970531534	47.0	0.0
Homo	GCT	A	G	0.0	0.203695009196	0.3	0.125	0.666666666667	0.170212765957	0.113475177305	1920.0	-0.0399673735726	45.0	0.0
Homo	GCG	A	G	0.0	0.203695009196	0.25	0.333333333333	0.333333333333	0.0425531914894	0.113475177305	1920.0	-0.159375	46.0	0.0
Blanceolatum	GCA	A	G	0.0	0.793749502405	0.142857142857	0.0416666666667	0.583333333333	0.242424242424	0.0606060606061	1187.0	-0.4995951417	44.0	0.0
Blanceolatum	GCC	A	G	0.0	0.793749502405	0.166666666667	0.111111111111	0.666666666667	0.0909090909091	0.0606060606061	1187.0	-0.187096774194	47.0	0.0
Blanceolatum	GCT	A	G	0.0	0.793749502405	0.222222222222	0.0434782608696	0.521739130435	0.464646464646	0.0606060606061	1187.0	-0.522632020117	45.0	0.0
Blanceolatum	GCG	A	G	0.0	0.793749502405	0.125	0.1	0.7	0.20202020202	0.0606060606061	1187.0	0.195171026157	46.0	0.0
Saccoglossus	GCA	A	G	0.0	0.955727289624	0.3	0.0740740740741	0.685185185185	0.352941176471	0.0653594771242	1924.0	-0.0476878612717	44.0	0.0
Saccoglossus	GCC	A	G	0.0	0.955727289624	0.2	0.0606060606061	0.666666666667	0.21568627451	0.0653594771242	1924.0	-0.124770642202	47.0	0.0
Saccoglossus	GCT	A	G	0.0	0.955727289624	0.25	0.0606060606061	0.545454545455	0.43137254902	0.0653594771242	1924.0	-0.504820333041	45.0	0.0
Nephroselmis_olivacea	GCA	A	G	0.0	0.840845118359	0.1	0.0263157894737	0.894736842105	0.265734265734	0.020979020979	1929.0	-0.367822038282	44.0	0.0
Nephroselmis_olivacea	GCT	A	G	0.0	0.840845118359	0.181818181818	0.0224719101124	0.921348314607	0.622377622378	0.020979020979	1929.0	-0.0618692408951	45.0	0.0

### Alignment improvement:
