### Random Forest prediction
genome	codon	ori_aa	rea_aa	fitch	Fisher_pval	Gene_frac	N._rea	N._used	Cod._count	Sub._count	G._len	codon_lik	id	prediction	probability	clad_valid	trans_valid
Metaseiulus_occidentalis	AGG	R	G	0.0	3.907898195e-07	0.666666666667	0.4	0.0	0.0833333333333	0.1	1280.0	0.845744680851	10.0	1.0	0.886	1	1
Metaseiulus_occidentalis	AGA	R	G	0.0	3.907898195e-07	0.333333333333	0.190476190476	0.0	0.35	0.1	1280.0	0.284680337756	8.0	0.0	0.361	0	1
Aphrocallistes_vastus	AGG	R	G	0.0	1.04984598584e-12	1.0	1.0	0.0	0.0138888888889	0.180555555556	1349.0	3.875	10.0	1.0	0.955	1	1
Aphrocallistes_vastus	AGA	R	G	0.0	1.04984598584e-12	0.75	0.375	0.0	0.444444444444	0.180555555556	1349.0	1.32933653078	8.0	1.0	0.993	1	1
Schistosoma	AGG	R	G	0.0	6.62111302544e-06	0.111111111111	0.0588235294118	0.0	0.257575757576	0.0909090909091	1325.0	-0.384730538922	10.0	0.0	0.045	0	1
Schistosoma	CGC	R	G	0.0	6.62111302544e-06	0.5	0.5	0.5	0.030303030303	0.0909090909091	1325.0	0.285714285714	59.0	0.0	0.242	0	0
Schistosoma	AGA	R	G	0.0	6.62111302544e-06	0.666666666667	0.222222222222	0.0	0.272727272727	0.0909090909091	1325.0	0.0441595441595	8.0	0.0	0.068	0	1
Fasciola	AGG	R	G	0.0	0.00421455925469	0.285714285714	0.166666666667	0.0	0.260869565217	0.0869565217391	1332.0	0.0744680851064	10.0	0.0	0.005	0	1
Fasciola	CGC	R	G	0.0	0.00421455925469	0.333333333333	0.333333333333	0.666666666667	0.0652173913043	0.0869565217391	1332.0	-0.186440677966	59.0	0.0	0.02	0	0
Fasciola	CGG	R	G	0.0	0.00421455925469	0.166666666667	0.142857142857	0.857142857143	0.152173913043	0.0869565217391	1332.0	-1.41818181818	58.0	0.0	0.001	0	0
Trichobilharzia_regenti	CGT	R	G	0.0	0.068783058736	0.125	0.04	0.84	0.555555555556	0.0444444444444	1324.0	-1.89194699286	57.0	0.0	0.0	0	0
Trichobilharzia_regenti	AGA	R	G	0.0	0.068783058736	0.2	0.1	0.0	0.222222222222	0.0444444444444	1324.0	0.209068010076	8.0	0.0	0.002	0	1
Versteria_mustelae	AGA	R	G	0.0	0.0324407380944	0.25	0.153846153846	0.0	0.265306122449	0.0816326530612	1328.0	-0.0880626223092	8.0	0.0	0.002	0	1
Versteria_mustelae	CGT	R	G	0.0	0.0324407380944	0.333333333333	0.1	0.85	0.408163265306	0.0816326530612	1328.0	-1.48148148148	57.0	0.0	0.0	0	0
Euseius_nicholsi	AGA	R	G	0.0	1.30478187947e-08	0.444444444444	0.269230769231	0.0	0.376811594203	0.101449275362	1296.0	0.526420737787	8.0	1.0	0.527	1	1
Haplorchis_taichui	CGG	R	G	0.0	0.615763516184	0.285714285714	0.166666666667	0.666666666667	0.206896551724	0.051724137931	1320.0	-1.23142250531	58.0	0.0	0.0	0	0
Haplorchis_taichui	CGT	R	G	0.0	0.615763516184	0.142857142857	0.0625	0.9375	0.275862068966	0.051724137931	1320.0	-1.75039745628	57.0	0.0	0.0	0	0
Lumbricus	AGA	R	G	0.0	0.0119047577946	0.142857142857	0.0909090909091	0.0	0.207547169811	0.0188679245283	1350.0	-0.162037037037	8.0	0.0	0.003	0	1
Halocynthia	AGG	R	G	0.0	9.93026865845e-26	0.888888888889	0.838709677419	0.0	0.313131313131	0.505050505051	1348.0	3.90041152263	10.0	1.0	0.997	1	1
Halocynthia	AGA	R	G	0.0	9.93026865845e-26	0.9	0.827586206897	0.0	0.292929292929	0.505050505051	1348.0	3.72695035461	8.0	1.0	0.997	1	1
Echinococcus_equinus	AGG	R	G	0.0	0.000285125678157	0.555555555556	0.3125	0.0	0.275862068966	0.137931034483	1331.0	0.988941548183	10.0	0.0	0.274	0	1
Echinococcus_equinus	CGC	R	G	0.0	0.000285125678157	1.0	1.0	0.0	0.0172413793103	0.137931034483	1331.0	3.35	59.0	0.0	0.297	0	0
Echinococcus_equinus	CGT	R	G	0.0	0.000285125678157	0.25	0.0869565217391	0.826086956522	0.396551724138	0.137931034483	1331.0	-1.63028953229	57.0	0.0	0.108	0	0
Taenia_crassiceps	AGA	R	G	0.0	0.169799769581	0.285714285714	0.166666666667	0.166666666667	0.235294117647	0.078431372549	1333.0	-0.492537313433	8.0	0.0	0.002	0	1
Taenia_crassiceps	CGT	R	G	0.0	0.169799769581	0.285714285714	0.0769230769231	0.846153846154	0.509803921569	0.078431372549	1333.0	-1.66634050881	57.0	0.0	0.0	0	0
Terebratulina	AGG	R	G	0.0	0.00276854908901	0.25	0.25	0.0	0.0740740740741	0.037037037037	1351.0	0.23125	10.0	0.0	0.003	0	1
Terebratulina	AGA	R	G	0.0	0.00276854908901	0.2	0.125	0.0	0.148148148148	0.037037037037	1351.0	-0.0031847133758	8.0	0.0	0.004	0	1
Katharina	AGA	R	G	0.0	0.00060975588704	0.4	0.285714285714	0.0	0.14	0.04	1348.0	0.352517985612	8.0	0.0	0.053	0	1
Tetrancistrum_nebulosi	AGG	R	G	0.0	0.00505323362012	0.333333333333	0.115384615385	0.0384615384615	0.342105263158	0.0526315789474	1333.0	-0.657843137255	10.0	0.0	0.0	0	1
Tetrancistrum_nebulosi	CGG	R	G	0.0	0.00505323362012	0.2	0.142857142857	0.714285714286	0.0921052631579	0.0526315789474	1333.0	-1.41155234657	58.0	0.0	0.0	0	0
Trichinella	AGG	R	G	0.0	4.34210930544e-06	0.333333333333	0.2	0.0	0.0684931506849	0.0684931506849	1343.0	0.530303030303	10.0	0.0	0.237	0	1
Trichinella	AGA	R	G	0.0	4.34210930544e-06	0.285714285714	0.125	0.0	0.438356164384	0.0684931506849	1343.0	-0.441318327974	8.0	0.0	0.05	0	1
Pseudogarypus_banksi	AGA	R	G	0.0	0.000229182555748	0.333333333333	0.1	0.0	0.483870967742	0.0483870967742	1347.0	-0.375	8.0	0.0	0.098	0	1
Benedenia_hoshinai	AGA	R	G	0.0	0.227832504237	0.2	0.142857142857	0.0	0.166666666667	0.0714285714286	1333.0	-0.184782608696	8.0	0.0	0.002	0	1
Benedenia_hoshinai	CGT	R	G	0.0	0.227832504237	0.285714285714	0.0909090909091	0.772727272727	0.52380952381	0.0714285714286	1333.0	-1.60718424102	57.0	0.0	0.0	0	0
Ciona	AGG	R	G	0.0	2.04478285567e-33	1.0	0.88	0.0	0.174825174825	0.615384615385	1348.0	3.8268442623	10.0	1.0	0.997	1	1
Ciona	AGA	R	G	0.0	2.04478285567e-33	1.0	0.846153846154	0.0	0.545454545455	0.615384615385	1348.0	3.99008919722	8.0	1.0	0.993	1	1
Caenorhabditis	AGG	R	G	0.0	2.25719759633e-06	0.142857142857	0.0666666666667	0.0	0.172413793103	0.0689655172414	1346.0	-0.440273037543	10.0	0.0	0.105	0	1
Caenorhabditis	AGA	R	G	0.0	2.25719759633e-06	0.444444444444	0.111111111111	0.0	0.51724137931	0.0689655172414	1346.0	-0.12932501418	8.0	0.0	0.109	0	1
Ascidiella_aspersa	AGG	R	G	0.0	9.70809444757e-17	1.0	0.730769230769	0.0	0.371428571429	0.342857142857	1350.0	3.25123152709	10.0	1.0	1.0	1	1
Ascidiella_aspersa	AGA	R	G	0.0	9.70809444757e-17	0.8	0.833333333333	0.0	0.0857142857143	0.342857142857	1350.0	3.77253218884	8.0	1.0	0.998	1	1

### Alignment improvement:
AGG	Gly	6.02e-12
AGA	Gly	7.78e-18


### Prediction Prob. range for Positive :[ 0.527 - 1.000 ]

