### Random Forest prediction
genome	codon	ori_aa	rea_aa	fitch	Fisher_pval	Gene_frac	N._rea	N._used	Cod._count	Sub._count	G._len	codon_lik	id	prediction	probability
LmeyeA	GCT	A	T	0.0	0.361624583227	0.333333333333	0.0327868852459	0.83606557377	0.61	0.02	1429.0	0.126328955597	45.0	0.0	0.0
SpombA	GCA	A	T	0.0	0.295959543532	0.166666666667	0.0454545454545	0.454545454545	0.222222222222	0.020202020202	1424.0	-0.205704407952	44.0	0.0	0.0
SpombA	GCT	A	T	0.0	0.295959543532	0.166666666667	0.0147058823529	0.588235294118	0.686868686869	0.020202020202	1424.0	-0.152566271856	45.0	0.0	0.0
WmucoA	GCT	A	T	0.0	0.698275757897	0.0833333333333	0.0117647058824	0.811764705882	0.607142857143	0.00714285714286	2246.0	0.02192093259	45.0	0.0	0.0
AacerA	GCT	A	T	0.0	0.694444444444	0.5	0.0625	0.625	0.666666666667	0.0416666666667	630.0	0.252900232019	45.0	0.0	0.016
CgallA	GCA	A	T	0.0	0.879705393807	0.153846153846	0.0344827586207	0.655172413793	0.367088607595	0.0253164556962	2247.0	-0.00703182827535	44.0	0.0	0.0
CgallA	GCT	A	T	0.0	0.879705393807	0.181818181818	0.0232558139535	0.651162790698	0.544303797468	0.0253164556962	2247.0	0.0120726903037	45.0	0.0	0.0
CgigaA	GCT	A	T	0.0	0.735576831784	0.1	0.015625	0.84375	0.520325203252	0.00813008130081	2002.0	0.031069827034	45.0	0.0	0.0
CsantA	GCT	A	T	0.0	0.785714211731	0.1	0.0192307692308	0.673076923077	0.448275862069	0.00862068965517	2220.0	-0.0718232044199	45.0	0.0	0.0
WpijpA	GCT	A	T	0.0	0.734177123413	0.166666666667	0.0204081632653	0.836734693878	0.532608695652	0.0108695652174	1429.0	0.104689628332	45.0	0.0	0.0
CsubhA	GCC	A	T	0.0	0.829668073939	0.0833333333333	0.025	0.875	0.575539568345	0.0143884892086	2244.0	0.128804057662	47.0	0.0	0.0
CsubhB	GCC	A	T	0.0	0.829668073939	0.0833333333333	0.025	0.875	0.575539568345	0.0143884892086	2244.0	0.128804057662	47.0	0.0	0.0
OanguA	GCA	A	T	0.0	0.222222160254	0.111111111111	0.0204081632653	0.836734693878	0.355072463768	0.00724637681159	2248.0	-0.0873334743075	44.0	0.0	0.0
CalaiA	GCT	A	T	1.0	0.613043344663	0.1	0.01	0.88	0.77519379845	0.0077519379845	2056.0	0.0781954887218	45.0	0.0	0.0
KtherA	GCA	A	T	0.0	0.778430719858	0.166666666667	0.025641025641	0.717948717949	0.386138613861	0.019801980198	1429.0	-0.0447104813096	44.0	0.0	0.0
KtherA	GCT	A	T	0.0	0.778430719858	0.166666666667	0.0172413793103	0.879310344828	0.574257425743	0.019801980198	1429.0	0.0612479474548	45.0	0.0	0.0
CblacA	GCT	A	T	0.0	0.574074074074	1.0	0.0384615384615	0.846153846154	0.8125	0.03125	434.0	0.0349895031491	45.0	0.0	0.061
CnorvA	GCA	A	T	0.0	0.0352402708073	0.0909090909091	0.0185185185185	0.87037037037	0.397058823529	0.0147058823529	2249.0	0.0305882352941	44.0	0.0	0.0
CnorvA	GCG	A	T	0.0	0.0352402708073	0.333333333333	0.333333333333	0.666666666667	0.0220588235294	0.0147058823529	2249.0	1.34519572954	46.0	0.0	0.013
CviswA	GCA	A	T	0.0	0.813794847855	0.111111111111	0.0227272727273	0.886363636364	0.338461538462	0.0153846153846	2249.0	0.0883258347147	44.0	0.0	0.0
CviswA	GCT	A	T	0.0	0.813794847855	0.0833333333333	0.0138888888889	0.972222222222	0.553846153846	0.0153846153846	2249.0	0.0735115431349	45.0	0.0	0.0
MstarA	GCT	A	T	0.0	0.675257731959	0.0833333333333	0.0119047619048	0.738095238095	0.672	0.008	2249.0	-0.0410334346505	45.0	0.0	0.0
NbaciA	GCT	A	T	0.0	0.609588906305	0.166666666667	0.0142857142857	0.8	0.769230769231	0.010989010989	1428.0	-0.0764296437833	45.0	0.0	0.0
CtetrA	GCT	A	T	0.0	0.659835948131	0.0769230769231	0.0114942528736	0.942528735632	0.6796875	0.0078125	2249.0	0.0242574257426	45.0	0.0	0.0
CbohiA	GCA	A	T	0.0	0.288133506057	0.125	0.0277777777778	0.916666666667	0.246575342466	0.013698630137	2250.0	0.048231511254	44.0	0.0	0.0
CbohiA	GCT	A	T	0.0	0.288133506057	0.0769230769231	0.00925925925926	0.861111111111	0.739726027397	0.013698630137	2250.0	-0.0653548840478	45.0	0.0	0.0
LstarA	GCA	A	T	0.0	0.820452479885	0.142857142857	0.027027027027	0.675675675676	0.313559322034	0.0169491525424	1834.0	-0.090051457976	44.0	0.0	0.0
LstarA	GCT	A	T	0.0	0.820452479885	0.1	0.0140845070423	0.647887323944	0.601694915254	0.0169491525424	1834.0	-0.00670931502575	45.0	0.0	0.0
MfariA	GCT	A	T	0.0	0.731404865944	0.0833333333333	0.0147058823529	0.941176470588	0.535433070866	0.00787401574803	2248.0	0.00887282287217	45.0	0.0	0.0
CcastA	GCT	A	T	0.0	0.380619315776	0.333333333333	0.0350877192982	0.80701754386	0.59375	0.0208333333333	1428.0	0.0965205754433	45.0	0.0	0.0
LanspB	GCA	A	T	0.0	0.796918697392	0.2	0.0277777777778	0.777777777778	0.36	0.02	1429.0	-0.0142857142857	44.0	0.0	0.0
LanspB	GCT	A	T	0.0	0.796918697392	0.166666666667	0.0172413793103	0.844827586207	0.58	0.02	1429.0	0.0807219031993	45.0	0.0	0.0
CphanA	GCA	A	T	0.0	0.552884537256	0.0833333333333	0.0408163265306	0.65306122449	0.302469135802	0.0308641975309	2247.0	0.0838454784899	44.0	0.0	0.0
CphanA	GCT	A	T	0.0	0.552884537256	0.25	0.0277777777778	0.657407407407	0.666666666667	0.0308641975309	2247.0	-0.00159856129483	45.0	0.0	0.0
LanspA	GCT	A	T	0.0	0.0180722865816	0.166666666667	0.0172413793103	0.879310344828	0.585858585859	0.020202020202	1429.0	-0.0120204182447	45.0	0.0	0.0
LanspA	GCG	A	T	0.0	0.0180722865816	1.0	1.0	0.0	0.010101010101	0.020202020202	1429.0	2.95145631068	46.0	0.0	0.127
CglabA	GCT	A	T	0.0	0.716216118239	0.166666666667	0.02	0.82	0.561797752809	0.0112359550562	1413.0	-0.0250712250712	45.0	0.0	0.0
ScryoA	GCT	A	T	0.0	0.0667388116821	0.333333333333	0.037037037037	0.5	0.5625	0.03125	1424.0	-0.27995023107	45.0	0.0	0.0
ScryoA	GCG	A	T	0.0	0.0667388116821	1.0	0.5	0.5	0.0208333333333	0.03125	1424.0	1.77727272727	46.0	0.0	0.045
HuvarA	GCA	A	T	0.0	0.791014745475	0.2	0.0384615384615	0.692307692308	0.298850574713	0.0459770114943	1361.0	-0.0175374497625	44.0	0.0	0.0
HuvarA	GCT	A	T	0.0	0.791014745475	0.5	0.0508474576271	0.661016949153	0.67816091954	0.0459770114943	1361.0	-0.0878269292864	45.0	0.0	0.0
KlactA	GCT	A	T	0.0	0.386315732174	0.333333333333	0.037037037037	0.777777777778	0.586956521739	0.0217391304348	1408.0	0.0595006197981	45.0	0.0	0.0
CzempA	GCT	A	T	0.0	0.75	0.166666666667	0.0222222222222	0.577777777778	0.5625	0.0125	1428.0	-0.132443314261	45.0	0.0	0.0
PpastA	GCA	A	T	0.0	0.757055598807	0.1	0.0128205128205	0.820512820513	0.586466165414	0.015037593985	2248.0	-0.012999195926	44.0	0.0	0.0
PpastA	GCT	A	T	0.0	0.757055598807	0.0833333333333	0.0185185185185	0.888888888889	0.406015037594	0.015037593985	2248.0	-0.0109958506224	45.0	0.0	0.0
SjapoA	GCT	A	T	0.0	0.684948870819	0.333333333333	0.0327868852459	0.606557377049	0.782051282051	0.025641025641	1423.0	-0.0960960960961	45.0	0.0	0.0
MmagnB	GCA	A	T	0.0	0.816326467198	0.111111111111	0.0188679245283	0.660377358491	0.404580152672	0.00763358778626	2249.0	-0.0575651497472	44.0	0.0	0.0
MmagnA	GCA	A	T	0.0	0.826530552354	0.111111111111	0.0196078431373	0.647058823529	0.389312977099	0.00763358778626	2249.0	-0.0426655830963	44.0	0.0	0.0
CcoryA	GCT	A	T	0.0	0.776902810114	0.153846153846	0.0210526315789	0.873684210526	0.659722222222	0.0138888888889	2250.0	-0.0078485687904	45.0	0.0	0.0
MtetrA	GCA	A	T	0.0	0.434999953391	0.125	0.03125	0.8125	0.238805970149	0.00746268656716	2248.0	-0.148706896552	44.0	0.0	0.0
CsaraA	GCT	A	T	0.0	0.45508457067	0.181818181818	0.0266666666667	0.96	0.5859375	0.015625	2249.0	0.1026281016	45.0	0.0	0.0
PkluyA	GCA	A	T	0.0	0.810897370609	0.111111111111	0.0131578947368	0.763157894737	0.59375	0.015625	2247.0	0.0394682176984	44.0	0.0	0.0
PkluyA	GCT	A	T	0.0	0.810897370609	0.0909090909091	0.025641025641	0.871794871795	0.3046875	0.015625	2247.0	0.0362637362637	45.0	0.0	0.0
PcanaA	GCT	A	T	0.0	0.689655065266	0.0909090909091	0.0112359550562	0.797752808989	0.635714285714	0.00714285714286	2250.0	-0.0053692876745	45.0	0.0	0.0
YlipoB	GCA	A	T	0.0	0.274130985036	0.181818181818	0.0555555555556	0.685185185185	0.3375	0.025	2247.0	0.115901343493	44.0	0.0	0.0
YlipoB	GCT	A	T	0.0	0.274130985036	0.0833333333333	0.0102040816327	0.642857142857	0.6125	0.025	2247.0	-0.0527065527066	45.0	0.0	0.0
YlipoA	GCA	A	T	0.0	0.274130985036	0.181818181818	0.0555555555556	0.685185185185	0.3375	0.025	2247.0	0.115901343493	44.0	0.0	0.0
YlipoA	GCT	A	T	0.0	0.274130985036	0.0833333333333	0.0102040816327	0.642857142857	0.6125	0.025	2247.0	-0.0527065527066	45.0	0.0	0.0
CjadiA	GCA	A	T	0.0	0.759725317502	0.111111111111	0.0178571428571	0.875	0.4	0.0142857142857	2250.0	-0.0187627716886	44.0	0.0	0.0
CjadiA	GCT	A	T	0.0	0.759725317502	0.0833333333333	0.0121951219512	0.756097560976	0.585714285714	0.0142857142857	2250.0	-0.0378256844333	45.0	0.0	0.0
AgossB	GCA	A	T	2.0	0.208333333333	0.2	0.0909090909091	0.818181818182	0.203703703704	0.037037037037	1427.0	0.112488928255	44.0	0.0	0.0
AgossB	GCT	A	T	2.0	0.208333333333	0.166666666667	0.0232558139535	0.860465116279	0.796296296296	0.037037037037	1427.0	0.0473859844271	45.0	0.0	0.0
NdelpA	GCA	A	T	0.0	0.256944370119	0.166666666667	0.0285714285714	0.857142857143	0.411764705882	0.0117647058824	1412.0	-0.121492781259	44.0	0.0	0.0
CalimA	GCA	A	T	0.0	0.875497705952	0.111111111111	0.0238095238095	0.642857142857	0.260869565217	0.0310559006211	2247.0	0.078334159643	44.0	0.0	0.0
CalimA	GCT	A	T	0.0	0.875497705952	0.25	0.0366972477064	0.633027522936	0.67701863354	0.0310559006211	2247.0	0.0302909127262	45.0	0.0	0.0
CchauA	GCT	A	T	0.0	0.773333255076	0.153846153846	0.0204081632653	0.84693877551	0.685314685315	0.013986013986	2250.0	0.0154389060432	45.0	0.0	0.0
BcaliA	GCA	A	T	0.0	0.76611686078	0.1	0.0181818181818	0.927272727273	0.404411764706	0.0147058823529	2250.0	-0.038789025544	44.0	0.0	0.0
BcaliA	GCT	A	T	0.0	0.76611686078	0.0833333333333	0.012987012987	0.766233766234	0.566176470588	0.0147058823529	2250.0	0.0872697049453	45.0	0.0	0.0
SoctoA	GCA	A	T	0.0	0.278246731712	0.4	0.0869565217391	0.521739130435	0.234693877551	0.030612244898	1425.0	0.0676348547718	44.0	0.0	0.0
SoctoA	GCT	A	T	0.0	0.278246731712	0.166666666667	0.0147058823529	0.544117647059	0.69387755102	0.030612244898	1425.0	-0.22439439014	45.0	0.0	0.0
CdefoA	GCA	A	T	0.0	0.875917833237	0.153846153846	0.0327868852459	0.622950819672	0.38125	0.025	2247.0	-0.0436170212766	44.0	0.0	0.0
CdefoA	GCT	A	T	0.0	0.875917833237	0.181818181818	0.0227272727273	0.659090909091	0.55	0.025	2247.0	0.0259948256745	45.0	0.0	0.0
LdasiA	GCA	A	T	0.0	0.775971015697	0.166666666667	0.0263157894737	0.789473684211	0.387755102041	0.0204081632653	1429.0	0.003996003996	44.0	0.0	0.0
LdasiA	GCT	A	T	0.0	0.775971015697	0.166666666667	0.0175438596491	0.824561403509	0.581632653061	0.0204081632653	1429.0	0.060327540107	45.0	0.0	0.0
LkluyF	GCA	A	T	0.0	0.384681536631	0.4	0.0392156862745	0.823529411765	0.50495049505	0.019801980198	1429.0	0.0121791268503	44.0	0.0	0.0
LkluyE	GCA	A	T	0.0	0.380378608462	0.4	0.0392156862745	0.843137254902	0.50495049505	0.019801980198	1429.0	0.033121257485	44.0	0.0	0.0
LkluyD	GCA	A	T	0.0	0.369673769232	0.4	0.04	0.84	0.505050505051	0.020202020202	1429.0	0.0442832601642	44.0	0.0	0.0
LkluyC	GCA	A	T	0.0	0.384681536631	0.4	0.0392156862745	0.823529411765	0.50495049505	0.019801980198	1429.0	0.0121791268503	44.0	0.0	0.0
LkluyA	GCA	A	T	0.0	0.384681536631	0.4	0.0392156862745	0.823529411765	0.50495049505	0.019801980198	1429.0	0.0121791268503	44.0	0.0	0.0
MguilA	GCA	A	T	0.0	0.227999935092	0.111111111111	0.0204081632653	0.938775510204	0.371212121212	0.00757575757576	2250.0	0.12440082173	44.0	0.0	0.0
CsalmA	GCA	A	T	0.0	0.0603869413736	0.125	0.04	0.72	0.208333333333	0.025	2153.0	0.0813904196694	44.0	0.0	0.0
CsalmA	GCC	A	T	0.0	0.0603869413736	0.25	0.142857142857	0.142857142857	0.0583333333333	0.025	2153.0	-0.0690121786198	47.0	0.0	0.001
CsalmA	GCT	A	T	0.0	0.0603869413736	0.0909090909091	0.0116279069767	0.732558139535	0.716666666667	0.025	2153.0	-0.0792652239557	45.0	0.0	0.0
LnothA	GCA	A	T	0.0	0.780550698761	0.166666666667	0.0277777777778	0.805555555556	0.356435643564	0.019801980198	1429.0	-0.0135027799841	44.0	0.0	0.0
LnothA	GCT	A	T	0.0	0.780550698761	0.166666666667	0.0161290322581	0.806451612903	0.613861386139	0.019801980198	1429.0	0.0422621791916	45.0	0.0	0.0
BcustA	GCT	A	T	0.0	0.408075550284	0.181818181818	0.030303030303	0.772727272727	0.540983606557	0.016393442623	2247.0	0.0678941311853	45.0	0.0	0.0
AgossA	GCA	A	T	2.0	0.229166666667	0.2	0.0833333333333	0.833333333333	0.222222222222	0.037037037037	1427.0	0.101461038961	44.0	0.0	0.0
AgossA	GCT	A	T	2.0	0.229166666667	0.166666666667	0.0238095238095	0.857142857143	0.777777777778	0.037037037037	1427.0	0.0489526411658	45.0	0.0	0.0
MingeA	GCA	A	T	0.0	0.373869065549	0.111111111111	0.027027027027	0.783783783784	0.286821705426	0.015503875969	2249.0	-0.0369948776323	44.0	0.0	0.0
MingeA	GCT	A	T	0.0	0.373869065549	0.0833333333333	0.0113636363636	0.715909090909	0.682170542636	0.015503875969	2249.0	0.00468904244817	45.0	0.0	0.0
ScastA	GCA	A	T	0.0	0.222972919319	0.166666666667	0.0384615384615	0.846153846154	0.295454545455	0.0113636363636	1426.0	0.104105571848	44.0	0.0	0.0