### Random Forest prediction
genome	codon	ori_aa	rea_aa	fitch	Fisher pval	Gene frac	N. rea	N. used	Cod. count	Sub. count	G. len	codon_lik	id	prediction
Paracentrotus	TCG	S	A	0.0	0.283059243816	0.333333333333	0.2	0.6	0.0510204081633	0.0816326530612	1784.0	1.02684563758	30.0	0.0
Paracentrotus	TCT	S	A	0.0	0.283059243816	0.2	0.0689655172414	0.827586206897	0.295918367347	0.0816326530612	1784.0	0.967895362663	29.0	0.0
Paracentrotus	TCC	S	A	0.0	0.283059243816	0.444444444444	0.16	0.64	0.255102040816	0.0816326530612	1784.0	0.886896551724	31.0	0.0
Paracentrotus	TCA	S	A	0.0	0.283059243816	0.125	0.0322580645161	0.935483870968	0.316326530612	0.0816326530612	1784.0	0.893333333333	28.0	0.0
Andalucia	TCT	S	A	0.0	0.500342415939	0.4	0.0943396226415	0.792452830189	0.490740740741	0.12962962963	1783.0	0.864197530864	29.0	0.0
Andalucia	AGT	S	A	0.0	0.500342415939	0.714285714286	0.208333333333	0.625	0.222222222222	0.12962962963	1783.0	1.00858369099	9.0	0.0
Andalucia	AGC	S	A	0.0	0.500342415939	0.25	0.166666666667	0.666666666667	0.0555555555556	0.12962962963	1783.0	0.80701754386	11.0	0.0
Andalucia	TCC	S	A	0.0	0.500342415939	0.375	0.166666666667	0.777777777778	0.166666666667	0.12962962963	1783.0	1.08477842004	31.0	0.0
Seculomonas	TCT	S	A	0.0	0.736015950066	0.444444444444	0.102564102564	0.794871794872	0.351351351351	0.117117117117	1784.0	0.996494303243	29.0	0.0
Seculomonas	AGT	S	A	0.0	0.736015950066	0.25	0.153846153846	0.538461538462	0.117117117117	0.117117117117	1784.0	0.492227979275	9.0	0.0
Seculomonas	AGC	S	A	0.0	0.736015950066	0.571428571429	0.181818181818	0.727272727273	0.198198198198	0.117117117117	1784.0	1.0652866242	11.0	0.0
Seculomonas	TCA	S	A	0.0	0.736015950066	0.1	0.0909090909091	0.818181818182	0.297297297297	0.117117117117	1784.0	0.843815513627	28.0	0.0
Schistosoma	TCG	S	A	0.0	0.800126469705	0.25	0.125	0.25	0.0601503759398	0.112781954887	1688.0	0.254310344828	30.0	0.0
Schistosoma	TCT	S	A	0.0	0.800126469705	0.555555555556	0.137254901961	0.313725490196	0.383458646617	0.112781954887	1688.0	0.385290148448	29.0	0.0
Schistosoma	AGT	S	A	0.0	0.800126469705	0.4	0.0869565217391	0.413043478261	0.345864661654	0.112781954887	1688.0	0.22418879056	9.0	0.0
Schistosoma	TCA	S	A	0.0	0.800126469705	0.375	0.136363636364	0.454545454545	0.165413533835	0.112781954887	1688.0	0.594339622642	28.0	0.0
Fasciola	TCG	S	A	0.0	0.444311804042	0.166666666667	0.25	0.25	0.0615384615385	0.130769230769	1701.0	0.163793103448	30.0	0.0
Fasciola	TCT	S	A	0.0	0.444311804042	0.545454545455	0.147058823529	0.308823529412	0.523076923077	0.130769230769	1701.0	0.432148222334	29.0	0.0
Fasciola	AGT	S	A	0.0	0.444311804042	0.363636363636	0.1	0.475	0.307692307692	0.130769230769	1701.0	0.411262798635	9.0	0.0
Fasciola	TCA	S	A	0.0	0.444311804042	0.25	0.25	0.25	0.0307692307692	0.130769230769	1701.0	0.637931034483	28.0	0.0
Patiria	TCG	S	A	0.0	0.188738078625	0.5	0.375	0.625	0.0776699029126	0.116504854369	1784.0	1.51666666667	30.0	0.0
Patiria	TCT	S	A	0.0	0.188738078625	0.571428571429	0.166666666667	0.733333333333	0.291262135922	0.116504854369	1784.0	1.08390022676	29.0	0.0
Patiria	AGC	S	A	0.0	0.188738078625	0.2	0.111111111111	0.666666666667	0.0873786407767	0.116504854369	1784.0	0.870229007634	11.0	0.0
Patiria	TCC	S	A	0.0	0.188738078625	0.25	0.0625	0.84375	0.31067961165	0.116504854369	1784.0	0.940347071584	31.0	0.0
Patiria	TCA	S	A	0.0	0.188738078625	0.125	0.047619047619	0.904761904762	0.203883495146	0.116504854369	1784.0	0.98175787728	28.0	0.0
Lumbricus	TCT	S	A	0.0	0.0220217872686	0.2	0.0833333333333	0.666666666667	0.235294117647	0.0490196078431	1781.0	0.805515239478	29.0	0.0
Lumbricus	AGC	S	A	0.0	0.0220217872686	0.4	0.333333333333	0.5	0.0588235294118	0.0490196078431	1781.0	1.15028901734	11.0	0.0
Lumbricus	TCC	S	A	0.0	0.0220217872686	0.125	0.05	0.65	0.196078431373	0.0490196078431	1781.0	0.643103448276	31.0	0.0
Halocynthia	TCG	S	A	0.0	0.664092326433	0.4	0.25	0.5	0.0666666666667	0.125	1746.0	1.06355932203	30.0	0.0
Halocynthia	TCT	S	A	0.0	0.664092326433	0.454545454545	0.102040816327	0.612244897959	0.408333333333	0.125	1746.0	0.764623955432	29.0	0.0
Halocynthia	AGT	S	A	0.0	0.664092326433	0.4	0.119047619048	0.52380952381	0.35	0.125	1746.0	0.527093596059	9.0	0.0
Halocynthia	TCA	S	A	0.0	0.664092326433	0.428571428571	0.176470588235	0.529411764706	0.141666666667	0.125	1746.0	0.966666666667	28.0	0.0
Limulus	TCT	S	A	0.0	0.284219848618	0.25	0.1	0.725	0.373831775701	0.0934579439252	1781.0	0.924957841484	29.0	0.0
Limulus	AGT	S	A	0.0	0.284219848618	0.2	0.142857142857	0.571428571429	0.0654205607477	0.0934579439252	1781.0	0.581730769231	9.0	0.0
Limulus	AGC	S	A	0.0	0.284219848618	0.25	0.2	0.8	0.0467289719626	0.0934579439252	1781.0	1.03496503497	11.0	0.0
Limulus	TCC	S	A	0.0	0.284219848618	0.333333333333	0.142857142857	0.52380952381	0.196261682243	0.0934579439252	1781.0	0.709624796085	31.0	0.0
Limulus	TCA	S	A	0.0	0.284219848618	0.125	0.030303030303	0.848484848485	0.308411214953	0.0934579439252	1781.0	0.825995807128	28.0	0.0
Caenorhabditis	TCT	S	A	0.0	0.659828449492	0.333333333333	0.114285714286	0.457142857143	0.376344086022	0.129032258065	1755.0	0.634097706879	29.0	0.0
Caenorhabditis	AGT	S	A	0.0	0.659828449492	0.333333333333	0.181818181818	0.409090909091	0.236559139785	0.129032258065	1755.0	0.5765625	9.0	0.0
Caenorhabditis	AGC	S	A	0.0	0.659828449492	0.333333333333	0.2	0.4	0.0537634408602	0.129032258065	1755.0	0.630136986301	11.0	0.0
Caenorhabditis	TCC	S	A	0.0	0.659828449492	0.5	0.5	0.5	0.0215053763441	0.129032258065	1755.0	2.41666666667	31.0	0.0
Caenorhabditis	TCA	S	A	0.0	0.659828449492	0.222222222222	0.0740740740741	0.37037037037	0.290322580645	0.129032258065	1755.0	0.27806122449	28.0	0.0
Axinella	TCT	S	A	0.0	0.858115696105	0.2	0.0526315789474	0.815789473684	0.355140186916	0.0560747663551	1777.0	0.779981965735	29.0	0.0
Axinella	AGT	S	A	0.0	0.858115696105	0.2	0.0909090909091	0.818181818182	0.205607476636	0.0560747663551	1777.0	0.84094488189	9.0	0.0
Axinella	TCA	S	A	0.0	0.858115696105	0.2	0.0869565217391	0.782608695652	0.214953271028	0.0560747663551	1777.0	0.828869047619	28.0	0.0
Terebratulina	TCT	S	A	0.0	0.817549298194	0.3	0.121212121212	0.636363636364	0.326732673267	0.0990099009901	1783.0	0.751037344398	29.0	0.0
Terebratulina	TCC	S	A	0.0	0.817549298194	0.4	0.119047619048	0.714285714286	0.415841584158	0.0990099009901	1783.0	0.864754098361	31.0	0.0
Terebratulina	TCA	S	A	0.0	0.817549298194	0.125	0.0526315789474	0.842105263158	0.188118811881	0.0990099009901	1783.0	0.918181818182	28.0	0.0
Jbahamiensis	TCT	S	A	0.0	0.410434910589	0.375	0.0882352941176	0.852941176471	0.309090909091	0.127272727273	1784.0	1.05685279188	29.0	0.0
Jbahamiensis	AGT	S	A	0.0	0.410434910589	0.25	0.0909090909091	0.727272727273	0.2	0.127272727273	1784.0	0.7171561051	9.0	0.0
Jbahamiensis	AGC	S	A	0.0	0.410434910589	0.4	0.25	0.75	0.0727272727273	0.127272727273	1784.0	1.14666666667	11.0	0.0
Jbahamiensis	TCA	S	A	0.0	0.410434910589	0.444444444444	0.21875	0.75	0.290909090909	0.127272727273	1784.0	1.23732470334	28.0	0.0
Bfloridae	TCG	S	A	2.0	0.431414373319	0.333333333333	0.125	0.75	0.125	0.046875	1085.0	1.02118644068	30.0	0.0
Bfloridae	TCA	S	A	2.0	0.431414373319	0.142857142857	0.117647058824	0.823529411765	0.265625	0.046875	1085.0	0.829076620825	28.0	0.0
Katharina	TCT	S	A	0.0	0.279175227385	0.333333333333	0.0545454545455	0.872727272727	0.533980582524	0.0388349514563	1781.0	0.949463044852	29.0	0.0
Katharina	AGC	S	A	0.0	0.279175227385	0.333333333333	0.2	0.2	0.0485436893204	0.0388349514563	1781.0	0.189189189189	11.0	0.0
Geodia	TCG	S	A	0.0	0.00360110827049	0.4	0.222222222222	0.777777777778	0.0769230769231	0.0854700854701	1780.0	1.11538461538	30.0	0.0
Geodia	TCT	S	A	0.0	0.00360110827049	0.3	0.0697674418605	0.883720930233	0.367521367521	0.0854700854701	1780.0	0.929365079365	29.0	0.0
Geodia	AGC	S	A	0.0	0.00360110827049	0.666666666667	0.5	0.0	0.034188034188	0.0854700854701	1780.0	1.27586206897	11.0	0.0
Geodia	TCC	S	A	0.0	0.00360110827049	0.2	0.142857142857	0.857142857143	0.0598290598291	0.0854700854701	1780.0	0.897058823529	31.0	0.0
Geodia	TCA	S	A	0.0	0.00360110827049	0.222222222222	0.0769230769231	0.730769230769	0.222222222222	0.0854700854701	1780.0	0.745718050066	28.0	0.0
Metridium	TCT	S	A	0.0	0.214582060553	0.2	0.05	0.925	0.388349514563	0.0679611650485	1783.0	0.759623609923	29.0	0.0
Metridium	AGT	S	A	0.0	0.214582060553	0.125	0.047619047619	0.857142857143	0.203883495146	0.0679611650485	1783.0	0.775577557756	9.0	0.0
Metridium	AGC	S	A	0.0	0.214582060553	0.333333333333	0.166666666667	0.833333333333	0.0582524271845	0.0679611650485	1783.0	1.19298245614	11.0	0.0
Metridium	TCA	S	A	0.0	0.214582060553	0.333333333333	0.2	0.733333333333	0.145631067961	0.0679611650485	1783.0	1.14578587699	28.0	0.0
Acropora	TCG	S	A	0.0	0.23750271169	0.125	0.0555555555556	0.944444444444	0.163636363636	0.0727272727273	1781.0	0.9868173258	30.0	0.0
Acropora	TCT	S	A	0.0	0.23750271169	0.3	0.0666666666667	0.888888888889	0.409090909091	0.0727272727273	1781.0	0.870696250956	29.0	0.0
Acropora	AGT	S	A	0.0	0.23750271169	0.111111111111	0.0416666666667	0.75	0.218181818182	0.0727272727273	1781.0	0.499274310595	9.0	0.0
Acropora	AGC	S	A	0.0	0.23750271169	0.333333333333	0.25	0.75	0.0363636363636	0.0727272727273	1781.0	1.39655172414	11.0	0.0
Acropora	TCC	S	A	0.0	0.23750271169	0.333333333333	0.2	0.5	0.0909090909091	0.0727272727273	1781.0	0.852739726027	31.0	0.0
Trichinella	TCG	S	A	0.0	0.749188272875	0.25	0.1	0.4	0.0840336134454	0.142857142857	1759.0	0.209459459459	30.0	0.0
Trichinella	TCT	S	A	0.0	0.749188272875	0.333333333333	0.230769230769	0.461538461538	0.218487394958	0.142857142857	1759.0	0.776470588235	29.0	0.0
Trichinella	AGT	S	A	0.0	0.749188272875	0.111111111111	0.05	0.45	0.168067226891	0.142857142857	1759.0	0.192567567568	9.0	0.0
Trichinella	AGC	S	A	0.0	0.749188272875	0.166666666667	0.0833333333333	0.25	0.100840336134	0.142857142857	1759.0	0.174785100287	11.0	0.0
Trichinella	TCC	S	A	0.0	0.749188272875	0.428571428571	0.2	0.45	0.168067226891	0.142857142857	1759.0	0.781786941581	31.0	0.0
Trichinella	TCA	S	A	0.0	0.749188272875	0.375	0.129032258065	0.58064516129	0.260504201681	0.142857142857	1759.0	0.761744966443	28.0	0.0
Balanoglossus	TCG	S	A	0.0	0.000616494230637	0.333333333333	0.375	0.625	0.0808080808081	0.030303030303	1784.0	1.3686440678	30.0	0.0
Reclinomonas	TCG	S	A	0.0	0.927973479093	0.2	0.125	0.875	0.0714285714286	0.142857142857	1784.0	1.46288209607	30.0	0.0
Reclinomonas	TCT	S	A	0.0	0.927973479093	0.222222222222	0.107142857143	0.857142857143	0.25	0.142857142857	1784.0	1.06854345165	29.0	0.0
Reclinomonas	AGT	S	A	0.0	0.927973479093	0.375	0.166666666667	0.708333333333	0.214285714286	0.142857142857	1784.0	0.920114122682	9.0	0.0
Reclinomonas	TCA	S	A	0.0	0.927973479093	0.5	0.163265306122	0.714285714286	0.4375	0.142857142857	1784.0	0.954321855235	28.0	0.0
Drosophila	TCT	S	A	0.0	0.903851536362	0.454545454545	0.12	0.64	0.47619047619	0.104761904762	1783.0	0.781990521327	29.0	0.0
Drosophila	AGT	S	A	0.0	0.903851536362	0.125	0.0833333333333	0.75	0.114285714286	0.104761904762	1783.0	0.627507163324	9.0	0.0
Drosophila	TCA	S	A	0.0	0.903851536362	0.4	0.1	0.775	0.380952380952	0.104761904762	1783.0	0.98	28.0	0.0
Jlibera	TCT	S	A	0.0	0.832735854624	0.5	0.137931034483	0.793103448276	0.532110091743	0.137614678899	1784.0	0.992882562278	29.0	0.0
Jlibera	AGT	S	A	0.0	0.832735854624	0.25	0.1	0.7	0.183486238532	0.137614678899	1784.0	0.632582322357	9.0	0.0
Jlibera	AGC	S	A	0.0	0.832735854624	0.25	0.181818181818	0.818181818182	0.100917431193	0.137614678899	1784.0	1.16037735849	11.0	0.0
Jlibera	TCA	S	A	0.0	0.832735854624	0.428571428571	0.2	0.666666666667	0.137614678899	0.137614678899	1784.0	1.31363636364	28.0	0.0
Myxine	TCG	S	A	0.0	0.479783447661	0.333333333333	0.333333333333	0.333333333333	0.0212765957447	0.0780141843972	1783.0	1.04545454545	30.0	0.0
Myxine	TCT	S	A	0.0	0.479783447661	0.125	0.03125	0.65625	0.22695035461	0.0780141843972	1783.0	0.661220043573	29.0	0.0
Myxine	AGC	S	A	0.0	0.479783447661	0.166666666667	0.0714285714286	0.642857142857	0.0992907801418	0.0780141843972	1783.0	0.647642679901	11.0	0.0
Myxine	TCC	S	A	0.0	0.479783447661	0.333333333333	0.0882352941176	0.617647058824	0.241134751773	0.0780141843972	1783.0	0.668356997972	31.0	0.0
Myxine	TCA	S	A	0.0	0.479783447661	0.272727272727	0.0961538461538	0.711538461538	0.368794326241	0.0780141843972	1783.0	0.803159973667	28.0	0.0
Ciona	TCT	S	A	0.0	0.354305384991	0.636363636364	0.211538461538	0.442307692308	0.390977443609	0.18045112782	1767.0	0.998671978752	29.0	0.0
Ciona	AGT	S	A	0.0	0.354305384991	0.272727272727	0.0810810810811	0.621621621622	0.278195488722	0.18045112782	1767.0	0.51582867784	9.0	0.0
Ciona	AGC	S	A	0.0	0.354305384991	0.5	0.333333333333	0.666666666667	0.0225563909774	0.18045112782	1767.0	1.40909090909	11.0	0.0
Ciona	TCC	S	A	0.0	0.354305384991	0.5	0.25	0.625	0.0601503759398	0.18045112782	1767.0	1.51304347826	31.0	0.0
Ciona	TCA	S	A	0.0	0.354305384991	0.222222222222	0.212121212121	0.575757575758	0.248120300752	0.18045112782	1767.0	1.0178197065	28.0	0.0
Epigonichthys	TCT	S	A	0.0	0.270822792751	0.2	0.06	0.86	0.515463917526	0.0721649484536	1783.0	0.960797799175	29.0	0.0
Epigonichthys	AGT	S	A	0.0	0.270822792751	0.166666666667	0.125	0.75	0.0824742268041	0.0721649484536	1783.0	1.20627802691	9.0	0.0
Epigonichthys	TCA	S	A	0.0	0.270822792751	0.333333333333	0.230769230769	0.769230769231	0.134020618557	0.0721649484536	1783.0	1.20472440945	28.0	0.0
Daphnia	TCG	S	A	0.0	0.995379937869	0.125	0.1	0.9	0.0900900900901	0.0990990990991	1783.0	1.08503401361	30.0	0.0
Daphnia	TCT	S	A	0.0	0.995379937869	0.333333333333	0.108695652174	0.695652173913	0.414414414414	0.0990990990991	1783.0	0.718382352941	29.0	0.0
Daphnia	AGT	S	A	0.0	0.995379937869	0.142857142857	0.0833333333333	0.583333333333	0.108108108108	0.0990990990991	1783.0	0.63768115942	9.0	0.0
Daphnia	TCC	S	A	0.0	0.995379937869	0.142857142857	0.0714285714286	0.714285714286	0.126126126126	0.0990990990991	1783.0	0.965346534653	31.0	0.0
Daphnia	TCA	S	A	0.0	0.995379937869	0.375	0.136363636364	0.772727272727	0.198198198198	0.0990990990991	1783.0	0.940251572327	28.0	0.0
Homo	TCT	S	A	0.0	0.576594158317	0.166666666667	0.0833333333333	0.833333333333	0.108108108108	0.0720720720721	1782.0	1.07038123167	29.0	0.0
Homo	AGC	S	A	0.0	0.576594158317	0.125	0.0555555555556	0.777777777778	0.162162162162	0.0720720720721	1782.0	0.590038314176	11.0	0.0
Homo	TCC	S	A	0.0	0.576594158317	0.333333333333	0.131578947368	0.815789473684	0.342342342342	0.0720720720721	1782.0	0.958257713249	31.0	0.0
Homo	TCA	S	A	0.0	0.576594158317	0.1	0.027027027027	0.837837837838	0.333333333333	0.0720720720721	1782.0	0.91936978684	28.0	0.0
Blanceolatum	TCT	S	A	2.0	0.701674624381	0.125	0.0645161290323	0.870967741935	0.516666666667	0.05	1083.0	0.836206896552	29.0	0.0
Blanceolatum	TCC	S	A	2.0	0.701674624381	0.25	0.142857142857	0.857142857143	0.116666666667	0.05	1083.0	1.07211538462	31.0	0.0
Saccoglossus	TCT	S	A	0.0	0.836012496359	0.2	0.0526315789474	0.789473684211	0.348623853211	0.0275229357798	1784.0	0.880542986425	29.0	0.0
Saccoglossus	TCA	S	A	0.0	0.836012496359	0.111111111111	0.030303030303	0.818181818182	0.302752293578	0.0275229357798	1784.0	0.731808731809	28.0	0.0

### Alignment improvement:
