### Random Forest prediction
genome	codon	ori_aa	rea_aa	fitch	Fisher pval	Gene frac	N. rea	N. used	Cod. count	Sub. count	G. len	codon_lik	id	prediction
Mesostigma_viride	AGT	S	G	0.0	0.249933291364	0.0666666666667	0.013698630137	0.780821917808	0.289682539683	0.0119047619048	3748.0	-0.314948453608	9.0	0.0
Mesostigma_viride	AGC	S	G	0.0	0.249933291364	0.111111111111	0.05	0.8	0.0793650793651	0.0119047619048	3748.0	-0.164150943396	11.0	0.0
Mesostigma_viride	TCA	S	G	0.0	0.249933291364	0.0769230769231	0.025641025641	0.794871794872	0.154761904762	0.0119047619048	3748.0	-0.240704500978	28.0	0.0
Phoenix_dactylifera	AGT	S	G	0.0	0.850678681478	0.0666666666667	0.0151515151515	0.984848484848	0.225255972696	0.00341296928328	3604.0	0.0686445607912	9.0	0.0
Marchantia_polymorpha	AGT	S	G	0.0	0.867841364063	0.0714285714286	0.015873015873	0.936507936508	0.26582278481	0.0042194092827	3530.0	-0.0742786985881	9.0	0.0
Dunaliella_salina	TCG	S	G	0.0	0.0986724758823	1.0	1.0	0.0	0.00578034682081	0.104046242775	1954.0	5.41935483871	30.0	0.0
Dunaliella_salina	TCT	S	G	0.0	0.0986724758823	0.571428571429	0.135593220339	0.423728813559	0.341040462428	0.104046242775	1954.0	-0.0185659411012	29.0	0.0
Dunaliella_salina	AGT	S	G	0.0	0.0986724758823	0.428571428571	0.0588235294118	0.558823529412	0.393063583815	0.104046242775	1954.0	-0.344334433443	9.0	0.0
Dunaliella_salina	AGC	S	G	0.0	0.0986724758823	0.285714285714	0.117647058824	0.529411764706	0.0982658959538	0.104046242775	1954.0	0.207547169811	11.0	0.0
Dunaliella_salina	TCA	S	G	0.0	0.0986724758823	0.5	0.15	0.3	0.115606936416	0.104046242775	1954.0	-0.119318181818	28.0	0.0
Physcomitrella_patens	AGT	S	G	0.0	0.351218903428	0.125	0.027397260274	0.931506849315	0.280769230769	0.0115384615385	3856.0	-0.0262191924489	9.0	0.0
Physcomitrella_patens	AGC	S	G	0.0	0.351218903428	0.0909090909091	0.037037037037	0.888888888889	0.103846153846	0.0115384615385	3856.0	-0.215277777778	11.0	0.0
Chaetosphaeridium_globosum	AGT	S	G	0.0	0.216750228456	0.1875	0.0348837209302	0.872093023256	0.339920948617	0.0237154150198	3858.0	-0.126716880815	9.0	0.0
Chaetosphaeridium_globosum	AGC	S	G	0.0	0.216750228456	0.166666666667	0.1	0.5	0.0395256916996	0.0237154150198	3858.0	-0.416974169742	11.0	0.0
Chaetosphaeridium_globosum	TCA	S	G	0.0	0.216750228456	0.125	0.027027027027	0.918918918919	0.292490118577	0.0237154150198	3858.0	-0.083109919571	28.0	0.0
Pseudendoclonium_akinetum	TCT	S	G	0.0	0.614033641549	0.133333333333	0.030303030303	0.606060606061	0.226804123711	0.0446735395189	3709.0	-0.41203974284	29.0	0.0
Pseudendoclonium_akinetum	AGT	S	G	0.0	0.614033641549	0.214285714286	0.0588235294118	0.564705882353	0.292096219931	0.0446735395189	3709.0	-0.272727272727	9.0	0.0
Pseudendoclonium_akinetum	AGC	S	G	0.0	0.614033641549	0.214285714286	0.0869565217391	0.5	0.158075601375	0.0446735395189	3709.0	-0.204564666103	11.0	0.0
Pseudendoclonium_akinetum	TCA	S	G	0.0	0.614033641549	0.142857142857	0.0338983050847	0.525423728814	0.202749140893	0.0446735395189	3709.0	-0.399342105263	28.0	0.0
Bracteacoccus_aerius	TCT	S	G	0.0	0.377700127104	0.181818181818	0.0833333333333	0.375	0.14371257485	0.0479041916168	2729.0	-0.357798165138	29.0	0.0
Bracteacoccus_aerius	AGT	S	G	0.0	0.377700127104	0.222222222222	0.0333333333333	0.65	0.359281437126	0.0479041916168	2729.0	-0.369127516779	9.0	0.0
Bracteacoccus_aerius	AGC	S	G	0.0	0.377700127104	0.3	0.0454545454545	0.636363636364	0.395209580838	0.0479041916168	2729.0	-0.170978627672	11.0	0.0
Bracteacoccus_aerius	TCC	S	G	0.0	0.377700127104	0.1	0.0588235294118	0.647058823529	0.101796407186	0.0479041916168	2729.0	-0.153674832962	31.0	0.0
Pycnococcus_provasolii	AGT	S	G	0.0	0.00574075939829	0.545454545455	0.133333333333	0.533333333333	0.206422018349	0.0366972477064	2964.0	-0.185029436501	9.0	0.0
Pycnococcus_provasolii	AGC	S	G	0.0	0.00574075939829	0.0909090909091	0.0454545454545	0.636363636364	0.100917431193	0.0366972477064	2964.0	-0.405629139073	11.0	0.0
Pycnococcus_provasolii	TCA	S	G	0.0	0.00574075939829	0.1	0.030303030303	0.515151515152	0.151376146789	0.0366972477064	2964.0	-0.533258173619	28.0	0.0
Polytoma_uvella	TCG	S	G	0.0	0.0571055733613	0.333333333333	0.166666666667	0.166666666667	0.0416666666667	0.0902777777778	1951.0	-1.14556962025	30.0	0.0
Polytoma_uvella	TCT	S	G	0.0	0.0571055733613	0.333333333333	0.2	0.4	0.0694444444444	0.0902777777778	1951.0	0.477099236641	29.0	0.0
Polytoma_uvella	AGT	S	G	0.0	0.0571055733613	0.5	0.176470588235	0.352941176471	0.118055555556	0.0902777777778	1951.0	0.0389908256881	9.0	0.0
Polytoma_uvella	AGC	S	G	0.0	0.0571055733613	0.428571428571	0.1	0.6	0.277777777778	0.0902777777778	1951.0	0.111747851003	11.0	0.0
Polytoma_uvella	TCC	S	G	0.0	0.0571055733613	0.428571428571	0.0454545454545	0.636363636364	0.458333333333	0.0902777777778	1951.0	-0.286821705426	31.0	0.0
Chlorokybus_atmophyticus	TCT	S	G	0.0	0.921342840374	0.0588235294118	0.0133333333333	0.866666666667	0.303643724696	0.0080971659919	3866.0	-0.230231307154	29.0	0.0
Chlorokybus_atmophyticus	AGT	S	G	0.0	0.921342840374	0.0666666666667	0.0153846153846	0.892307692308	0.263157894737	0.0080971659919	3866.0	-0.109877264757	9.0	0.0
Chlamydomonas_reinhardtii	TCT	S	G	0.0	0.987374066715	0.285714285714	0.0731707317073	0.487804878049	0.286713286713	0.0979020979021	1935.0	-0.327433628319	29.0	0.0
Chlamydomonas_reinhardtii	AGT	S	G	0.0	0.987374066715	0.428571428571	0.104166666667	0.520833333333	0.335664335664	0.0979020979021	1935.0	-0.164119066774	9.0	0.0
Chlamydomonas_reinhardtii	AGC	S	G	0.0	0.987374066715	0.428571428571	0.113636363636	0.545454545455	0.307692307692	0.0979020979021	1935.0	0.150493421053	11.0	0.0
Chlamydomonas_reinhardtii	TCC	S	G	0.0	0.987374066715	0.25	0.1	0.8	0.0699300699301	0.0979020979021	1935.0	0.174887892377	31.0	0.0
Chara_vulgaris	AGT	S	G	0.0	0.836134397206	0.0625	0.0121951219512	0.939024390244	0.33064516129	0.00403225806452	3867.0	-0.104283054004	9.0	0.0
Prototheca_wickerhamii	TCT	S	G	0.0	0.328465791114	0.0625	0.0116279069767	0.732558139535	0.338582677165	0.0236220472441	3819.0	-0.255591054313	29.0	0.0
Prototheca_wickerhamii	AGT	S	G	0.0	0.328465791114	0.285714285714	0.0531914893617	0.734042553191	0.370078740157	0.0236220472441	3819.0	-0.0594947025265	9.0	0.0
Bracteacoccus_minor	TCT	S	G	0.0	0.454637721623	0.2	0.0882352941176	0.411764705882	0.22972972973	0.0540540540541	2519.0	-0.494680851064	29.0	0.0
Bracteacoccus_minor	AGT	S	G	0.0	0.454637721623	0.2	0.0384615384615	0.615384615385	0.351351351351	0.0540540540541	2519.0	-0.411087113031	9.0	0.0
Bracteacoccus_minor	AGC	S	G	0.0	0.454637721623	0.333333333333	0.0652173913043	0.586956521739	0.310810810811	0.0540540540541	2519.0	-0.143775100402	11.0	0.0
Chromochloris_zofingiensis	TCT	S	G	0.0	0.307243100262	0.272727272727	0.107142857143	0.285714285714	0.339393939394	0.0787878787879	2378.0	-0.408163265306	29.0	0.0
Chromochloris_zofingiensis	AGT	S	G	0.0	0.307243100262	0.4	0.0574712643678	0.494252873563	0.527272727273	0.0787878787879	2378.0	-0.345749342682	9.0	0.0
Chromochloris_zofingiensis	AGC	S	G	0.0	0.307243100262	0.25	0.111111111111	0.555555555556	0.109090909091	0.0787878787879	2378.0	0.152173913043	11.0	0.0
Nephroselmis_olivacea	TCT	S	G	0.0	0.65247827901	0.0588235294118	0.0119047619048	0.821428571429	0.341463414634	0.0121951219512	3857.0	-0.155140186916	29.0	0.0
Nephroselmis_olivacea	AGT	S	G	0.0	0.65247827901	0.133333333333	0.0229885057471	0.770114942529	0.353658536585	0.0121951219512	3857.0	-0.374289462178	9.0	0.0

### Alignment improvement:
