### Random Forest prediction
genome	codon	ori_aa	rea_aa	fitch	Fisher pval	Gene frac	N. rea	N. used	Cod. count	Sub. count	G. len	codon_lik	id	prediction
Paracentrotus	TCT	S	G	0.0	0.156242598408	0.2	0.0689655172414	0.827586206897	0.295918367347	0.0510204081633	1784.0	-0.0154577883472	29.0	0.0
Paracentrotus	AGT	S	G	0.0	0.156242598408	0.333333333333	0.333333333333	0.666666666667	0.030612244898	0.0510204081633	1784.0	1.52873563218	9.0	0.0
Paracentrotus	TCC	S	G	0.0	0.156242598408	0.222222222222	0.08	0.64	0.255102040816	0.0510204081633	1784.0	-0.296551724138	31.0	0.0
Seculomonas	TCT	S	G	0.0	0.813953424139	0.111111111111	0.025641025641	0.794871794872	0.351351351351	0.00900900900901	1784.0	-0.160385626643	29.0	0.0
Schistosoma	TCT	S	G	0.0	0.740411046575	0.555555555556	0.0980392156863	0.313725490196	0.383458646617	0.0977443609023	1688.0	-0.343454790823	29.0	0.0
Schistosoma	AGT	S	G	0.0	0.740411046575	0.3	0.0869565217391	0.413043478261	0.345864661654	0.0977443609023	1688.0	-0.551622418879	9.0	0.0
Schistosoma	AGC	S	G	0.0	0.740411046575	0.333333333333	0.333333333333	0.333333333333	0.0225563909774	0.0977443609023	1688.0	0.32183908046	11.0	0.0
Schistosoma	TCC	S	G	0.0	0.740411046575	0.333333333333	0.333333333333	0.666666666667	0.0225563909774	0.0977443609023	1688.0	1.09090909091	31.0	0.0
Schistosoma	TCA	S	G	0.0	0.740411046575	0.25	0.0909090909091	0.454545454545	0.165413533835	0.0977443609023	1688.0	-0.383647798742	28.0	0.0
Fasciola	TCG	S	G	0.0	0.617983125959	0.166666666667	0.125	0.25	0.0615384615385	0.115384615385	1701.0	-0.879310344828	30.0	0.0
Fasciola	TCT	S	G	0.0	0.617983125959	0.454545454545	0.132352941176	0.308823529412	0.523076923077	0.115384615385	1701.0	-0.114171256885	29.0	0.0
Fasciola	AGT	S	G	0.0	0.617983125959	0.272727272727	0.1	0.475	0.307692307692	0.115384615385	1701.0	-0.133959044369	9.0	0.0
Fasciola	AGC	S	G	0.0	0.617983125959	0.333333333333	0.333333333333	0.333333333333	0.0230769230769	0.115384615385	1701.0	1.20689655172	11.0	0.0
Patiria	TCT	S	G	0.0	0.523691396394	0.142857142857	0.0333333333333	0.733333333333	0.291262135922	0.0291262135922	1784.0	-0.165532879819	29.0	0.0
Patiria	AGC	S	G	0.0	0.523691396394	0.2	0.111111111111	0.666666666667	0.0873786407767	0.0291262135922	1784.0	0.164122137405	11.0	0.0
Patiria	TCC	S	G	0.0	0.523691396394	0.125	0.03125	0.84375	0.31067961165	0.0291262135922	1784.0	-0.130151843818	31.0	0.0
Lumbricus	TCT	S	G	0.0	0.914051181982	0.2	0.0833333333333	0.666666666667	0.235294117647	0.0882352941176	1781.0	-0.300435413643	29.0	0.0
Lumbricus	TCC	S	G	0.0	0.914051181982	0.125	0.05	0.65	0.196078431373	0.0882352941176	1781.0	-0.486206896552	31.0	0.0
Lumbricus	TCA	S	G	0.0	0.914051181982	0.363636363636	0.125	0.770833333333	0.470588235294	0.0882352941176	1781.0	0.0533807829181	28.0	0.0
Halocynthia	TCT	S	G	0.0	0.885214272669	0.363636363636	0.0816326530612	0.612244897959	0.408333333333	0.05	1746.0	-0.297353760446	29.0	0.0
Halocynthia	AGT	S	G	0.0	0.885214272669	0.2	0.047619047619	0.52380952381	0.35	0.05	1746.0	-0.431855500821	9.0	0.0
Limulus	TCT	S	G	0.0	0.0937896392687	0.125	0.05	0.725	0.373831775701	0.0560747663551	1781.0	-0.119730185497	29.0	0.0
Limulus	AGT	S	G	0.0	0.0937896392687	0.2	0.142857142857	0.571428571429	0.0654205607477	0.0560747663551	1781.0	-0.355769230769	9.0	0.0
Limulus	TCC	S	G	0.0	0.0937896392687	0.333333333333	0.142857142857	0.52380952381	0.196261682243	0.0560747663551	1781.0	-0.163132137031	31.0	0.0
Caenorhabditis	TCT	S	G	0.0	0.910340582877	0.555555555556	0.171428571429	0.457142857143	0.376344086022	0.129032258065	1755.0	0.261216350947	29.0	0.0
Caenorhabditis	AGT	S	G	0.0	0.910340582877	0.222222222222	0.0909090909091	0.409090909091	0.236559139785	0.129032258065	1755.0	-0.1015625	9.0	0.0
Caenorhabditis	TCA	S	G	0.0	0.910340582877	0.333333333333	0.148148148148	0.37037037037	0.290322580645	0.129032258065	1755.0	-0.3125	28.0	0.0
Axinella	TCT	S	G	0.0	0.52141448375	0.2	0.0526315789474	0.815789473684	0.355140186916	0.0373831775701	1777.0	-0.128944995491	29.0	0.0
Axinella	AGT	S	G	0.0	0.52141448375	0.1	0.0454545454545	0.818181818182	0.205607476636	0.0373831775701	1777.0	-0.102362204724	9.0	0.0
Axinella	AGC	S	G	0.0	0.52141448375	0.166666666667	0.166666666667	0.833333333333	0.0560747663551	0.0373831775701	1777.0	0.236994219653	11.0	0.0
Terebratulina	TCT	S	G	0.0	0.373802284985	0.1	0.030303030303	0.636363636364	0.326732673267	0.029702970297	1783.0	-0.28112033195	29.0	0.0
Terebratulina	AGC	S	G	0.0	0.373802284985	0.2	0.166666666667	0.833333333333	0.0594059405941	0.029702970297	1783.0	0.523255813953	11.0	0.0
Terebratulina	TCC	S	G	0.0	0.373802284985	0.1	0.0238095238095	0.714285714286	0.415841584158	0.029702970297	1783.0	-0.372950819672	31.0	0.0
Bfloridae	TCG	S	G	0.0	0.186732898378	0.333333333333	0.125	0.75	0.125	0.03125	1085.0	0.199152542373	30.0	0.0
Bfloridae	AGT	S	G	0.0	0.186732898378	0.2	0.1	0.8	0.15625	0.03125	1085.0	-0.174657534247	9.0	0.0
Katharina	TCA	S	G	0.0	0.063291137526	0.333333333333	0.125	0.625	0.233009708738	0.0291262135922	1781.0	-0.241912798875	28.0	0.0
Geodia	AGT	S	G	0.0	0.0219663890585	0.1	0.0357142857143	0.892857142857	0.239316239316	0.025641025641	1780.0	-0.186335403727	9.0	0.0
Geodia	AGC	S	G	0.0	0.0219663890585	0.333333333333	0.25	0.0	0.034188034188	0.025641025641	1780.0	0.465517241379	11.0	0.0
Geodia	TCA	S	G	0.0	0.0219663890585	0.111111111111	0.0384615384615	0.730769230769	0.222222222222	0.025641025641	1780.0	-0.337285902503	28.0	0.0
Metridium	TCC	S	G	0.0	0.320652145767	0.166666666667	0.0666666666667	0.933333333333	0.145631067961	0.00970873786408	1783.0	0.0785219399538	31.0	0.0
Acropora	AGT	S	G	0.0	0.143589738784	0.111111111111	0.0416666666667	0.75	0.218181818182	0.0181818181818	1781.0	-0.152394775036	9.0	0.0
Acropora	TCC	S	G	0.0	0.143589738784	0.166666666667	0.1	0.5	0.0909090909091	0.0181818181818	1781.0	-0.174657534247	31.0	0.0
Trichinella	TCT	S	G	0.0	0.314124784325	0.111111111111	0.0384615384615	0.461538461538	0.218487394958	0.0840336134454	1759.0	-0.287581699346	29.0	0.0
Trichinella	AGT	S	G	0.0	0.314124784325	0.222222222222	0.1	0.45	0.168067226891	0.0840336134454	1759.0	-0.425675675676	9.0	0.0
Trichinella	AGC	S	G	0.0	0.314124784325	0.5	0.25	0.25	0.100840336134	0.0840336134454	1759.0	-0.255014326648	11.0	0.0
Trichinella	TCC	S	G	0.0	0.314124784325	0.142857142857	0.05	0.45	0.168067226891	0.0840336134454	1759.0	-0.298969072165	31.0	0.0
Trichinella	TCA	S	G	0.0	0.314124784325	0.375	0.0967741935484	0.58064516129	0.260504201681	0.0840336134454	1759.0	-0.0984340044743	28.0	0.0
Balanoglossus	TCT	S	G	0.0	0.66241156366	0.166666666667	0.0588235294118	0.941176470588	0.171717171717	0.030303030303	1784.0	0.138775510204	29.0	0.0
Balanoglossus	AGC	S	G	0.0	0.66241156366	0.111111111111	0.0769230769231	0.923076923077	0.131313131313	0.030303030303	1784.0	-0.247311827957	11.0	0.0
Balanoglossus	TCA	S	G	0.0	0.66241156366	0.111111111111	0.0357142857143	0.928571428571	0.282828282828	0.030303030303	1784.0	-0.0720390720391	28.0	0.0
Drosophila	TCT	S	G	0.0	0.186926307568	0.272727272727	0.1	0.64	0.47619047619	0.047619047619	1783.0	-0.139471902505	29.0	0.0
Myxine	TCT	S	G	0.0	0.128460822523	0.625	0.1875	0.65625	0.22695035461	0.0921985815603	1783.0	0.236383442266	29.0	0.0
Myxine	AGT	S	G	0.0	0.128460822523	0.166666666667	0.166666666667	0.833333333333	0.0425531914894	0.0921985815603	1783.0	0.43023255814	9.0	0.0
Myxine	AGC	S	G	0.0	0.128460822523	0.333333333333	0.142857142857	0.642857142857	0.0992907801418	0.0921985815603	1783.0	0.29776674938	11.0	0.0
Myxine	TCC	S	G	0.0	0.128460822523	0.333333333333	0.0882352941176	0.617647058824	0.241134751773	0.0921985815603	1783.0	-0.228194726166	31.0	0.0
Myxine	TCA	S	G	0.0	0.128460822523	0.0909090909091	0.0192307692308	0.711538461538	0.368794326241	0.0921985815603	1783.0	-0.458854509546	28.0	0.0
Ciona	TCT	S	G	0.0	0.484910143669	0.272727272727	0.0576923076923	0.442307692308	0.390977443609	0.0451127819549	1767.0	-0.406374501992	29.0	0.0
Ciona	AGT	S	G	0.0	0.484910143669	0.272727272727	0.0810810810811	0.621621621622	0.278195488722	0.0451127819549	1767.0	-0.180633147114	9.0	0.0
Epigonichthys	TCT	S	G	0.0	0.220623610308	0.1	0.02	0.86	0.515463917526	0.0309278350515	1783.0	-0.223521320495	29.0	0.0
Epigonichthys	AGT	S	G	0.0	0.220623610308	0.166666666667	0.125	0.75	0.0824742268041	0.0309278350515	1783.0	0.251121076233	9.0	0.0
Epigonichthys	TCC	S	G	0.0	0.220623610308	0.166666666667	0.125	0.875	0.0824742268041	0.0309278350515	1783.0	0.280172413793	31.0	0.0
Daphnia	TCT	S	G	0.0	0.403912413214	0.111111111111	0.0434782608696	0.695652173913	0.414414414414	0.0630630630631	1783.0	-0.339705882353	29.0	0.0
Daphnia	AGT	S	G	0.0	0.403912413214	0.285714285714	0.166666666667	0.583333333333	0.108108108108	0.0630630630631	1783.0	0.336231884058	9.0	0.0
Daphnia	AGC	S	G	0.0	0.403912413214	0.166666666667	0.142857142857	0.714285714286	0.0630630630631	0.0630630630631	1783.0	-0.258706467662	11.0	0.0
Daphnia	TCC	S	G	0.0	0.403912413214	0.142857142857	0.0714285714286	0.714285714286	0.126126126126	0.0630630630631	1783.0	-0.0049504950495	31.0	0.0
Daphnia	TCA	S	G	0.0	0.403912413214	0.125	0.0454545454545	0.772727272727	0.198198198198	0.0630630630631	1783.0	-0.172955974843	28.0	0.0
Homo	AGT	S	G	0.0	0.0503552541622	0.2	0.2	0.4	0.045045045045	0.036036036036	1782.0	0.736486486486	9.0	0.0
Homo	AGC	S	G	0.0	0.0503552541622	0.25	0.111111111111	0.777777777778	0.162162162162	0.036036036036	1782.0	0.044061302682	11.0	0.0
Homo	TCA	S	G	0.0	0.0503552541622	0.1	0.027027027027	0.837837837838	0.333333333333	0.036036036036	1782.0	-0.239110287303	28.0	0.0
Blanceolatum	TCA	S	G	0.0	0.272727247618	0.25	0.125	0.875	0.133333333333	0.0166666666667	1083.0	0.416666666667	28.0	0.0
Saccoglossus	TCT	S	G	0.0	0.397287938164	0.3	0.0789473684211	0.789473684211	0.348623853211	0.0642201834862	1784.0	-0.0642533936652	29.0	0.0
Saccoglossus	AGC	S	G	0.0	0.397287938164	0.4	0.2	0.7	0.0917431192661	0.0642201834862	1784.0	0.107638888889	11.0	0.0
Saccoglossus	TCA	S	G	0.0	0.397287938164	0.222222222222	0.0606060606061	0.818181818182	0.302752293578	0.0642201834862	1784.0	-0.175675675676	28.0	0.0

### Alignment improvement:
