### Random Forest prediction
genome	codon	ori_aa	rea_aa	fitch	Fisher pval	Gene frac	N. rea	N. used	Cod. count	Sub. count	G. len	codon_lik	id	prediction
Paracentrotus	GGG	G	A	0.0	0.150709816465	0.111111111111	0.0714285714286	0.821428571429	0.168674698795	0.0361445783133	1926.0	0.198347107438	42.0	0.0
Paracentrotus	GGA	G	A	0.0	0.150709816465	0.166666666667	0.020618556701	0.927835051546	0.584337349398	0.0361445783133	1926.0	0.130928252939	40.0	0.0
Paracentrotus	GGC	G	A	0.0	0.150709816465	0.222222222222	0.0833333333333	0.875	0.144578313253	0.0361445783133	1926.0	0.242857142857	43.0	0.0
Caenorhabditis	GGT	G	A	0.0	0.65190545876	0.25	0.0441176470588	0.764705882353	0.53125	0.046875	1865.0	0.114768174013	41.0	0.0
Caenorhabditis	GGG	G	A	0.0	0.65190545876	0.333333333333	0.0952380952381	0.809523809524	0.1640625	0.046875	1865.0	0.189512419503	42.0	0.0
Caenorhabditis	GGA	G	A	0.0	0.65190545876	0.111111111111	0.0277777777778	0.777777777778	0.28125	0.046875	1865.0	0.0660792951542	40.0	0.0
Physcomitrella_patens	GGG	G	A	0.0	0.0447368266597	0.125	0.0588235294118	0.941176470588	0.0890052356021	0.00523560209424	1926.0	0.148664343786	42.0	0.0
Schistosoma	GGT	G	A	0.0	0.734529601978	0.363636363636	0.105882352941	0.611764705882	0.586206896552	0.110344827586	1800.0	0.18464014716	41.0	0.0
Schistosoma	GGG	G	A	0.0	0.734529601978	0.2	0.0967741935484	0.645161290323	0.213793103448	0.110344827586	1800.0	0.145009416196	42.0	0.0
Schistosoma	GGA	G	A	0.0	0.734529601978	0.333333333333	0.130434782609	0.434782608696	0.158620689655	0.110344827586	1800.0	0.247266610597	40.0	0.0
Schistosoma	GGC	G	A	0.0	0.734529601978	0.25	0.166666666667	0.666666666667	0.0413793103448	0.110344827586	1800.0	0.247524752475	43.0	0.0
Fasciola	GGT	G	A	0.0	0.108566128715	0.454545454545	0.0588235294118	0.576470588235	0.537974683544	0.0632911392405	1825.0	0.011098265896	41.0	0.0
Fasciola	GGG	G	A	0.0	0.108566128715	0.0833333333333	0.051724137931	0.706896551724	0.367088607595	0.0632911392405	1825.0	0.0205980066445	42.0	0.0
Fasciola	GGC	G	A	0.0	0.108566128715	0.5	0.4	0.4	0.0316455696203	0.0632911392405	1825.0	1.24137931034	43.0	0.0
Dunaliella_salina	GGT	G	A	0.0	0.270645158229	0.428571428571	0.0490196078431	0.803921568627	0.766917293233	0.0451127819549	1392.0	0.0745496358758	41.0	0.0
Dunaliella_salina	GGC	G	A	0.0	0.270645158229	0.5	0.2	0.6	0.0375939849624	0.0451127819549	1392.0	0.0340909090909	43.0	0.0
Carica_papaya	GGA	G	A	0.0	0.808383167376	0.0909090909091	0.015625	0.984375	0.383233532934	0.0059880239521	1751.0	0.0910475030451	40.0	0.0
Patiria	GGT	G	A	0.0	0.161043505848	0.222222222222	0.0769230769231	0.846153846154	0.154761904762	0.0238095238095	1926.0	0.320216049383	41.0	0.0
Patiria	GGG	G	A	0.0	0.161043505848	0.0833333333333	0.03125	0.84375	0.190476190476	0.0238095238095	1926.0	0.161746617466	42.0	0.0
Patiria	GGA	G	A	0.0	0.161043505848	0.0833333333333	0.0112359550562	0.932584269663	0.529761904762	0.0238095238095	1926.0	0.0999778809998	40.0	0.0
Chaetosphaeridium_globosum	GGT	G	A	2.0	0.815872952303	0.0833333333333	0.00862068965517	0.974137931034	0.60103626943	0.0103626943005	1930.0	0.105011116812	41.0	0.0
Chaetosphaeridium_globosum	GGA	G	A	2.0	0.815872952303	0.0909090909091	0.0169491525424	0.966101694915	0.305699481865	0.0103626943005	1930.0	0.0862876254181	40.0	0.0
Mesostigma_viride	GGT	G	A	3.0	0.801104903706	0.0909090909091	0.010752688172	0.956989247312	0.497326203209	0.0106951871658	1873.0	0.104626485569	41.0	0.0
Mesostigma_viride	GGA	G	A	3.0	0.801104903706	0.0909090909091	0.0133333333333	0.946666666667	0.401069518717	0.0106951871658	1873.0	0.0629796242392	40.0	0.0
Pseudendoclonium_akinetum	GGT	G	A	0.0	0.714702455199	0.3	0.05	0.925	0.444444444444	0.05	1930.0	0.165762210163	41.0	0.0
Pseudendoclonium_akinetum	GGG	G	A	0.0	0.714702455199	0.181818181818	0.0555555555556	0.916666666667	0.2	0.05	1930.0	0.185246810871	42.0	0.0
Pseudendoclonium_akinetum	GGA	G	A	0.0	0.714702455199	0.0909090909091	0.025	0.975	0.222222222222	0.05	1930.0	0.129377431907	40.0	0.0
Pseudendoclonium_akinetum	GGC	G	A	0.0	0.714702455199	0.222222222222	0.0833333333333	0.875	0.133333333333	0.05	1930.0	0.205809128631	43.0	0.0
Arabidopsis_thaliana	GGA	G	A	3.0	0.804944987601	0.1	0.0140845070423	0.985915492958	0.39010989011	0.00549450549451	1780.0	0.0795992207069	40.0	0.0
Lumbricus	GGT	G	A	0.0	0.979123689966	0.125	0.0384615384615	0.923076923077	0.178082191781	0.0547945205479	1920.0	0.105222734255	41.0	0.0
Lumbricus	GGG	G	A	0.0	0.979123689966	0.272727272727	0.0588235294118	0.882352941176	0.349315068493	0.0547945205479	1920.0	0.198837209302	42.0	0.0
Lumbricus	GGA	G	A	0.0	0.979123689966	0.25	0.0666666666667	0.822222222222	0.308219178082	0.0547945205479	1920.0	0.23769771529	40.0	0.0
Lumbricus	GGC	G	A	0.0	0.979123689966	0.142857142857	0.0416666666667	0.916666666667	0.164383561644	0.0547945205479	1920.0	0.214513556619	43.0	0.0
Halocynthia	GGT	G	A	0.0	0.593054979457	0.363636363636	0.1125	0.5625	0.559440559441	0.0909090909091	1893.0	0.244271087275	41.0	0.0
Halocynthia	GGG	G	A	0.0	0.593054979457	0.25	0.0769230769231	0.717948717949	0.272727272727	0.0909090909091	1893.0	0.28235882059	42.0	0.0
Halocynthia	GGA	G	A	0.0	0.593054979457	0.111111111111	0.0454545454545	0.727272727273	0.153846153846	0.0909090909091	1893.0	0.05	40.0	0.0
Limulus	GGT	G	A	0.0	0.650424820745	0.3	0.1	0.8	0.184049079755	0.0674846625767	1919.0	0.256990679095	41.0	0.0
Limulus	GGG	G	A	0.0	0.650424820745	0.25	0.0857142857143	0.8	0.21472392638	0.0674846625767	1919.0	0.212942477876	42.0	0.0
Limulus	GGA	G	A	0.0	0.650424820745	0.25	0.0506329113924	0.873417721519	0.484662576687	0.0674846625767	1919.0	0.131094527363	40.0	0.0
Limulus	GGC	G	A	0.0	0.650424820745	0.125	0.0526315789474	0.894736842105	0.116564417178	0.0674846625767	1919.0	0.252040816327	43.0	0.0
Bracteacoccus_aerius	GGT	G	A	0.0	0.951766453619	0.181818181818	0.0434782608696	0.898550724638	0.40350877193	0.0350877192982	1789.0	0.132801367911	41.0	0.0
Bracteacoccus_aerius	GGA	G	A	0.0	0.951766453619	0.2	0.0377358490566	0.924528301887	0.309941520468	0.0350877192982	1789.0	0.0815721171672	40.0	0.0
Bracteacoccus_aerius	GGC	G	A	0.0	0.951766453619	0.1	0.0263157894737	0.868421052632	0.222222222222	0.0350877192982	1789.0	0.0526864893062	43.0	0.0
Oryza_sativa_J2	GGA	G	A	5.0	0.801470519692	0.1	0.0185185185185	0.981481481481	0.394160583942	0.00729927007299	1446.0	0.0883755042171	40.0	0.0
Pycnococcus_provasolii	GGT	G	A	1.0	0.599487652063	0.0833333333333	0.0246913580247	0.938271604938	0.413265306122	0.030612244898	1930.0	0.137872546644	41.0	0.0
Pycnococcus_provasolii	GGG	G	A	1.0	0.599487652063	0.0833333333333	0.0232558139535	0.906976744186	0.219387755102	0.030612244898	1930.0	0.174133949192	42.0	0.0
Pycnococcus_provasolii	GGA	G	A	1.0	0.599487652063	0.222222222222	0.063829787234	0.914893617021	0.239795918367	0.030612244898	1930.0	0.30727196301	40.0	0.0
Polytoma_uvella	GGT	G	A	0.0	0.647221583044	0.142857142857	0.0625	0.90625	0.228571428571	0.05	1394.0	0.198102016607	41.0	0.0
Polytoma_uvella	GGA	G	A	0.0	0.647221583044	0.2	0.1	0.8	0.0714285714286	0.05	1394.0	0.246963562753	40.0	0.0
Polytoma_uvella	GGC	G	A	0.0	0.647221583044	0.571428571429	0.0444444444444	0.788888888889	0.642857142857	0.05	1394.0	0.067330591037	43.0	0.0
Axinella	GGT	G	A	0.0	0.946466982549	0.1	0.0227272727273	0.863636363636	0.227979274611	0.0259067357513	1924.0	0.208333333333	41.0	0.0
Axinella	GGG	G	A	0.0	0.946466982549	0.25	0.0309278350515	0.948453608247	0.502590673575	0.0259067357513	1924.0	0.11051985264	42.0	0.0
Axinella	GGA	G	A	0.0	0.946466982549	0.1	0.0285714285714	0.914285714286	0.181347150259	0.0259067357513	1924.0	0.119595732734	40.0	0.0
Prototheca_wickerhamii	GGT	G	A	1.0	0.319987890425	0.25	0.030303030303	0.949494949495	0.515625	0.015625	1924.0	0.168952494534	41.0	0.0
Terebratulina	GGG	G	A	0.0	0.277588430504	0.333333333333	0.121951219512	0.853658536585	0.266233766234	0.0779220779221	1915.0	0.370317686107	42.0	0.0
Terebratulina	GGA	G	A	0.0	0.277588430504	0.333333333333	0.047619047619	0.904761904762	0.545454545455	0.0779220779221	1915.0	0.131683399486	40.0	0.0
Terebratulina	GGC	G	A	0.0	0.277588430504	0.272727272727	0.130434782609	0.826086956522	0.149350649351	0.0779220779221	1915.0	0.477102414654	43.0	0.0
Chlorokybus_atmophyticus	GGT	G	A	0.0	0.323441244477	0.0833333333333	0.0125	0.9625	0.40404040404	0.0252525252525	1930.0	0.0881636629323	41.0	0.0
Chlorokybus_atmophyticus	GGG	G	A	0.0	0.323441244477	0.2	0.0689655172414	0.931034482759	0.146464646465	0.0252525252525	1930.0	0.219243986254	42.0	0.0
Chlorokybus_atmophyticus	GGA	G	A	0.0	0.323441244477	0.181818181818	0.0277777777778	0.958333333333	0.363636363636	0.0252525252525	1930.0	0.150723025584	40.0	0.0
Bfloridae	GGT	G	A	2.0	0.935757380014	0.285714285714	0.0540540540541	0.864864864865	0.327433628319	0.0442477876106	1192.0	0.135953266065	41.0	0.0
Bfloridae	GGG	G	A	2.0	0.935757380014	0.222222222222	0.0425531914894	0.829787234043	0.41592920354	0.0442477876106	1192.0	0.133757961783	42.0	0.0
Bfloridae	GGA	G	A	2.0	0.935757380014	0.125	0.0434782608696	0.739130434783	0.203539823009	0.0442477876106	1192.0	0.0787929589271	40.0	0.0
Katharina	GGT	G	A	0.0	0.242404466413	0.571428571429	0.193548387097	0.741935483871	0.184523809524	0.10119047619	1917.0	0.586658354115	41.0	0.0
Katharina	GGG	G	A	0.0	0.242404466413	0.4	0.0645161290323	0.854838709677	0.369047619048	0.10119047619	1917.0	0.185185185185	42.0	0.0
Katharina	GGA	G	A	0.0	0.242404466413	0.454545454545	0.11320754717	0.830188679245	0.315476190476	0.10119047619	1917.0	0.373377827215	40.0	0.0
Katharina	GGC	G	A	0.0	0.242404466413	0.166666666667	0.0454545454545	0.818181818182	0.130952380952	0.10119047619	1917.0	0.186932849365	43.0	0.0
Lotus_japonicus	GGA	G	A	6.0	0.455974780882	0.1	0.0175438596491	0.982456140351	0.358490566038	0.0062893081761	1683.0	0.1007804547	40.0	0.0
Geodia	GGT	G	A	0.0	0.495972360285	0.181818181818	0.037037037037	0.925925925926	0.272727272727	0.030303030303	1925.0	0.123579024569	41.0	0.0
Geodia	GGG	G	A	0.0	0.495972360285	0.181818181818	0.0357142857143	0.857142857143	0.282828282828	0.030303030303	1925.0	0.102491103203	42.0	0.0
Geodia	GGA	G	A	0.0	0.495972360285	0.0833333333333	0.0142857142857	0.957142857143	0.353535353535	0.030303030303	1925.0	0.120882188721	40.0	0.0
Geodia	GGC	G	A	0.0	0.495972360285	0.142857142857	0.0555555555556	0.833333333333	0.0909090909091	0.030303030303	1925.0	0.395555555556	43.0	0.0
Metridium	GGT	G	A	0.0	0.289647169378	0.166666666667	0.0357142857143	0.946428571429	0.291666666667	0.0104166666667	1928.0	0.182045779685	41.0	0.0
Chlamydomonas_reinhardtii	GGT	G	A	0.0	0.830085177602	0.571428571429	0.0540540540541	0.846846846847	0.810218978102	0.0510948905109	1389.0	0.095412523984	41.0	0.0
Chlamydomonas_reinhardtii	GGC	G	A	0.0	0.830085177602	0.166666666667	0.0454545454545	0.772727272727	0.160583941606	0.0510948905109	1389.0	0.0975387420237	43.0	0.0
Chara_vulgaris	GGG	G	A	2.0	0.0362694175296	0.125	0.0666666666667	0.866666666667	0.0773195876289	0.00515463917526	1930.0	0.303501945525	42.0	0.0
Acropora	GGT	G	A	0.0	0.658930633287	0.0909090909091	0.0227272727273	0.886363636364	0.217821782178	0.00990099009901	1926.0	0.152790079717	41.0	0.0
Acropora	GGG	G	A	0.0	0.658930633287	0.0833333333333	0.010101010101	0.89898989899	0.490099009901	0.00990099009901	1926.0	0.0624501197127	42.0	0.0
Brassica_rapa_oleifera	GGA	G	A	2.0	0.803333265433	0.111111111111	0.0169491525424	0.983050847458	0.393333333333	0.00666666666667	1553.0	0.0966590982809	40.0	0.0
Marchantia_polymorpha	GGG	G	A	0.0	0.0567010113516	0.125	0.0454545454545	0.954545454545	0.112820512821	0.00512820512821	1930.0	0.239894551845	42.0	0.0
Trichinella	GGT	G	A	0.0	0.354472127903	0.375	0.114285714286	0.657142857143	0.253623188406	0.0797101449275	1883.0	0.128942999447	41.0	0.0
Trichinella	GGA	G	A	0.0	0.354472127903	0.4	0.102941176471	0.764705882353	0.492753623188	0.0797101449275	1883.0	0.2487902078	40.0	0.0
Bracteacoccus_minor	GGT	G	A	0.0	0.60043023035	0.272727272727	0.06	0.8	0.331125827815	0.0331125827815	1686.0	0.104158569763	41.0	0.0
Bracteacoccus_minor	GGA	G	A	0.0	0.60043023035	0.1	0.0181818181818	0.836363636364	0.364238410596	0.0331125827815	1686.0	-0.000727802037846	40.0	0.0
Bracteacoccus_minor	GGC	G	A	0.0	0.60043023035	0.0909090909091	0.0263157894737	0.763157894737	0.251655629139	0.0331125827815	1686.0	-0.247488101534	43.0	0.0
Chromochloris_zofingiensis	GGT	G	A	0.0	0.3299620144	0.0909090909091	0.0105263157895	0.831578947368	0.703703703704	0.0148148148148	1522.0	0.0686048943736	41.0	0.0
Chromochloris_zofingiensis	GGA	G	A	0.0	0.3299620144	0.1	0.03125	0.8125	0.237037037037	0.0148148148148	1522.0	-0.081351689612	40.0	0.0
Balanoglossus	GGT	G	A	0.0	0.608402493543	0.111111111111	0.0384615384615	0.884615384615	0.146892655367	0.045197740113	1926.0	0.0810014727541	41.0	0.0
Balanoglossus	GGG	G	A	0.0	0.608402493543	0.166666666667	0.0789473684211	0.894736842105	0.214689265537	0.045197740113	1926.0	0.226318484383	42.0	0.0
Balanoglossus	GGA	G	A	0.0	0.608402493543	0.25	0.047619047619	0.888888888889	0.35593220339	0.045197740113	1926.0	0.170777396191	40.0	0.0
Balanoglossus	GGC	G	A	0.0	0.608402493543	0.0909090909091	0.02	0.94	0.282485875706	0.045197740113	1926.0	0.227291077917	43.0	0.0
Drosophila	GGT	G	A	0.0	0.463811210558	0.444444444444	0.0851063829787	0.829787234043	0.286585365854	0.0609756097561	1919.0	0.325875897003	41.0	0.0
Drosophila	GGG	G	A	0.0	0.463811210558	0.166666666667	0.0769230769231	0.769230769231	0.0792682926829	0.0609756097561	1919.0	0.4140625	42.0	0.0
Drosophila	GGA	G	A	0.0	0.463811210558	0.454545454545	0.0485436893204	0.902912621359	0.628048780488	0.0609756097561	1919.0	0.162636947488	40.0	0.0
Myxine	GGG	G	A	0.0	0.0289983742763	0.0909090909091	0.0263157894737	0.868421052632	0.248366013072	0.0326797385621	1919.0	0.112994350282	42.0	0.0
Myxine	GGC	G	A	0.0	0.0289983742763	0.333333333333	0.0975609756098	0.80487804878	0.267973856209	0.0326797385621	1919.0	0.237427466151	43.0	0.0
Ciona	GGG	G	A	0.0	0.348932654409	0.25	0.111111111111	0.555555555556	0.209302325581	0.0697674418605	1891.0	0.537190082645	42.0	0.0
Ciona	GGA	G	A	0.0	0.348932654409	0.222222222222	0.111111111111	0.611111111111	0.418604651163	0.0697674418605	1891.0	0.540570175439	40.0	0.0
Epigonichthys	GGT	G	A	0.0	0.922414069459	0.181818181818	0.0377358490566	0.849056603774	0.278947368421	0.0368421052632	1918.0	0.0882463387157	41.0	0.0
Epigonichthys	GGG	G	A	0.0	0.922414069459	0.272727272727	0.0512820512821	0.807692307692	0.410526315789	0.0368421052632	1918.0	0.144837831146	42.0	0.0
Epigonichthys	GGA	G	A	0.0	0.922414069459	0.111111111111	0.030303030303	0.848484848485	0.173684210526	0.0368421052632	1918.0	0.2010644589	40.0	0.0
Daphnia	GGT	G	A	0.0	0.776840273575	0.125	0.047619047619	0.857142857143	0.12	0.0685714285714	1916.0	0.184484389782	41.0	0.0
Daphnia	GGG	G	A	0.0	0.776840273575	0.5	0.0919540229885	0.793103448276	0.497142857143	0.0685714285714	1916.0	0.226550257443	42.0	0.0
Daphnia	GGA	G	A	0.0	0.776840273575	0.2	0.0487804878049	0.829268292683	0.234285714286	0.0685714285714	1916.0	0.215667767815	40.0	0.0
Daphnia	GGC	G	A	0.0	0.776840273575	0.0909090909091	0.0384615384615	0.807692307692	0.148571428571	0.0685714285714	1916.0	0.0733944954128	43.0	0.0
Homo	GGT	G	A	0.0	0.543183842972	0.2	0.105263157895	0.684210526316	0.113095238095	0.0535714285714	1920.0	0.275126903553	41.0	0.0
Homo	GGA	G	A	0.0	0.543183842972	0.272727272727	0.0545454545455	0.854545454545	0.327380952381	0.0535714285714	1920.0	0.0886894075404	40.0	0.0
Homo	GGC	G	A	0.0	0.543183842972	0.181818181818	0.0526315789474	0.934210526316	0.452380952381	0.0535714285714	1920.0	0.205525432481	43.0	0.0
Blanceolatum	GGT	G	A	2.0	0.0185677354804	0.428571428571	0.121212121212	0.757575757576	0.29203539823	0.0442477876106	1187.0	0.318527177089	41.0	0.0
Blanceolatum	GGC	G	A	2.0	0.0185677354804	0.25	0.0909090909091	0.818181818182	0.0973451327434	0.0442477876106	1187.0	0.244485294118	43.0	0.0
Saccoglossus	GGT	G	A	0.0	0.625105685562	0.2	0.0833333333333	0.833333333333	0.209302325581	0.0523255813953	1924.0	0.369693713057	41.0	0.0
Saccoglossus	GGG	G	A	0.0	0.625105685562	0.111111111111	0.0294117647059	0.911764705882	0.197674418605	0.0523255813953	1924.0	0.0945104697227	42.0	0.0
Saccoglossus	GGA	G	A	0.0	0.625105685562	0.25	0.04	0.893333333333	0.436046511628	0.0523255813953	1924.0	0.107708553326	40.0	0.0
Saccoglossus	GGC	G	A	0.0	0.625105685562	0.1	0.0740740740741	0.851851851852	0.156976744186	0.0523255813953	1924.0	0.229569093611	43.0	0.0
Nephroselmis_olivacea	GGT	G	A	0.0	0.869921272928	0.166666666667	0.0263157894737	0.960526315789	0.38578680203	0.0203045685279	1929.0	0.147566718995	41.0	0.0
Nephroselmis_olivacea	GGA	G	A	0.0	0.869921272928	0.166666666667	0.0190476190476	0.961904761905	0.532994923858	0.0203045685279	1929.0	0.145993619816	40.0	0.0

### Alignment improvement:
