### Random Forest prediction
genome	codon	ori_aa	rea_aa	fitch	Fisher_pval	Gene_frac	N._rea	N._used	Cod._count	Sub._count	G._len	codon_lik	id	prediction	probability
Metaseiulus_occidentalis	GGT	G	S	0.0	0.245098008752	0.111111111111	0.0555555555556	0.944444444444	0.173076923077	0.00961538461538	1280.0	0.267326732673	41.0	0.0	0.0
Paracentrotus	GGA	G	S	0.0	0.677685839133	0.0833333333333	0.0128205128205	0.987179487179	0.634146341463	0.00813008130081	1351.0	0.121991427629	40.0	0.0	0.0
Aphrocallistes_vastus	GGA	G	S	0.0	0.588235151954	0.0833333333333	0.0113636363636	0.943181818182	0.814814814815	0.00925925925926	1349.0	0.0768779342723	40.0	0.0	0.0
Schistosoma	GGT	G	S	0.0	0.765377300761	0.3	0.047619047619	0.777777777778	0.594339622642	0.0471698113208	1325.0	0.187194127243	41.0	0.0	0.0
Schistosoma	GGG	G	S	0.0	0.765377300761	0.125	0.0416666666667	0.75	0.22641509434	0.0471698113208	1325.0	0.21855010661	42.0	0.0	0.0
Schistosoma	GGA	G	S	0.0	0.765377300761	0.2	0.0625	0.5625	0.150943396226	0.0471698113208	1325.0	0.233118971061	40.0	0.0	0.0
Fasciola	GGT	G	S	0.0	0.818135563554	0.181818181818	0.0327868852459	0.754098360656	0.580952380952	0.0285714285714	1332.0	0.0654837346853	41.0	0.0	0.0
Fasciola	GGG	G	S	0.0	0.818135563554	0.111111111111	0.025641025641	0.820512820513	0.371428571429	0.0285714285714	1332.0	0.0651744568795	42.0	0.0	0.0
Trichobilharzia_regenti	GGT	G	S	0.0	0.206967165651	0.2	0.027027027027	0.72972972973	0.627118644068	0.0508474576271	1324.0	0.0977130977131	41.0	0.0	0.0
Trichobilharzia_regenti	GGG	G	S	0.0	0.206967165651	0.3	0.114285714286	0.685714285714	0.296610169492	0.0508474576271	1324.0	0.331602373887	42.0	0.0	0.0
Versteria_mustelae	GGT	G	S	0.0	0.879066770333	0.363636363636	0.0649350649351	0.792207792208	0.754901960784	0.0490196078431	1328.0	0.173128342246	41.0	0.0	0.0
Euseius_nicholsi	GGA	G	S	0.0	0.504901904934	0.125	0.0294117647059	0.941176470588	0.326923076923	0.00961538461538	1296.0	0.116173120729	40.0	0.0	0.0
Patiria	GGG	G	S	0.0	0.351239636608	0.1	0.0434782608696	0.95652173913	0.186991869919	0.00813008130081	1351.0	0.156840934372	42.0	0.0	0.0
Daphnia	GGG	G	S	0.0	0.619379156599	0.166666666667	0.0289855072464	0.942028985507	0.507352941176	0.0220588235294	1351.0	0.142697881828	42.0	0.0	0.0
Daphnia	GGC	G	S	0.0	0.619379156599	0.1	0.047619047619	0.857142857143	0.154411764706	0.0220588235294	1351.0	0.180916976456	43.0	0.0	0.0
Haplorchis_taichui	GGT	G	S	0.0	0.893263090729	0.375	0.0882352941176	0.794117647059	0.293103448276	0.0603448275862	1320.0	0.267680608365	41.0	0.0	0.0
Haplorchis_taichui	GGG	G	S	0.0	0.893263090729	0.3	0.0526315789474	0.684210526316	0.491379310345	0.0603448275862	1320.0	-0.0063148398737	42.0	0.0	0.0
Haplorchis_taichui	GGA	G	S	0.0	0.893263090729	0.142857142857	0.0714285714286	0.785714285714	0.120689655172	0.0603448275862	1320.0	0.435424354244	40.0	0.0	0.0
Halocynthia	GGT	G	S	1.0	0.525155254735	0.1	0.0238095238095	0.785714285714	0.518518518519	0.037037037037	1348.0	0.110838946724	41.0	0.0	0.0
Halocynthia	GGG	G	S	1.0	0.525155254735	0.25	0.0909090909091	0.909090909091	0.271604938272	0.037037037037	1348.0	0.39211136891	42.0	0.0	0.0
Limulus	GGA	G	S	0.0	0.754032173143	0.0909090909091	0.016393442623	0.983606557377	0.488	0.008	1351.0	0.101608806097	40.0	0.0	0.0
Echinococcus_equinus	GGT	G	S	0.0	0.386754305893	0.2	0.031746031746	0.825396825397	0.605769230769	0.0288461538462	1331.0	0.0256201708011	41.0	0.0	0.0
Echinococcus_equinus	GGA	G	S	0.0	0.386754305893	0.166666666667	0.0769230769231	0.769230769231	0.125	0.0288461538462	1331.0	0.270377733598	40.0	0.0	0.0
Taenia_crassiceps	GGT	G	S	0.0	0.625058458157	0.2	0.0344827586207	0.879310344828	0.59793814433	0.0309278350515	1333.0	0.0737122557726	41.0	0.0	0.0
Taenia_crassiceps	GGA	G	S	0.0	0.625058458157	0.142857142857	0.047619047619	0.714285714286	0.216494845361	0.0309278350515	1333.0	0.34398034398	40.0	0.0	0.0
Axinella	GGT	G	S	0.0	0.120751690623	0.222222222222	0.0714285714286	0.928571428571	0.21875	0.015625	1348.0	0.283210332103	41.0	0.0	0.0
Terebratulina	GGA	G	S	0.0	0.72083323695	0.0833333333333	0.0147058823529	0.970588235294	0.55737704918	0.00819672131148	1351.0	0.0988549618321	40.0	0.0	0.0
Suberites_domuncula	GGT	G	S	0.0	0.915114570015	0.0909090909091	0.0243902439024	0.926829268293	0.308270676692	0.0225563909774	1351.0	0.0661672908864	41.0	0.0	0.0
Suberites_domuncula	GGG	G	S	0.0	0.915114570015	0.0909090909091	0.0185185185185	0.907407407407	0.406015037594	0.0225563909774	1351.0	0.114434947768	42.0	0.0	0.0
Suberites_domuncula	GGA	G	S	0.0	0.915114570015	0.125	0.0357142857143	0.928571428571	0.210526315789	0.0225563909774	1351.0	0.14325323475	40.0	0.0	0.0
Bfloridae	GGT	G	S	1.0	0.449999948212	0.166666666667	0.047619047619	0.952380952381	0.287671232877	0.013698630137	777.0	0.204301075269	41.0	0.0	0.065
Geodia	GGT	G	S	1.0	0.174796707267	0.1	0.03125	0.875	0.240601503759	0.00751879699248	1350.0	0.1496	41.0	0.0	0.0
Metridium	GGG	G	S	0.0	0.911235475151	0.0909090909091	0.0263157894737	0.947368421053	0.292307692308	0.0153846153846	1351.0	0.136118598383	42.0	0.0	0.0
Metridium	GGA	G	S	0.0	0.911235475151	0.125	0.025641025641	0.897435897436	0.3	0.0153846153846	1351.0	0.0284579748511	40.0	0.0	0.0
Amphimedon_queenslandica	GGG	G	S	0.0	0.454497725511	0.0833333333333	0.0121951219512	0.963414634146	0.630769230769	0.0153846153846	1351.0	0.106649937265	42.0	0.0	0.0
Amphimedon_queenslandica	GGA	G	S	0.0	0.454497725511	0.1	0.037037037037	0.888888888889	0.207692307692	0.0153846153846	1351.0	0.09375	40.0	0.0	0.0
Tetrancistrum_nebulosi	GGT	G	S	0.0	0.55926857315	0.333333333333	0.0769230769231	0.717948717949	0.382352941176	0.0490196078431	1333.0	0.272485009993	41.0	0.0	0.0
Tetrancistrum_nebulosi	GGG	G	S	0.0	0.55926857315	0.2	0.0606060606061	0.757575757576	0.323529411765	0.0490196078431	1333.0	0.0574534161491	42.0	0.0	0.0
Trichinella	GGG	G	S	0.0	0.0510204021705	0.2	0.0833333333333	0.833333333333	0.107142857143	0.0178571428571	1343.0	0.301927194861	42.0	0.0	0.0
Trichinella	GGC	G	S	0.0	0.0510204021705	0.2	0.0625	0.875	0.142857142857	0.0178571428571	1343.0	0.239804241436	43.0	0.0	0.0
Acropora	GGT	G	S	0.0	0.36782689363	0.142857142857	0.0344827586207	0.896551724138	0.214814814815	0.0222222222222	1350.0	0.0808170515098	41.0	0.0	0.0
Acropora	GGG	G	S	0.0	0.36782689363	0.0833333333333	0.0147058823529	0.882352941176	0.503703703704	0.0222222222222	1350.0	0.0218785364014	42.0	0.0	0.0
Acropora	GGC	G	S	0.0	0.36782689363	0.125	0.0588235294118	0.882352941176	0.125925925926	0.0222222222222	1350.0	0.147812971342	43.0	0.0	0.0
Pseudogarypus_banksi	GGA	G	S	0.0	0.548158097644	0.2	0.0392156862745	0.882352941176	0.451327433628	0.0176991150442	1347.0	0.155949367089	40.0	0.0	0.0
Benedenia_hoshinai	GGT	G	S	0.0	0.187414492085	0.1	0.0178571428571	0.767857142857	0.533333333333	0.0285714285714	1333.0	0.0827996340348	41.0	0.0	0.0
Benedenia_hoshinai	GGG	G	S	0.0	0.187414492085	0.142857142857	0.0833333333333	0.916666666667	0.114285714286	0.0285714285714	1333.0	0.193965517241	42.0	0.0	0.0
Benedenia_hoshinai	GGC	G	S	0.0	0.187414492085	0.125	0.0833333333333	0.75	0.114285714286	0.0285714285714	1333.0	0.202991452991	43.0	0.0	0.0
Myxine	GGT	G	S	3.0	0.0565217196161	0.125	0.0769230769231	0.923076923077	0.112068965517	0.00862068965517	1350.0	0.0358565737052	41.0	0.0	0.06
Ciona	GGA	G	S	0.0	0.759999917139	0.142857142857	0.0714285714286	0.785714285714	0.48275862069	0.0344827586207	1348.0	0.407678244973	40.0	0.0	0.0
Strigamia_maritima	GGG	G	S	0.0	0.661036292591	0.2	0.0652173913043	0.934782608696	0.353846153846	0.0307692307692	1351.0	0.215196894065	42.0	0.0	0.0
Strigamia_maritima	GGA	G	S	0.0	0.661036292591	0.111111111111	0.0217391304348	0.95652173913	0.353846153846	0.0307692307692	1351.0	0.0927601809955	40.0	0.0	0.0
Caenorhabditis	GGT	G	S	0.0	0.910042401756	0.166666666667	0.0508474576271	0.881355932203	0.546296296296	0.037037037037	1346.0	0.210503282276	41.0	0.0	0.0
Caenorhabditis	GGA	G	S	0.0	0.910042401756	0.111111111111	0.0344827586207	0.931034482759	0.268518518519	0.037037037037	1346.0	0.120996441281	40.0	0.0	0.0
Ascidiella_aspersa	GGT	G	S	0.0	0.565774784794	0.0909090909091	0.0238095238095	0.809523809524	0.381818181818	0.0272727272727	1350.0	0.133210558625	41.0	0.0	0.0
Ascidiella_aspersa	GGG	G	S	0.0	0.565774784794	0.111111111111	0.0227272727273	0.840909090909	0.4	0.0272727272727	1350.0	-0.0762514551804	42.0	0.0	0.0
Ascidiella_aspersa	GGA	G	S	0.0	0.565774784794	0.142857142857	0.0714285714286	0.714285714286	0.127272727273	0.0272727272727	1350.0	0.149171270718	40.0	0.0	0.0
Blanceolatum	GGT	G	S	0.0	0.471014440215	0.142857142857	0.0434782608696	0.869565217391	0.319444444444	0.0138888888889	775.0	0.227917121047	41.0	0.0	0.062