### Random Forest prediction
genome	codon	ori_aa	rea_aa	fitch	Fisher_pval	Gene_frac	N._rea	N._used	Cod._count	Sub._count	G._len	codon_lik	id	prediction	probability
Paracentrotus	GGC	G	P	0.0	0.152892543437	0.142857142857	0.0769230769231	0.923076923077	0.105691056911	0.00813008130081	1351.0	-1.64031620553	43.0	0.0	0.0
Aphrocallistes_vastus	GGT	G	P	0.0	0.33999249113	0.2	0.0833333333333	0.916666666667	0.111111111111	0.0277777777778	1349.0	-1.34623655914	41.0	0.0	0.0
Aphrocallistes_vastus	GGA	G	P	0.0	0.33999249113	0.166666666667	0.0227272727273	0.943181818182	0.814814814815	0.0277777777778	1349.0	-1.81279342723	40.0	0.0	0.0
Schistosoma	GGT	G	P	0.0	0.266975282002	0.1	0.015873015873	0.777777777778	0.594339622642	0.0188679245283	1325.0	-1.75815660685	41.0	0.0	0.0
Schistosoma	GGA	G	P	0.0	0.266975282002	0.2	0.0625	0.5625	0.150943396226	0.0188679245283	1325.0	-1.52090032154	40.0	0.0	0.0
Fasciola	GGT	G	P	0.0	0.720237998649	0.0909090909091	0.016393442623	0.754098360656	0.580952380952	0.00952380952381	1332.0	-1.83100971694	41.0	0.0	0.0
Trichobilharzia_regenti	GGT	G	P	0.0	0.350300244041	0.1	0.0135135135135	0.72972972973	0.627118644068	0.0254237288136	1324.0	-1.83367983368	41.0	0.0	0.0
Trichobilharzia_regenti	GGG	G	P	0.0	0.350300244041	0.2	0.0571428571429	0.685714285714	0.296610169492	0.0254237288136	1324.0	-1.49109792285	42.0	0.0	0.0
Versteria_mustelae	GGT	G	P	0.0	0.469418807504	0.181818181818	0.025974025974	0.792207792208	0.754901960784	0.0294117647059	1328.0	-1.70621657754	41.0	0.0	0.0
Versteria_mustelae	GGG	G	P	0.0	0.469418807504	0.142857142857	0.0666666666667	0.8	0.147058823529	0.0294117647059	1328.0	-1.42287694974	42.0	0.0	0.0
Patiria	GGT	G	P	0.0	0.198347084611	0.142857142857	0.0588235294118	0.882352941176	0.138211382114	0.00813008130081	1351.0	-1.62481089259	41.0	0.0	0.0
Haplorchis_taichui	GGG	G	P	0.0	0.584952081654	0.2	0.0350877192982	0.684210526316	0.491379310345	0.0172413793103	1320.0	-1.74875958502	42.0	0.0	0.0
Echinococcus_equinus	GGT	G	P	0.0	0.789744270635	0.2	0.031746031746	0.825396825397	0.605769230769	0.0192307692308	1331.0	-1.75355835706	41.0	0.0	0.0
Taenia_crassiceps	GGT	G	P	0.0	0.422590055698	0.2	0.0344827586207	0.879310344828	0.59793814433	0.0309278350515	1333.0	-1.69893428064	41.0	0.0	0.0
Taenia_crassiceps	GGG	G	P	0.0	0.422590055698	0.111111111111	0.0625	0.75	0.164948453608	0.0309278350515	1333.0	-1.51762820513	42.0	0.0	0.0
Axinella	GGG	G	P	0.0	0.857057127778	0.2	0.0298507462687	0.955223880597	0.5234375	0.015625	1348.0	-1.77394636015	42.0	0.0	0.0
Suberites_domuncula	GGT	G	P	0.0	0.342063150503	0.0909090909091	0.0243902439024	0.926829268293	0.308270676692	0.015037593985	1351.0	-1.83895131086	41.0	0.0	0.0
Suberites_domuncula	GGA	G	P	0.0	0.342063150503	0.125	0.0357142857143	0.928571428571	0.210526315789	0.015037593985	1351.0	-1.65341959335	40.0	0.0	0.0
Bfloridae	GGG	G	P	0.0	0.79285707134	0.111111111111	0.0322580645161	0.903225806452	0.424657534247	0.013698630137	777.0	-1.78647106764	42.0	0.0	0.061
Geodia	GGT	G	P	0.0	0.0188827642212	0.1	0.03125	0.875	0.240601503759	0.015037593985	1350.0	-1.6904	41.0	0.0	0.0
Geodia	GGC	G	P	0.0	0.0188827642212	0.25	0.1	0.7	0.0751879699248	0.015037593985	1350.0	-1.29533678756	43.0	0.0	0.0
Metridium	GGA	G	P	0.0	0.427828853129	0.25	0.0512820512821	0.897435897436	0.3	0.0153846153846	1351.0	-1.65784248842	40.0	0.0	0.0
Amphimedon_queenslandica	GGG	G	P	0.0	0.454497725511	0.0833333333333	0.0121951219512	0.963414634146	0.630769230769	0.0153846153846	1351.0	-1.84818067754	42.0	0.0	0.0
Amphimedon_queenslandica	GGA	G	P	0.0	0.454497725511	0.1	0.037037037037	0.888888888889	0.207692307692	0.0153846153846	1351.0	-1.74810606061	40.0	0.0	0.0
Trichinella	GGG	G	P	0.0	0.0567010113516	0.2	0.0833333333333	0.833333333333	0.107142857143	0.00892857142857	1343.0	-1.42826552463	42.0	0.0	0.0
Balanoglossus	GGC	G	P	0.0	0.499999953685	0.1	0.0285714285714	0.914285714286	0.277777777778	0.00793650793651	1351.0	-1.78498542274	43.0	0.0	0.0
Acropora	GGT	G	P	0.0	0.652045596077	0.142857142857	0.0344827586207	0.896551724138	0.214814814815	0.0148148148148	1350.0	-1.71136767318	41.0	0.0	0.0
Acropora	GGG	G	P	0.0	0.652045596077	0.0833333333333	0.0147058823529	0.882352941176	0.503703703704	0.0148148148148	1350.0	-1.91286307054	42.0	0.0	0.0
Pseudogarypus_banksi	GGA	G	P	0.0	0.780952305325	0.1	0.0196078431373	0.882352941176	0.451327433628	0.00884955752212	1347.0	-1.77924050633	40.0	0.0	0.0
Benedenia_hoshinai	GGA	G	P	0.0	0.364705837673	0.125	0.04	0.84	0.238095238095	0.00952380952381	1333.0	-1.71958762887	40.0	0.0	0.0
Epigonichthys	GGT	G	P	0.0	0.440944832956	0.1	0.027027027027	0.945945945946	0.280303030303	0.00757575757576	1351.0	-1.80750521195	41.0	0.0	0.0
Caenorhabditis	GGT	G	P	0.0	0.729591743375	0.0833333333333	0.0169491525424	0.881355932203	0.546296296296	0.00925925925926	1346.0	-1.79606126915	41.0	0.0	0.0
Homo	GGT	G	P	0.0	0.13636362067	0.2	0.0909090909091	0.909090909091	0.0894308943089	0.00813008130081	1351.0	-1.56603773585	41.0	0.0	0.0
Ascidiella_aspersa	GGT	G	P	0.0	0.394444377312	0.0909090909091	0.0238095238095	0.809523809524	0.381818181818	0.00909090909091	1350.0	-1.80601596071	41.0	0.0	0.0
Blanceolatum	GGA	G	P	0.0	0.202898505691	0.111111111111	0.0555555555556	0.944444444444	0.25	0.0138888888889	775.0	-1.71126760563	40.0	0.0	0.066
Saccoglossus	GGC	G	P	0.0	0.0725806201025	0.111111111111	0.05	0.85	0.15503875969	0.0077519379845	1351.0	-1.71609632446	43.0	0.0	0.0