### Random Forest prediction
genome	codon	ori_aa	rea_aa	fitch	Fisher_pval	Gene_frac	N._rea	N._used	Cod._count	Sub._count	G._len	codon_lik	id	prediction	probability
LmeyeA	GAA	E	Q	0.0	0.527027027027	0.166666666667	0.0277777777778	0.944444444444	0.947368421053	0.0263157894737	1429.0	1.79315917048	32.0	0.0	0.0
SpombA	GAA	E	Q	2.0	0.518518518519	0.142857142857	0.0285714285714	0.714285714286	0.945945945946	0.027027027027	1424.0	1.40105030404	32.0	0.0	0.0
CsantA	GAG	E	Q	0.0	0.108235294118	0.181818181818	0.0769230769231	0.846153846154	0.481481481481	0.037037037037	2220.0	1.96062658764	34.0	0.0	0.0
CoxycA	GAA	E	Q	0.0	0.666666666667	1.0	0.2	0.6	0.714285714286	0.142857142857	434.0	1.85818181818	32.0	0.0	0.058
CsubhA	GAG	E	Q	0.0	0.559322033898	0.1	0.0175438596491	0.894736842105	0.890625	0.015625	2244.0	1.67168791039	34.0	0.0	0.0
CsubhB	GAG	E	Q	0.0	0.559322033898	0.1	0.0175438596491	0.894736842105	0.890625	0.015625	2244.0	1.67168791039	34.0	0.0	0.0
OanguA	GAG	E	Q	0.0	0.0603448275862	0.25	0.142857142857	0.857142857143	0.116666666667	0.0166666666667	2248.0	2.1974789916	34.0	0.0	0.0
SarboA	GAG	E	Q	0.0	0.027027027027	0.5	0.5	0.5	0.0540540540541	0.027027027027	1429.0	2.54066985646	34.0	0.0	0.041
CalaiA	GAA	E	Q	0.0	0.537735849057	0.1	0.0204081632653	0.979591836735	0.924528301887	0.0188679245283	2056.0	1.99953238251	32.0	0.0	0.0
CblacA	GAA	E	Q	0.0	0.0213447867704	1.0	0.125	0.75	1.0	0.125	434.0	1.86477272727	32.0	0.0	0.249
CbohiA	GAG	E	Q	0.0	0.0508474576271	0.25	0.166666666667	0.833333333333	0.1	0.0166666666667	2250.0	2.06709265176	34.0	0.0	0.0
MfariA	GAG	E	Q	0.0	0.0847457627119	0.166666666667	0.1	0.9	0.16393442623	0.016393442623	2248.0	2.1679389313	34.0	0.0	0.0
MfariB	GAG	E	Q	0.0	0.161016949153	0.125	0.05	0.9	0.327868852459	0.016393442623	2250.0	1.96775926921	34.0	0.0	0.0
LanspB	GAA	E	Q	0.0	0.540540540541	0.166666666667	0.0285714285714	0.942857142857	0.921052631579	0.0263157894737	1429.0	1.78709856035	32.0	0.0	0.0
LanspA	GAA	E	Q	0.0	0.540540540541	0.166666666667	0.0285714285714	0.942857142857	0.921052631579	0.0263157894737	1429.0	1.78942999447	32.0	0.0	0.0
ScryoA	GAA	E	Q	1.0	0.518518518519	0.142857142857	0.0285714285714	0.714285714286	0.972222222222	0.0277777777778	1424.0	1.40105030404	32.0	0.0	0.0
CsakeA	GAA	E	Q	0.0	0.584745762712	0.0909090909091	0.02	0.96	0.833333333333	0.0166666666667	2207.0	1.9203479057	32.0	0.0	0.0
CjiufA	GAA	E	Q	0.0	0.575471698113	0.0909090909091	0.0208333333333	0.916666666667	0.857142857143	0.0178571428571	2231.0	1.85883748517	32.0	0.0	0.0
KlactA	GAA	E	Q	0.0	0.527777777778	0.2	0.0285714285714	0.942857142857	0.945945945946	0.027027027027	1408.0	1.76914539401	32.0	0.0	0.0
CzempA	GAG	E	Q	0.0	0.0357142857143	1.0	1.0	0.0	0.0263157894737	0.0526315789474	1428.0	3.69090909091	34.0	0.0	0.191
CzempA	GAA	E	Q	0.0	0.0357142857143	0.166666666667	0.027027027027	0.702702702703	0.973684210526	0.0526315789474	1428.0	1.39968528718	32.0	0.0	0.0
CmetaB	GAG	E	Q	0.0	0.0508474576271	0.25	0.166666666667	0.833333333333	0.0967741935484	0.0161290322581	2250.0	2.21417069243	34.0	0.0	0.0
CmetaC	GAG	E	Q	0.0	0.0508474576271	0.25	0.166666666667	0.833333333333	0.0967741935484	0.0161290322581	2250.0	2.21417069243	34.0	0.0	0.0
CmetaA	GAG	E	Q	0.0	0.0508474576271	0.25	0.166666666667	0.833333333333	0.0967741935484	0.0161290322581	2250.0	2.21417069243	34.0	0.0	0.0
CmetaF	GAG	E	Q	0.0	0.0508474576271	0.25	0.166666666667	0.833333333333	0.0967741935484	0.0161290322581	2250.0	2.21417069243	34.0	0.0	0.0
CmetaD	GAG	E	Q	0.0	0.0508474576271	0.25	0.166666666667	0.833333333333	0.0967741935484	0.0161290322581	2250.0	2.21417069243	34.0	0.0	0.0
CmetaE	GAG	E	Q	0.0	0.0508474576271	0.25	0.166666666667	0.833333333333	0.0967741935484	0.0161290322581	2250.0	2.21417069243	34.0	0.0	0.0
SjapoA	GAA	E	Q	0.0	0.517857142857	0.142857142857	0.025641025641	0.666666666667	0.975	0.025	1423.0	1.39431704885	32.0	0.0	0.0
CalbiE	GAG	E	Q	0.0	0.2	0.25	0.125	0.875	0.4	0.05	1183.0	2.1456185567	34.0	0.0	0.0
CalbiD	GAG	E	Q	0.0	0.148148148148	0.125	0.0588235294118	0.882352941176	0.309090909091	0.0181818181818	2058.0	1.99181446112	34.0	0.0	0.0
CalbiC	GAG	E	Q	1.0	0.194915254237	0.111111111111	0.0416666666667	0.916666666667	0.4	0.0166666666667	2250.0	1.96046511628	34.0	0.0	0.0
CalbiB	GAG	E	Q	2.0	0.194915254237	0.111111111111	0.0416666666667	0.916666666667	0.4	0.0166666666667	2250.0	1.96046511628	34.0	0.0	0.0
CalbiA	GAG	E	Q	0.0	0.185185185185	0.125	0.047619047619	0.904761904762	0.381818181818	0.0181818181818	2058.0	1.96054054054	34.0	0.0	0.0
CcoryA	GAA	E	Q	0.0	0.587719298246	0.1	0.0204081632653	0.938775510204	0.816666666667	0.0166666666667	2250.0	1.91745061148	32.0	0.0	0.0
CparaC	GAA	E	Q	4.0	0.525423728814	0.0909090909091	0.0172413793103	0.948275862069	0.950819672131	0.016393442623	2250.0	1.84326200116	32.0	0.0	0.055
CparaB	GAA	E	Q	4.0	0.525423728814	0.0909090909091	0.0172413793103	0.948275862069	0.950819672131	0.016393442623	2250.0	1.84326200116	32.0	0.0	0.055
CparaE	GAA	E	Q	5.0	0.525423728814	0.0909090909091	0.0172413793103	0.948275862069	0.950819672131	0.016393442623	2250.0	1.84326200116	32.0	0.0	0.055
CparaD	GAA	E	Q	4.0	0.525423728814	0.0909090909091	0.0172413793103	0.948275862069	0.950819672131	0.016393442623	2250.0	1.84326200116	32.0	0.0	0.055
CparaF	GAA	E	Q	5.0	0.525423728814	0.0909090909091	0.0172413793103	0.948275862069	0.950819672131	0.016393442623	2250.0	1.84326200116	32.0	0.0	0.055
AgossB	GAA	E	Q	0.0	0.555555555556	0.166666666667	0.0294117647059	0.911764705882	0.871794871795	0.025641025641	1427.0	1.75819788993	32.0	0.0	0.0
LelonA	GAG	E	Q	0.0	0.224137931034	0.1	0.037037037037	0.925925925926	0.45	0.0166666666667	2249.0	1.93744987971	34.0	0.0	0.0
CpseuA	GAA	E	Q	0.0	0.666666666667	1.0	0.166666666667	0.5	0.75	0.125	434.0	1.65303030303	32.0	0.0	0.052
CchauA	GAG	E	Q	0.0	0.223214285714	0.1	0.037037037037	0.888888888889	0.457627118644	0.0169491525424	2250.0	1.86089769511	34.0	0.0	0.0
SoctoA	GAA	E	Q	0.0	0.518518518519	0.142857142857	0.0285714285714	0.714285714286	0.972222222222	0.0277777777778	1425.0	1.40105030404	32.0	0.0	0.0
CbuenA	GAG	E	Q	0.0	0.203389830508	0.166666666667	0.0769230769231	0.846153846154	0.209677419355	0.0322580645161	2248.0	1.97538461538	34.0	0.0	0.0
CbuenA	GAA	E	Q	0.0	0.203389830508	0.1	0.0204081632653	0.938775510204	0.790322580645	0.0322580645161	2248.0	1.89675446849	32.0	0.0	0.0
LdasiA	GAA	E	Q	0.0	0.527027027027	0.166666666667	0.0277777777778	0.944444444444	0.947368421053	0.0263157894737	1429.0	1.79315917048	32.0	0.0	0.0
LkluyF	GAA	E	Q	0.0	0.527027027027	0.166666666667	0.0277777777778	0.944444444444	0.947368421053	0.0263157894737	1429.0	1.7929456112	32.0	0.0	0.0
LkluyE	GAA	E	Q	0.0	0.107781251651	0.166666666667	0.0263157894737	0.947368421053	1.0	0.0263157894737	1429.0	1.78764675855	32.0	0.0	0.0
LkluyD	GAA	E	Q	0.0	0.513513513514	0.166666666667	0.027027027027	0.945945945946	0.973684210526	0.0263157894737	1429.0	1.79848008386	32.0	0.0	0.0
LkluyC	GAA	E	Q	0.0	0.527027027027	0.166666666667	0.0277777777778	0.944444444444	0.947368421053	0.0263157894737	1429.0	1.7929456112	32.0	0.0	0.0
LkluyA	GAA	E	Q	0.0	0.527027027027	0.166666666667	0.0277777777778	0.944444444444	0.947368421053	0.0263157894737	1429.0	1.7929456112	32.0	0.0	0.0
CdublA	GAA	E	Q	0.0	0.601851851852	0.111111111111	0.0227272727273	0.954545454545	0.8	0.0181818181818	2058.0	1.91246056782	32.0	0.0	0.0
CorthB	GAA	E	Q	0.0	0.550847457627	0.1	0.0181818181818	0.945454545455	0.901639344262	0.016393442623	2250.0	1.83527965581	32.0	0.0	0.0
CorthC	GAA	E	Q	0.0	0.550847457627	0.1	0.0181818181818	0.945454545455	0.901639344262	0.016393442623	2250.0	1.83527965581	32.0	0.0	0.0
CorthA	GAA	E	Q	0.0	0.533898305085	0.0909090909091	0.0175438596491	0.947368421053	0.934426229508	0.016393442623	2250.0	1.8418879056	32.0	0.0	0.0
MguilA	GAA	E	Q	0.0	0.559322033898	0.0909090909091	0.0188679245283	0.962264150943	0.854838709677	0.0161290322581	2250.0	1.9301874596	32.0	0.0	0.0
SpastA	GAA	E	Q	0.0	0.540540540541	0.166666666667	0.0285714285714	0.942857142857	0.921052631579	0.0263157894737	1429.0	1.82426084554	32.0	0.0	0.0
ScereC	GAG	E	Q	0.0	0.0405405405405	0.333333333333	0.333333333333	0.666666666667	0.0789473684211	0.0263157894737	1429.0	2.39297124601	34.0	0.0	0.005
ScereA	GAG	E	Q	1.0	0.0405405405405	0.333333333333	0.333333333333	0.666666666667	0.0789473684211	0.0263157894737	1429.0	2.39297124601	34.0	0.0	0.007
ScereD	GAG	E	Q	0.0	0.027027027027	0.5	0.5	0.5	0.0526315789474	0.0263157894737	1429.0	2.58018867925	34.0	0.0	0.041
ScereE	GAG	E	Q	0.0	0.027027027027	0.5	0.5	0.5	0.0526315789474	0.0263157894737	1429.0	2.58018867925	34.0	0.0	0.041
DhansA	GAG	E	Q	0.0	0.120689655172	0.125	0.0666666666667	0.866666666667	0.25	0.0166666666667	2250.0	2.00795372379	34.0	0.0	0.0
CsalmA	GAA	E	Q	0.0	0.509615384615	0.0909090909091	0.0175438596491	0.877192982456	0.98275862069	0.0172413793103	2153.0	1.64094025465	32.0	0.0	0.0
LnothA	GAA	E	Q	0.0	0.540540540541	0.166666666667	0.0285714285714	0.942857142857	0.921052631579	0.0263157894737	1429.0	1.7807991121	32.0	0.0	0.0
CtheaA	GAA	E	Q	0.0	0.559322033898	0.1	0.0181818181818	0.927272727273	0.887096774194	0.0161290322581	2250.0	1.80199227485	32.0	0.0	0.0
AgossA	GAA	E	Q	0.0	0.541666666667	0.166666666667	0.0285714285714	0.914285714286	0.897435897436	0.025641025641	1427.0	1.76503186478	32.0	0.0	0.0
ScastA	GAA	E	Q	0.0	0.513888888889	0.166666666667	0.0285714285714	0.971428571429	0.972222222222	0.0277777777778	1426.0	1.8296521259	32.0	0.0	0.0