### Random Forest prediction
genome	codon	ori_aa	rea_aa	fitch	Fisher_pval	Gene_frac	N._rea	N._used	Cod._count	Sub._count	G._len	codon_lik	id	prediction	probability
SpombA	AGC	S	P	0.0	0.0275257084268	0.333333333333	0.333333333333	0.0	0.0288461538462	0.0192307692308	1424.0	1.36825396825	11.0	0.0	0.003
SpombA	TCA	S	P	0.0	0.0275257084268	0.166666666667	0.0243902439024	0.536585365854	0.394230769231	0.0192307692308	1424.0	-1.09324982603	28.0	0.0	0.0
WmucoA	AGT	S	P	0.0	0.168918867597	0.0833333333333	0.0185185185185	0.796296296296	0.310344827586	0.00574712643678	2246.0	-1.01343570058	9.0	0.0	0.0
CgallA	TCA	S	P	0.0	0.610686980732	0.166666666667	0.0246913580247	0.777777777778	0.48502994012	0.0119760479042	2247.0	-0.978232362969	28.0	0.0	0.0
CsantA	TCT	S	P	0.0	0.447580604789	0.111111111111	0.0243902439024	0.682926829268	0.231638418079	0.00564971751412	2220.0	-0.958578368704	29.0	0.0	0.0
CoxycA	TCA	S	P	0.0	0.484848432537	1.0	0.0833333333333	0.75	0.3	0.025	434.0	-0.51062215478	28.0	0.0	0.061
OanguA	TCT	S	P	0.0	0.713478687668	0.0909090909091	0.0217391304348	0.913043478261	0.262857142857	0.0171428571429	2248.0	-0.918157894737	29.0	0.0	0.0
OanguA	AGT	S	P	0.0	0.713478687668	0.1	0.025	0.7	0.228571428571	0.0171428571429	2248.0	-1.05444379046	9.0	0.0	0.0
OanguA	TCA	S	P	0.0	0.713478687668	0.0769230769231	0.0119047619048	0.845238095238	0.48	0.0171428571429	2248.0	-1.03309459126	28.0	0.0	0.0
SarboA	TCT	S	P	0.0	0.830694527859	0.2	0.030303030303	0.757575757576	0.323529411765	0.0196078431373	1429.0	-0.977068214804	29.0	0.0	0.0
SarboA	TCA	S	P	0.0	0.830694527859	0.142857142857	0.0175438596491	0.877192982456	0.558823529412	0.0196078431373	1429.0	-0.974564926372	28.0	0.0	0.0
CalaiA	AGT	S	P	0.0	0.863829740221	0.1	0.0185185185185	0.87037037037	0.343949044586	0.0127388535032	2056.0	-0.940326244064	9.0	0.0	0.0
CalaiA	TCA	S	P	0.0	0.863829740221	0.0909090909091	0.016393442623	0.901639344262	0.388535031847	0.0127388535032	2056.0	-0.957422758101	28.0	0.0	0.0
CviswA	AGT	S	P	0.0	0.426829207242	0.0769230769231	0.015873015873	0.904761904762	0.357954545455	0.00568181818182	2249.0	-0.949435180204	9.0	0.0	0.0
MstarA	TCT	S	P	0.0	0.447893086403	0.0909090909091	0.025	0.725	0.216216216216	0.0108108108108	2249.0	-1.07886944818	29.0	0.0	0.0
MstarA	TCA	S	P	0.0	0.447893086403	0.0909090909091	0.0144927536232	0.739130434783	0.372972972973	0.0108108108108	2249.0	-1.02591080402	28.0	0.0	0.0
NbaciA	AGT	S	P	0.0	0.0813953247497	0.2	0.0769230769231	0.846153846154	0.127450980392	0.00980392156863	1428.0	-0.618343195266	9.0	0.0	0.0
LstarA	TCA	S	P	0.0	0.158163224792	0.125	0.037037037037	0.814814814815	0.2	0.00740740740741	1834.0	-0.811115283515	28.0	0.0	0.0
MfariB	AGC	S	P	0.0	0.00613496720703	0.5	0.5	0.5	0.0112359550562	0.00561797752809	2250.0	1.05825242718	11.0	0.0	0.063
CphanA	TCT	S	P	0.0	0.368643532543	0.1	0.0294117647059	0.823529411765	0.207317073171	0.0121951219512	2247.0	-0.985269501172	29.0	0.0	0.0
CphanA	TCA	S	P	0.0	0.368643532543	0.0833333333333	0.0117647058824	0.741176470588	0.518292682927	0.0121951219512	2247.0	-1.0470982975	28.0	0.0	0.0
CglabA	TCA	S	P	0.0	0.680232447738	0.142857142857	0.0166666666667	0.9	0.606060606061	0.010101010101	1413.0	-0.943143812709	28.0	0.0	0.0
ScryoA	AGT	S	P	0.0	0.647977437412	0.166666666667	0.0322580645161	0.451612903226	0.292452830189	0.0188679245283	1424.0	-1.00152858453	9.0	0.0	0.0
ScryoA	TCA	S	P	0.0	0.647977437412	0.166666666667	0.027027027027	0.648648648649	0.349056603774	0.0188679245283	1424.0	-0.980903225806	28.0	0.0	0.0
CneerA	TCA	S	P	0.0	0.453703645096	0.0909090909091	0.0161290322581	0.870967741935	0.354285714286	0.00571428571429	2249.0	-0.956059285092	28.0	0.0	0.0
CsakeA	TCT	S	P	0.0	0.120253123039	0.1	0.0243902439024	0.90243902439	0.241176470588	0.00588235294118	2207.0	-0.912542550406	29.0	0.0	0.0
HuvarA	AGT	S	P	0.0	0.458844563873	0.25	0.0344827586207	0.758620689655	0.27619047619	0.047619047619	1361.0	-0.828917239123	9.0	0.0	0.0
HuvarA	TCA	S	P	0.0	0.458844563873	0.5	0.08	0.62	0.47619047619	0.047619047619	1361.0	-0.63476599809	28.0	0.0	0.0
CjiufA	TCT	S	P	0.0	0.828313193737	0.0833333333333	0.0161290322581	0.903225806452	0.350282485876	0.00564971751412	2231.0	-0.97732718894	29.0	0.0	0.0
KlactA	TCA	S	P	0.0	0.651685273001	0.166666666667	0.0144927536232	0.884057971014	0.676470588235	0.00980392156863	1408.0	-1.00968858131	28.0	0.0	0.0
CzempA	TCT	S	P	0.0	0.0805371470401	0.5	0.0882352941176	0.588235294118	0.309090909091	0.0272727272727	1428.0	-0.569630872483	29.0	0.0	0.0
CfrijA	TCG	S	P	0.0	0.00613496720703	1.0	0.5	0.5	0.0111731843575	0.00558659217877	2249.0	2.43203883495	30.0	0.0	0.075
PpastA	TCA	S	P	0.0	0.820779158903	0.153846153846	0.0176991150442	0.805309734513	0.597883597884	0.010582010582	2248.0	-0.995563699489	28.0	0.0	0.0
SjapoA	TCT	S	P	0.0	0.484399745749	0.142857142857	0.016393442623	0.622950819672	0.586538461538	0.0192307692308	1423.0	-1.17251598815	29.0	0.0	0.0
SjapoA	AGT	S	P	0.0	0.484399745749	0.166666666667	0.0384615384615	0.423076923077	0.25	0.0192307692308	1423.0	-0.927914674513	9.0	0.0	0.0
PkluyA	AGT	S	P	0.0	0.316353378794	0.181818181818	0.0434782608696	0.717391304348	0.262857142857	0.0228571428571	2247.0	-0.8708269132	9.0	0.0	0.0
PkluyA	TCA	S	P	0.0	0.316353378794	0.153846153846	0.016393442623	0.811475409836	0.697142857143	0.0228571428571	2247.0	-1.00492302184	28.0	0.0	0.0
PcanaA	TCA	S	P	0.0	0.731292424234	0.0833333333333	0.0112359550562	0.876404494382	0.511494252874	0.00574712643678	2250.0	-1.02535545024	28.0	0.0	0.0
YlipoB	TCA	S	P	0.0	0.424721378953	0.166666666667	0.0266666666667	0.76	0.457317073171	0.0121951219512	2247.0	-0.931019949424	28.0	0.0	0.0
YlipoA	TCA	S	P	0.0	0.424721378953	0.166666666667	0.0266666666667	0.76	0.457317073171	0.0121951219512	2247.0	-0.931019949424	28.0	0.0	0.0
NdelpA	TCA	S	P	0.0	0.656976625756	0.142857142857	0.015873015873	0.920634920635	0.63	0.01	1412.0	-0.93655635199	28.0	0.0	0.0
LelonA	AGT	S	P	0.0	0.395209527086	0.1	0.0185185185185	0.944444444444	0.301675977654	0.00558659217877	2249.0	-0.915802571547	9.0	0.0	0.0
CalimA	TCT	S	P	0.0	0.376159683112	0.111111111111	0.027027027027	0.702702702703	0.222891566265	0.0120481927711	2247.0	-1.06028476219	29.0	0.0	0.0
CalimA	TCA	S	P	0.0	0.376159683112	0.0833333333333	0.0121951219512	0.768292682927	0.493975903614	0.0120481927711	2247.0	-1.01888256596	28.0	0.0	0.0
BcaliA	TCA	S	P	0.0	0.73630127882	0.0909090909091	0.0113636363636	0.863636363636	0.514619883041	0.00584795321637	2250.0	-1.04743651174	28.0	0.0	0.0
SoctoA	AGC	S	P	0.0	0.0133128500779	0.333333333333	0.25	0.0	0.0377358490566	0.0188679245283	1425.0	0.172661870504	11.0	0.0	0.0
SoctoA	TCA	S	P	0.0	0.0133128500779	0.166666666667	0.0285714285714	0.6	0.330188679245	0.0188679245283	1425.0	-0.957348546591	28.0	0.0	0.0
CdefoA	TCT	S	P	0.0	0.38960653959	0.1	0.0263157894737	0.736842105263	0.230303030303	0.0121212121212	2247.0	-1.05065947242	29.0	0.0	0.0
CdefoA	TCA	S	P	0.0	0.38960653959	0.0833333333333	0.0125	0.775	0.484848484848	0.0121212121212	2247.0	-1.00118389897	28.0	0.0	0.0
ClusiA	AGT	S	P	0.0	0.437888146219	0.0909090909091	0.0185185185185	0.888888888889	0.312138728324	0.00578034682081	2250.0	-0.987063655031	9.0	0.0	0.0
MguilA	AGT	S	P	0.0	0.202453972354	0.0909090909091	0.0392156862745	0.921568627451	0.294797687861	0.0115606936416	2250.0	-0.799956082565	9.0	0.0	0.0
SpastA	TCA	S	P	0.0	0.701149322108	0.142857142857	0.0169491525424	0.864406779661	0.59	0.01	1429.0	-0.963692109085	28.0	0.0	0.0
ScereC	TCT	S	P	0.0	0.45689649328	0.2	0.0357142857143	0.821428571429	0.285714285714	0.0204081632653	1429.0	-0.95617939062	29.0	0.0	0.0
ScereC	TCA	S	P	0.0	0.45689649328	0.142857142857	0.0166666666667	0.883333333333	0.612244897959	0.0204081632653	1429.0	-0.955193160228	28.0	0.0	0.0
ScereA	TCT	S	P	0.0	0.45689649328	0.2	0.0357142857143	0.821428571429	0.288659793814	0.020618556701	1429.0	-0.95617939062	29.0	0.0	0.0
ScereA	TCA	S	P	0.0	0.45689649328	0.142857142857	0.0169491525424	0.898305084746	0.60824742268	0.020618556701	1429.0	-0.952787624879	28.0	0.0	0.0
ScereD	TCT	S	P	0.0	0.471003081222	0.2	0.037037037037	0.777777777778	0.275510204082	0.0204081632653	1429.0	-0.953917050691	29.0	0.0	0.0
ScereD	TCA	S	P	0.0	0.471003081222	0.142857142857	0.0169491525424	0.898305084746	0.602040816327	0.0204081632653	1429.0	-0.953041794417	28.0	0.0	0.0
ScereE	TCT	S	P	0.0	0.463949787251	0.2	0.0357142857143	0.785714285714	0.282828282828	0.020202020202	1429.0	-0.956209373931	29.0	0.0	0.0
ScereE	TCA	S	P	0.0	0.463949787251	0.142857142857	0.0169491525424	0.898305084746	0.59595959596	0.020202020202	1429.0	-0.953041794417	28.0	0.0	0.0
DhansA	TCA	S	P	0.0	0.783950542692	0.0833333333333	0.0135135135135	0.932432432432	0.418079096045	0.00564971751412	2250.0	-0.954401611047	28.0	0.0	0.0
CsalmA	TCT	S	P	0.0	0.115304185515	0.111111111111	0.0232558139535	0.674418604651	0.263803680982	0.0184049079755	2153.0	-0.922799794133	29.0	0.0	0.0
CsalmA	AGT	S	P	0.0	0.115304185515	0.0909090909091	0.0126582278481	0.683544303797	0.484662576687	0.0184049079755	2153.0	-1.13117499302	9.0	0.0	0.0
CsalmA	AGC	S	P	0.0	0.115304185515	0.333333333333	0.25	0.75	0.0245398773006	0.0184049079755	2153.0	1.04651162791	11.0	0.0	0.001
BcustA	AGT	S	P	0.0	0.879159308587	0.0909090909091	0.0212765957447	0.68085106383	0.270114942529	0.0172413793103	2247.0	-1.10945399393	9.0	0.0	0.0
BcustA	TCA	S	P	0.0	0.879159308587	0.166666666667	0.020618556701	0.783505154639	0.557471264368	0.0172413793103	2247.0	-0.994450610433	28.0	0.0	0.0
MingeA	TCA	S	P	0.0	0.402877630778	0.0833333333333	0.013698630137	0.72602739726	0.394594594595	0.00540540540541	2249.0	-1.07497857755	28.0	0.0	0.0
CmaltA	TCT	S	P	0.0	0.188263023083	0.0833333333333	0.0243902439024	0.975609756098	0.235632183908	0.0172413793103	2250.0	-0.857565170653	29.0	0.0	0.0
CmaltA	AGT	S	P	0.0	0.188263023083	0.0909090909091	0.0140845070423	0.915492957746	0.408045977011	0.0172413793103	2250.0	-0.963333333333	9.0	0.0	0.0
CmaltA	AGC	S	P	0.0	0.188263023083	0.166666666667	0.0833333333333	0.833333333333	0.0689655172414	0.0172413793103	2250.0	-0.444922547332	11.0	0.0	0.0