### Random Forest prediction
genome	codon	ori_aa	rea_aa	fitch	Fisher_pval	Gene_frac	N._rea	N._used	Cod._count	Sub._count	G._len	codon_lik	id	prediction	probability
Aphrocallistes_vastus	TCA	S	L	0.0	0.799999930949	0.125	0.0357142857143	0.678571428571	0.444444444444	0.015873015873	1349.0	-1.5987202925	28.0	0.0	0.0
Fasciola	TCT	S	L	0.0	0.463284985626	0.2	0.0384615384615	0.384615384615	0.52	0.02	1332.0	-1.95093228656	29.0	0.0	0.0
Trichobilharzia_regenti	AGT	S	L	0.0	0.358585834871	0.222222222222	0.0444444444444	0.333333333333	0.45	0.02	1324.0	-1.70701357466	9.0	0.0	0.0
Versteria_mustelae	TCT	S	L	0.0	0.387626595622	0.363636363636	0.0754716981132	0.377358490566	0.5	0.0377358490566	1328.0	-1.75447941889	29.0	0.0	0.0
Daphnia	TCT	S	L	0.0	0.801587233084	0.125	0.0357142857143	0.857142857143	0.383561643836	0.013698630137	1351.0	-1.65760869565	29.0	0.0	0.0
Haplorchis_taichui	TCT	S	L	0.0	0.475630233533	0.125	0.0232558139535	0.348837209302	0.494252873563	0.0229885057471	1320.0	-1.88073941562	29.0	0.0	0.003
Haplorchis_taichui	TCG	S	L	0.0	0.475630233533	0.166666666667	0.1	0.3	0.114942528736	0.0229885057471	1320.0	-1.79487179487	30.0	0.0	0.0
Lumbricus	AGT	S	L	0.0	0.108937064491	0.5	0.5	0.5	0.030303030303	0.030303030303	1350.0	0.346153846154	9.0	0.0	0.031
Lumbricus	TCA	S	L	0.0	0.108937064491	0.1	0.030303030303	0.939393939394	0.5	0.030303030303	1350.0	-1.69528228925	28.0	0.0	0.0
Halocynthia	TCT	S	L	0.0	0.765624919081	0.1	0.025641025641	0.74358974359	0.438202247191	0.0112359550562	1348.0	-1.72346002621	29.0	0.0	0.0
Echinococcus_equinus	TCG	S	L	0.0	0.166666644535	0.2	0.125	0.5	0.0952380952381	0.0119047619048	1331.0	-1.45597484277	30.0	0.0	0.0
Taenia_crassiceps	TCA	S	L	0.0	0.170454502298	0.25	0.0666666666667	0.666666666667	0.145631067961	0.00970873786408	1333.0	-1.79145299145	28.0	0.0	0.0
Tetrancistrum_nebulosi	TCT	S	L	0.0	0.26875052934	0.125	0.0263157894737	0.421052631579	0.417582417582	0.043956043956	1333.0	-2.06001348618	29.0	0.0	0.0
Tetrancistrum_nebulosi	TCG	S	L	0.0	0.26875052934	0.5	0.25	0.25	0.043956043956	0.043956043956	1333.0	-1.32051282051	30.0	0.0	0.001
Tetrancistrum_nebulosi	AGT	S	L	0.0	0.26875052934	0.222222222222	0.08	0.28	0.274725274725	0.043956043956	1333.0	-1.5393258427	9.0	0.0	0.0
Trichinella	AGC	S	L	0.0	0.107946156399	0.333333333333	0.2	0.3	0.119047619048	0.047619047619	1343.0	-0.917737789203	11.0	0.0	0.0
Trichinella	TCA	S	L	0.0	0.107946156399	0.222222222222	0.0909090909091	0.590909090909	0.261904761905	0.047619047619	1343.0	-1.27156177156	28.0	0.0	0.0
Pseudogarypus_banksi	TCA	S	L	0.0	0.298076866641	0.1	0.0333333333333	0.533333333333	0.337078651685	0.0112359550562	1347.0	-1.30077120823	28.0	0.0	0.0
Benedenia_hoshinai	TCT	S	L	0.0	0.36719883617	0.2	0.0377358490566	0.433962264151	0.469026548673	0.0530973451327	1333.0	-1.94744455159	29.0	0.0	0.0
Benedenia_hoshinai	AGT	S	L	0.0	0.36719883617	0.333333333333	0.0909090909091	0.424242424242	0.29203539823	0.0530973451327	1333.0	-1.7023255814	9.0	0.0	0.0
Benedenia_hoshinai	TCC	S	L	0.0	0.36719883617	0.166666666667	0.142857142857	0.142857142857	0.0619469026549	0.0530973451327	1333.0	-0.710144927536	31.0	0.0	0.0
Myxine	TCT	S	L	0.0	0.898596456218	0.142857142857	0.05	0.8	0.215053763441	0.0215053763441	1350.0	-1.53708439898	29.0	0.0	0.0
Myxine	TCA	S	L	0.0	0.898596456218	0.1	0.025641025641	0.846153846154	0.41935483871	0.0215053763441	1350.0	-1.64416775885	28.0	0.0	0.0
Drosophila	TCT	S	L	0.0	0.15291373553	0.111111111111	0.0322580645161	0.838709677419	0.424657534247	0.027397260274	1351.0	-1.71826371826	29.0	0.0	0.0
Drosophila	AGT	S	L	0.0	0.15291373553	0.125	0.111111111111	0.777777777778	0.123287671233	0.027397260274	1351.0	-1.35344827586	9.0	0.0	0.0
Epigonichthys	TCT	S	L	0.0	0.739725937537	0.125	0.0243902439024	0.90243902439	0.525641025641	0.0128205128205	1351.0	-1.69197261979	29.0	0.0	0.0
Strigamia_maritima	TCC	S	L	0.0	0.177966081214	0.2	0.111111111111	0.666666666667	0.134328358209	0.0149253731343	1351.0	-1.22857142857	31.0	0.0	0.0
Caenorhabditis	TCA	S	L	0.0	0.453124940659	0.125	0.0526315789474	0.526315789474	0.327586206897	0.0172413793103	1346.0	-1.63201094391	28.0	0.0	0.0
Ascidiella_aspersa	TCA	S	L	0.0	0.341269822089	0.2	0.125	0.75	0.0842105263158	0.0105263157895	1350.0	-1.22784810127	28.0	0.0	0.0