### Random Forest prediction
genome	codon	ori_aa	rea_aa	fitch	Fisher_pval	Gene_frac	N._rea	N._used	Cod._count	Sub._count	G._len	codon_lik	id	prediction	probability	clad_valid	trans_valid
LmeyeA	TTA	L	F	0.0	0.515705764291	0.285714285714	0.0103092783505	0.953608247423	0.946341463415	0.00975609756098	1429.0	0.123582710304	20.0	0.0	0.0	0	0
SpombA	CTT	L	F	0.0	0.943214151115	0.2	0.0588235294118	0.764705882353	0.085	0.055	1424.0	0.389792484577	53.0	0.0	0.0	0	0
SpombA	TTA	L	F	0.0	0.943214151115	0.714285714286	0.0573248407643	0.687898089172	0.785	0.055	1424.0	0.278006008952	20.0	0.0	0.0	0	0
SpombA	CTA	L	F	0.0	0.943214151115	0.2	0.047619047619	0.761904761905	0.105	0.055	1424.0	0.0374042361424	52.0	0.0	0.0	0	0
WmucoA	CTT	L	F	0.0	0.0943503648889	0.111111111111	0.0769230769231	0.846153846154	0.0381231671554	0.0175953079179	2246.0	0.323753169907	53.0	0.0	0.0	0	0
WmucoA	TTA	L	F	0.0	0.0943503648889	0.307692307692	0.0130293159609	0.912052117264	0.900293255132	0.0175953079179	2246.0	0.127769544945	20.0	0.0	0.0	0	0
WmucoA	CTA	L	F	0.0	0.0943503648889	0.142857142857	0.05	0.8	0.058651026393	0.0175953079179	2246.0	0.292828685259	52.0	0.0	0.0	0	0
AacerA	TTA	L	F	0.0	0.270794853781	0.5	0.0294117647059	0.941176470588	0.76404494382	0.0224719101124	630.0	0.131532269068	20.0	0.0	0.067	0	0
CgallA	TTA	L	F	0.0	0.706968791443	0.307692307692	0.0160256410256	0.842948717949	0.901734104046	0.014450867052	2247.0	0.13669321713	20.0	0.0	0.0	0	0
CgigaA	CTC	L	F	0.0	0.607161842987	0.166666666667	0.0173913043478	0.95652173913	0.358255451713	0.00623052959502	2002.0	0.151064836725	55.0	0.0	0.0	0	0
CsantA	CTT	L	F	0.0	0.40688123495	0.272727272727	0.0666666666667	0.833333333333	0.18691588785	0.0311526479751	2220.0	0.310055332952	53.0	0.0	0.0	0	0
CsantA	TTA	L	F	0.0	0.40688123495	0.166666666667	0.0307692307692	0.784615384615	0.202492211838	0.0311526479751	2220.0	0.145861833105	20.0	0.0	0.0	0	0
CsantA	CTA	L	F	0.0	0.40688123495	0.307692307692	0.020942408377	0.795811518325	0.595015576324	0.0311526479751	2220.0	0.100242841814	52.0	0.0	0.0	0	0
CtropB	CTA	L	F	0.0	0.375946957483	0.153846153846	0.020618556701	0.948453608247	0.268698060942	0.00554016620499	2250.0	0.185798301024	52.0	0.0	0.0	0	0
CtropA	CTA	L	F	0.0	0.374392955666	0.153846153846	0.0204081632653	0.948979591837	0.271468144044	0.00554016620499	2250.0	0.183275936289	52.0	0.0	0.0	0	0
WpijpA	TTA	L	F	0.0	0.653871470468	0.285714285714	0.0119047619048	0.934523809524	0.835820895522	0.00995024875622	1429.0	0.13291683384	20.0	0.0	0.0	0	0
BarxA	TTA	L	F	0.0	0.522222222222	1.0	0.037037037037	0.777777777778	0.981818181818	0.0363636363636	434.0	0.101246630728	20.0	0.0	0.04	0	0
CoxycA	TTA	L	F	0.0	0.634615258465	1.0	0.0243902439024	0.90243902439	0.732142857143	0.0178571428571	434.0	0.169882457308	20.0	0.0	0.091	0	0
CsubhA	CTA	L	F	0.0	0.156619294803	0.25	0.0234375	0.921875	0.357541899441	0.0139664804469	2244.0	0.226673385404	52.0	0.0	0.0	0	0
CsubhA	CTC	L	F	0.0	0.156619294803	0.0769230769231	0.00961538461538	0.903846153846	0.290502793296	0.0139664804469	2244.0	0.174815954291	55.0	0.0	0.0	0	0
CsubhA	TTG	L	F	0.0	0.156619294803	0.2	0.1	0.7	0.0279329608939	0.0139664804469	2244.0	0.459844559585	22.0	0.0	0.0	0	0
CsubhB	CTA	L	F	0.0	0.156619294803	0.25	0.0234375	0.921875	0.357541899441	0.0139664804469	2244.0	0.226673385404	52.0	0.0	0.0	0	0
CsubhB	CTC	L	F	0.0	0.156619294803	0.0769230769231	0.00961538461538	0.903846153846	0.290502793296	0.0139664804469	2244.0	0.174815954291	55.0	0.0	0.0	0	0
CsubhB	TTG	L	F	0.0	0.156619294803	0.2	0.1	0.7	0.0279329608939	0.0139664804469	2244.0	0.459844559585	22.0	0.0	0.0	0	0
OanguA	CTT	L	F	0.0	0.219505903305	0.181818181818	0.0869565217391	0.739130434783	0.0653409090909	0.0198863636364	2248.0	0.545797413793	53.0	0.0	0.0	0	0
OanguA	TTA	L	F	0.0	0.219505903305	0.384615384615	0.016339869281	0.862745098039	0.869318181818	0.0198863636364	2248.0	0.113910498894	20.0	0.0	0.0	0	0
SarboA	TTA	L	F	0.0	0.552863027687	0.571428571429	0.0260416666667	0.90625	0.923076923077	0.0240384615385	1429.0	0.15893642543	20.0	0.0	0.0	0	0
CalaiA	TTA	L	F	0.0	0.526706203978	0.181818181818	0.00657894736842	0.940789473684	0.97124600639	0.00638977635783	2056.0	0.0693795863909	20.0	0.0	0.0	0	0
KtherA	TTA	L	F	0.0	0.510335539059	0.285714285714	0.010101010101	0.954545454545	0.95652173913	0.00966183574879	1429.0	0.12080015537	20.0	0.0	0.0	0	0
CblacA	TTA	L	F	1.0	0.518181818182	1.0	0.0178571428571	0.928571428571	0.949152542373	0.0169491525424	434.0	0.124533203442	20.0	0.0	0.097	0	0
CnorvA	TTA	L	F	0.0	1.0	0.307692307692	0.0144927536232	0.924637681159	1.0	0.0144927536232	2249.0	0.136967358096	20.0	0.0	0.0	0	0
CviswA	TTA	L	F	0.0	0.551466120802	0.153846153846	0.00600600600601	0.963963963964	0.948717948718	0.00569800569801	2249.0	0.0874006810443	20.0	0.0	0.0	0	0
MstarA	TTA	L	F	0.0	0.448013146318	0.384615384615	0.024024024024	0.855855855856	0.988130563798	0.0237388724036	2249.0	0.13750334314	20.0	0.0	0.0	0	0
NbaciA	TTA	L	F	0.0	1.0	0.285714285714	0.010752688172	0.930107526882	0.948979591837	0.0102040816327	1428.0	0.0930352625329	20.0	0.0	0.0	0	0
CtetrA	TTA	L	F	0.0	0.706961446955	0.153846153846	0.00727272727273	0.956363636364	0.768156424581	0.00558659217877	2249.0	0.110403739222	20.0	0.0	0.0	0	0
CbohiA	TTA	L	F	0.0	0.52346024603	0.0769230769231	0.00293255131965	0.950146627566	0.947222222222	0.00277777777778	2250.0	0.0947251960561	20.0	0.0	0.0	0	0
LstarA	TTA	L	F	0.0	0.830057706795	0.5	0.0305676855895	0.847161572052	0.857677902622	0.0262172284644	1834.0	0.172453984751	20.0	0.0	0.0	0	0
MfariA	TTA	L	F	0.0	0.557228762794	0.0769230769231	0.00320512820513	0.939102564103	0.888888888889	0.002849002849	2248.0	0.0686627886228	20.0	0.0	0.0	0	0
CcastA	TTA	L	F	0.0	0.201259017519	0.571428571429	0.0267379679144	0.909090909091	0.939698492462	0.0251256281407	1428.0	0.186261423144	20.0	0.0	0.0	0	0
LanspB	TTA	L	F	0.0	0.520885381785	0.285714285714	0.0103626943005	0.953367875648	0.936893203883	0.00970873786408	1429.0	0.125056006372	20.0	0.0	0.0	0	0
CphanA	TTA	L	F	0.0	0.58209029405	0.230769230769	0.012012012012	0.843843843844	0.956896551724	0.0114942528736	2247.0	0.11277441775	20.0	0.0	0.0	0	0
LanspA	TTA	L	F	0.0	0.522955757124	0.428571428571	0.0148514851485	0.930693069307	0.948356807512	0.0140845070423	1429.0	0.125785265563	20.0	0.0	0.0	0	0
CsojaA	TTA	L	F	1.0	0.613821004882	0.125	0.00520833333333	0.984375	0.768	0.004	1498.0	0.135460530218	20.0	0.0	0.0	0	0
CglabA	TTA	L	F	0.0	0.505524861879	0.285714285714	0.0104166666667	0.927083333333	0.97461928934	0.010152284264	1413.0	0.101666916954	20.0	0.0	0.0	0	0
ScryoA	CTT	L	F	0.0	0.105554529063	0.166666666667	0.0909090909091	0.727272727273	0.107843137255	0.0539215686275	1424.0	0.457516339869	53.0	0.0	0.0	0	0
ScryoA	TTA	L	F	0.0	0.105554529063	0.571428571429	0.0294117647059	0.713235294118	0.666666666667	0.0539215686275	1424.0	0.141672572644	20.0	0.0	0.0	0	0
ScryoA	CTA	L	F	0.0	0.105554529063	0.666666666667	0.138888888889	0.666666666667	0.176470588235	0.0539215686275	1424.0	0.761617222368	52.0	0.0	0.0	0	0
CneerA	CTA	L	F	0.0	0.297612439292	0.0909090909091	0.030303030303	0.969696969697	0.0914127423823	0.00554016620499	2249.0	0.21160651097	52.0	0.0	0.0	0	0
CneerA	TTA	L	F	0.0	0.297612439292	0.0769230769231	0.0034965034965	0.954545454545	0.792243767313	0.00554016620499	2249.0	0.0903802442501	20.0	0.0	0.0	0	0
CsakeA	TTA	L	F	0.0	0.526860589188	0.166666666667	0.00593471810089	0.949554896142	0.973988439306	0.00578034682081	2207.0	0.0891335692751	20.0	0.0	0.0	0	0
HuvarA	CTT	L	F	0.0	4.24884661488e-05	1.0	0.3	0.2	0.048309178744	0.0434782608696	1361.0	0.951750236518	53.0	1.0	0.595	1	0
HuvarA	CTA	L	F	0.0	4.24884661488e-05	0.166666666667	0.0434782608696	0.0434782608696	0.111111111111	0.0434782608696	1361.0	-1.6398163606	52.0	0.0	0.289	0	0
HuvarA	CTC	L	F	0.0	4.24884661488e-05	1.0	1.0	0.0	0.0048309178744	0.0434782608696	1361.0	5.49514563107	55.0	0.0	0.471	0	0
HuvarA	TTA	L	F	0.0	4.24884661488e-05	0.5	0.0240963855422	0.734939759036	0.80193236715	0.0434782608696	1361.0	0.0264648098925	20.0	0.0	0.218	0	0
CjiufA	TTA	L	F	0.0	0.577363750931	0.0769230769231	0.00333333333333	0.98	0.840336134454	0.00280112044818	2231.0	0.109720670391	20.0	0.0	0.0	0	0
KlactA	TTA	L	F	0.0	0.510958654605	0.285714285714	0.0103626943005	0.922279792746	0.989743589744	0.0102564102564	1408.0	0.110448651066	20.0	0.0	0.0	0	0
CzempA	TTA	L	F	0.0	0.551743774598	0.571428571429	0.0414507772021	0.730569948187	0.984693877551	0.0408163265306	1428.0	0.20349271108	20.0	0.0	0.0	0	0
CmetaB	TTA	L	F	0.0	0.55555540211	0.0769230769231	0.00308641975309	0.984567901235	0.887671232877	0.0027397260274	2250.0	0.10184547583	20.0	0.0	0.0	0	0
CmetaC	TTA	L	F	0.0	0.55555540211	0.0769230769231	0.00308641975309	0.984567901235	0.887671232877	0.0027397260274	2250.0	0.10184547583	20.0	0.0	0.0	0	0
CmetaA	TTA	L	F	0.0	0.55555540211	0.0769230769231	0.00308641975309	0.984567901235	0.887671232877	0.0027397260274	2250.0	0.10184547583	20.0	0.0	0.0	0	0
CmetaF	TTA	L	F	0.0	0.55555540211	0.0769230769231	0.00308641975309	0.984567901235	0.887671232877	0.0027397260274	2250.0	0.10184547583	20.0	0.0	0.0	0	0
CfrijA	TTA	L	F	0.0	0.0146267888461	0.0769230769231	0.00307692307692	0.956923076923	0.902777777778	0.00555555555556	2249.0	0.100504755691	20.0	0.0	0.0	0	0
CfrijA	CTG	L	F	0.0	0.0146267888461	0.5	0.5	0.5	0.00555555555556	0.00555555555556	2249.0	2.05	54.0	0.0	0.038	0	0
CmetaD	TTA	L	F	0.0	0.55555540211	0.0769230769231	0.00308641975309	0.984567901235	0.887671232877	0.0027397260274	2250.0	0.10184547583	20.0	0.0	0.0	0	0
CmetaE	TTA	L	F	0.0	0.55555540211	0.0769230769231	0.00308641975309	0.984567901235	0.887671232877	0.0027397260274	2250.0	0.10184547583	20.0	0.0	0.0	0	0
PpastA	TTA	L	F	0.0	0.0556986775248	0.307692307692	0.0176991150442	0.893805309735	0.985465116279	0.0203488372093	2248.0	0.121866588838	20.0	0.0	0.0	0	0
PpastA	CTA	L	F	0.0	0.0556986775248	1.0	1.0	0.0	0.00290697674419	0.0203488372093	2248.0	4.7323943662	52.0	0.0	0.139	0	0
SjapoA	TTA	L	F	0.0	0.630567348536	0.571428571429	0.0326797385621	0.647058823529	0.725118483412	0.0236966824645	1423.0	0.0608913998745	20.0	0.0	0.0	0	0
CalbiE	TTA	L	F	0.0	0.711882393778	0.285714285714	0.0142857142857	0.957142857143	0.765027322404	0.0109289617486	1183.0	0.13690259693	20.0	0.0	0.0	0	0
CalbiD	TTA	L	F	0.0	0.817108066657	0.25	0.0127118644068	0.970338983051	0.717325227964	0.00911854103343	2058.0	0.133790084689	20.0	0.0	0.0	0	0
CalbiC	TTA	L	F	0.0	0.812499767624	0.230769230769	0.0114503816794	0.969465648855	0.721763085399	0.00826446280992	2250.0	0.125216363406	20.0	0.0	0.0	0	0
CalbiB	TTA	L	F	0.0	0.812499767624	0.230769230769	0.0114503816794	0.969465648855	0.721763085399	0.00826446280992	2250.0	0.125216363406	20.0	0.0	0.0	0	0
CalbiA	TTA	L	F	0.0	0.819473048554	0.25	0.0127659574468	0.970212765957	0.714285714286	0.00911854103343	2058.0	0.133320627055	20.0	0.0	0.0	0	0
MmagnB	CTT	L	F	0.0	0.97641777852	0.153846153846	0.0265486725664	0.858407079646	0.338323353293	0.0209580838323	2249.0	0.0981499513145	53.0	0.0	0.0	0	0
MmagnB	CTG	L	F	0.0	0.97641777852	0.0833333333333	0.0161290322581	0.838709677419	0.185628742515	0.0209580838323	2249.0	0.162786147525	54.0	0.0	0.0	0	0
MmagnB	CTA	L	F	0.0	0.97641777852	0.153846153846	0.0260869565217	0.895652173913	0.344311377246	0.0209580838323	2249.0	0.158752458556	52.0	0.0	0.0	0	0
MmagnA	CTT	L	F	0.0	0.975208988959	0.153846153846	0.0260869565217	0.860869565217	0.344311377246	0.0209580838323	2249.0	0.0941626794258	53.0	0.0	0.0	0	0
MmagnA	CTG	L	F	0.0	0.975208988959	0.0769230769231	0.015873015873	0.84126984127	0.188622754491	0.0209580838323	2249.0	0.161877394636	54.0	0.0	0.0	0	0
MmagnA	CTA	L	F	0.0	0.975208988959	0.153846153846	0.0260869565217	0.886956521739	0.344311377246	0.0209580838323	2249.0	0.160453353316	52.0	0.0	0.0	0	0
CcoryA	TTA	L	F	0.0	0.0760492432128	0.153846153846	0.00796812749004	0.924302788845	0.678378378378	0.0108108108108	2250.0	0.100690344264	20.0	0.0	0.0	0	0
CcoryA	CTA	L	F	0.0	0.0760492432128	0.1	0.0571428571429	0.914285714286	0.0945945945946	0.0108108108108	2250.0	0.307084391758	52.0	0.0	0.0	0	0
CparaC	TTA	L	F	0.0	0.554621694971	0.0769230769231	0.0030959752322	0.981424148607	0.889807162534	0.00275482093664	2250.0	0.102449657463	20.0	0.0	0.0	0	0
CparaB	TTA	L	F	0.0	0.554621694971	0.0769230769231	0.0030959752322	0.981424148607	0.889807162534	0.00275482093664	2250.0	0.102449657463	20.0	0.0	0.0	0	0
CparaE	TTA	L	F	0.0	0.554621694971	0.0769230769231	0.0030959752322	0.981424148607	0.889807162534	0.00275482093664	2250.0	0.102449657463	20.0	0.0	0.0	0	0
CparaD	TTA	L	F	0.0	0.554621694971	0.0769230769231	0.0030959752322	0.981424148607	0.889807162534	0.00275482093664	2250.0	0.102449657463	20.0	0.0	0.0	0	0
CparaF	TTA	L	F	0.0	0.554621694971	0.0769230769231	0.0030959752322	0.981424148607	0.889807162534	0.00275482093664	2250.0	0.102449657463	20.0	0.0	0.0	0	0
MtetrA	CTT	L	F	0.0	0.826481307094	0.0769230769231	0.0133333333333	0.813333333333	0.223214285714	0.0178571428571	2248.0	0.0194752502029	53.0	0.0	0.0	0	0
MtetrA	CTG	L	F	0.0	0.826481307094	0.166666666667	0.0161290322581	0.838709677419	0.369047619048	0.0178571428571	2248.0	0.167158777026	54.0	0.0	0.0	0	0
MtetrA	CTA	L	F	0.0	0.826481307094	0.166666666667	0.0289855072464	0.869565217391	0.205357142857	0.0178571428571	2248.0	0.152005943536	52.0	0.0	0.0	0	0
MtetrA	CTC	L	F	0.0	0.826481307094	0.153846153846	0.0357142857143	0.892857142857	0.166666666667	0.0178571428571	2248.0	0.28980679547	55.0	0.0	0.0	0	0
CsaraA	TTA	L	F	0.0	0.663534501221	0.153846153846	0.00694444444444	0.961805555556	0.822857142857	0.00571428571429	2249.0	0.107246598379	20.0	0.0	0.0	0	0
CsuavA	TTA	L	F	0.0	0.64339302738	0.384615384615	0.016393442623	0.927868852459	0.932721712538	0.0152905198777	2250.0	0.146979817047	20.0	0.0	0.0	0	0
PkluyA	TTA	L	F	0.0	0.616087868103	0.307692307692	0.0216049382716	0.87037037037	0.964285714286	0.0208333333333	2247.0	0.148505006172	20.0	0.0	0.0	0	0
PcanaA	TTA	L	F	0.0	0.549572758298	0.307692307692	0.0124223602484	0.931677018634	0.969879518072	0.0120481927711	2250.0	0.126304873833	20.0	0.0	0.0	0	0
YlipoB	TTA	L	F	0.0	0.690067032955	0.307692307692	0.0157728706625	0.839116719243	0.916184971098	0.014450867052	2247.0	0.11632303007	20.0	0.0	0.0	0	0
YlipoA	TTA	L	F	0.0	0.690067032955	0.307692307692	0.0157728706625	0.839116719243	0.916184971098	0.014450867052	2247.0	0.11632303007	20.0	0.0	0.0	0	0
CjadiA	TTA	L	F	0.0	0.524034249555	0.307692307692	0.0155279503106	0.931677018634	0.990769230769	0.0153846153846	2250.0	0.124931525609	20.0	0.0	0.0	0	0
AgossB	CTT	L	F	0.0	0.0015080219581	0.5	0.133333333333	0.0	0.0652173913043	0.0260869565217	1427.0	-1.10912571793	53.0	0.0	0.0	0	0
AgossB	TTA	L	F	0.0	0.0015080219581	0.428571428571	0.0210526315789	0.9	0.826086956522	0.0260869565217	1427.0	0.159961589002	20.0	0.0	0.0	0	0
NdelpA	TTA	L	F	0.0	0.525135209152	0.428571428571	0.0160427807487	0.914438502674	0.944444444444	0.0151515151515	1412.0	0.103946894458	20.0	0.0	0.0	0	0
LelonA	TTA	L	F	0.0	0.664244070126	0.0769230769231	0.00425531914894	0.978723404255	0.667613636364	0.00284090909091	2249.0	0.124500475737	20.0	0.0	0.0	0	0
CpseuA	CTA	L	F	0.0	0.219298218357	1.0	0.111111111111	0.888888888889	0.155172413793	0.0172413793103	434.0	0.376767676768	52.0	0.0	0.104	0	0
CalimA	TTA	L	F	0.0	0.634630521681	0.307692307692	0.0154320987654	0.848765432099	0.936416184971	0.014450867052	2247.0	0.119290128785	20.0	0.0	0.0	0	0
CchauA	TTA	L	F	0.0	0.759758824229	0.230769230769	0.0104166666667	0.934027777778	0.77628032345	0.00808625336927	2250.0	0.144816599316	20.0	0.0	0.0	0	0
BcaliA	TTA	L	F	0.0	0.492307692308	0.384615384615	0.014450867052	0.921965317919	0.99711815562	0.014409221902	2250.0	0.128867973182	20.0	0.0	0.0	0	0
SoctoA	CTT	L	F	0.0	0.440310913016	0.5	0.111111111111	0.703703703704	0.133663366337	0.0544554455446	1425.0	0.646849412602	53.0	0.0	0.0	0	0
SoctoA	TTA	L	F	0.0	0.440310913016	0.571428571429	0.0503144654088	0.704402515723	0.787128712871	0.0544554455446	1425.0	0.266275056016	20.0	0.0	0.0	0	0
CvartA	CTT	L	F	0.0	0.177663002092	0.2	0.1	0.8	0.0305810397554	0.0122324159021	2250.0	0.29360780065	53.0	0.0	0.0	0	0
CvartA	TTA	L	F	0.0	0.177663002092	0.230769230769	0.00977198697068	0.928338762215	0.938837920489	0.0122324159021	2250.0	0.112019091698	20.0	0.0	0.0	0	0
CbuenA	TTA	L	F	0.0	0.799586833139	0.230769230769	0.0136518771331	0.935153583618	0.800546448087	0.0109289617486	2248.0	0.132857088861	20.0	0.0	0.0	0	0
CdefoA	TTA	L	F	0.0	0.683750817431	0.307692307692	0.0157232704403	0.842767295597	0.916426512968	0.014409221902	2247.0	0.119539747491	20.0	0.0	0.0	0	0
LdasiA	TTA	L	F	0.0	0.510389228866	0.285714285714	0.010152284264	0.954314720812	0.951690821256	0.00966183574879	1429.0	0.124383935978	20.0	0.0	0.0	0	0
LkluyF	TTA	L	F	0.0	1.0	0.285714285714	0.01	0.945	0.966183574879	0.00966183574879	1429.0	0.0985834333733	20.0	0.0	0.0	0	0
LkluyE	TTA	L	F	0.0	0.505235602094	0.285714285714	0.0100502512563	0.94472361809	0.961352657005	0.00966183574879	1429.0	0.0992517499397	20.0	0.0	0.0	0	0
LkluyD	TTA	L	F	0.0	0.510498468393	0.285714285714	0.010152284264	0.944162436548	0.951690821256	0.00966183574879	1429.0	0.0999463702404	20.0	0.0	0.0	0	0
LkluyC	TTA	L	F	0.0	1.0	0.285714285714	0.01	0.945	0.966183574879	0.00966183574879	1429.0	0.0985834333733	20.0	0.0	0.0	0	0
LkluyB	TTA	L	F	0.0	0.567921541507	1.0	0.0178571428571	0.946428571429	0.965517241379	0.0172413793103	434.0	0.0914406366737	20.0	0.0	0.091	0	0
LkluyA	TTA	L	F	0.0	1.0	0.285714285714	0.01	0.945	0.966183574879	0.00966183574879	1429.0	0.0985834333733	20.0	0.0	0.0	0	0
CdublA	CTT	L	F	0.0	0.418777237259	0.1	0.0204081632653	0.959183673469	0.150306748466	0.00920245398773	2058.0	0.142069956876	53.0	0.0	0.0	0	0
CdublA	TTA	L	F	0.0	0.418777237259	0.166666666667	0.008	0.976	0.766871165644	0.00920245398773	2058.0	0.115070328198	20.0	0.0	0.0	0	0
CorthB	TTA	L	F	0.0	0.55555540211	0.0769230769231	0.00307692307692	0.981538461538	0.887978142077	0.00273224043716	2250.0	0.0981586693134	20.0	0.0	0.0	0	0
CorthC	TTA	L	F	0.0	0.554166512741	0.0769230769231	0.00306748466258	0.981595092025	0.890710382514	0.00273224043716	2250.0	0.0979207210898	20.0	0.0	0.0	0	0
CorthA	TTA	L	F	0.0	0.55555540211	0.0769230769231	0.00307692307692	0.981538461538	0.887978142077	0.00273224043716	2250.0	0.100698965257	20.0	0.0	0.0	0	0
ClusiA	TTA	L	F	0.0	0.534078789223	0.230769230769	0.00852272727273	0.948863636364	0.977777777778	0.00833333333333	2250.0	0.119461351667	20.0	0.0	0.0	0	0
MguilA	TTA	L	F	0.0	0.0853864151434	0.153846153846	0.00651465798046	0.951140065147	0.864788732394	0.00845070422535	2250.0	0.116003787879	20.0	0.0	0.0	0	0
MguilA	TTG	L	F	0.0	0.0853864151434	0.25	0.166666666667	0.833333333333	0.0169014084507	0.00845070422535	2250.0	0.811428571429	22.0	0.0	0.001	0	0
SpastA	TTA	L	F	0.0	0.527168963633	0.571428571429	0.025641025641	0.897435897436	0.955882352941	0.0245098039216	1429.0	0.1475538931	20.0	0.0	0.0	0	0
ScereC	TTA	L	F	0.0	0.539874658055	0.571428571429	0.0257731958763	0.907216494845	0.937198067633	0.024154589372	1429.0	0.160698387575	20.0	0.0	0.0	0	0
ScereA	TTA	L	F	0.0	0.532248271172	0.428571428571	0.020725388601	0.911917098446	0.936893203883	0.0194174757282	1429.0	0.136713895103	20.0	0.0	0.0	0	0
ScereD	TTA	L	F	0.0	0.539874658055	0.571428571429	0.0257731958763	0.907216494845	0.928229665072	0.0239234449761	1429.0	0.160698387575	20.0	0.0	0.0	0	0
ScereE	TTA	L	F	0.0	0.526876930387	0.571428571429	0.025641025641	0.907692307692	0.933014354067	0.0239234449761	1429.0	0.159899601358	20.0	0.0	0.0	0	0
DhansA	TTA	L	F	0.0	0.558924389906	0.153846153846	0.00874635568513	0.950437317784	0.955431754875	0.008356545961	2250.0	0.107192455511	20.0	0.0	0.0	0	0
CsalmA	TTA	L	F	0.0	0.771346644829	0.5	0.0340136054422	0.775510204082	0.936305732484	0.031847133758	2153.0	0.136414336704	20.0	0.0	0.0	0	0
LnothA	TTA	L	F	0.0	0.520669555277	0.285714285714	0.0102564102564	0.953846153846	0.9375	0.00961538461538	1429.0	0.124839822573	20.0	0.0	0.0	0	0
BcustA	CTT	L	F	0.0	0.121024636625	0.166666666667	0.166666666667	0.666666666667	0.0179640718563	0.0269461077844	2247.0	0.551257253385	53.0	0.0	0.001	0	0
BcustA	TTA	L	F	0.0	0.121024636625	0.461538461538	0.0251572327044	0.861635220126	0.952095808383	0.0269461077844	2247.0	0.160763985527	20.0	0.0	0.0	0	0
CtheaA	TTA	L	F	0.0	0.545833176531	0.0769230769231	0.00301204819277	0.981927710843	0.907103825137	0.00273224043716	2250.0	0.0970389227574	20.0	0.0	0.0	0	0
AgossA	CTT	L	F	0.0	0.0015080219581	0.5	0.133333333333	0.0	0.0652173913043	0.0260869565217	1427.0	-1.10912571793	53.0	0.0	0.0	0	0
AgossA	TTA	L	F	0.0	0.0015080219581	0.428571428571	0.0210526315789	0.9	0.826086956522	0.0260869565217	1427.0	0.159961589002	20.0	0.0	0.0	0	0
MingeA	TTA	L	F	0.0	0.46015212855	0.307692307692	0.0238805970149	0.844776119403	0.991124260355	0.0236686390533	2249.0	0.12011942279	20.0	0.0	0.0	0	0
ScastA	TTA	L	F	0.0	0.0551721370178	0.428571428571	0.0310880829016	0.875647668394	0.965	0.03	1426.0	0.185792349727	20.0	0.0	0.0	0	0
CmaltA	CTT	L	F	0.0	0.0682661027515	0.0833333333333	0.025641025641	0.974358974359	0.107142857143	0.00824175824176	2250.0	0.224244120941	53.0	0.0	0.0	0	0
CmaltA	CTA	L	F	0.0	0.0682661027515	0.153846153846	0.0229885057471	0.919540229885	0.239010989011	0.00824175824176	2250.0	0.153709575143	52.0	0.0	0.0	0	0
KmarxA	TTA	L	F	0.0	0.509259259259	1.0	0.0181818181818	0.945454545455	0.982142857143	0.0178571428571	434.0	0.093600132297	20.0	0.0	0.091	0	0

### Alignment improvement:
CTT	Phe	4.00e-01


### Prediction Prob. range for Positive :[ 0.595 - 0.595 ]

