### Random Forest prediction
genome	codon	ori_aa	rea_aa	fitch	Fisher_pval	Gene_frac	N._rea	N._used	Cod._count	Sub._count	G._len	codon_lik	id	prediction	probability
LmeyeA	TTA	L	I	0.0	0.0396401481023	0.285714285714	0.020618556701	0.953608247423	0.946341463415	0.0243902439024	1429.0	1.96276674754	20.0	0.0	0.0
LmeyeA	CTA	L	I	0.0	0.0396401481023	0.333333333333	0.166666666667	0.0	0.0292682926829	0.0243902439024	1429.0	1.39095315024	52.0	0.0	0.0
SpombA	CTT	L	I	0.0	0.250556871986	0.6	0.176470588235	0.764705882353	0.085	0.115	1424.0	2.18003365115	53.0	0.0	0.0
SpombA	TTA	L	I	0.0	0.250556871986	0.857142857143	0.12101910828	0.687898089172	0.785	0.115	1424.0	1.81169906187	20.0	0.0	0.0
SpombA	CTG	L	I	0.0	0.250556871986	0.5	0.333333333333	0.666666666667	0.015	0.115	1424.0	2.39009287926	54.0	0.0	0.0
WmucoA	CTT	L	I	0.0	0.365622962237	0.111111111111	0.0769230769231	0.846153846154	0.0381231671554	0.0439882697947	2246.0	2.10059171598	53.0	0.0	0.0
WmucoA	TTA	L	I	0.0	0.365622962237	0.692307692308	0.042345276873	0.912052117264	0.900293255132	0.0439882697947	2246.0	1.97903639715	20.0	0.0	0.0
WmucoA	CTA	L	I	0.0	0.365622962237	0.142857142857	0.05	0.8	0.058651026393	0.0439882697947	2246.0	1.77141434263	52.0	0.0	0.0
CgallA	TTA	L	I	0.0	0.970189405749	0.769230769231	0.0865384615385	0.842948717949	0.901734104046	0.0809248554913	2247.0	2.03232489195	20.0	0.0	0.0
CgallA	CTA	L	I	0.0	0.970189405749	0.111111111111	0.0833333333333	0.833333333333	0.0346820809249	0.0809248554913	2247.0	1.7071935157	52.0	0.0	0.0
CgigaA	CTT	L	I	0.0	0.833661879459	0.25	0.0483870967742	0.935483870968	0.193146417445	0.0342679127726	2002.0	1.9711506206	53.0	0.0	0.0
CgigaA	CTG	L	I	0.0	0.833661879459	0.111111111111	0.0285714285714	0.971428571429	0.109034267913	0.0342679127726	2002.0	2.01258257314	54.0	0.0	0.0
CgigaA	CTA	L	I	0.0	0.833661879459	0.181818181818	0.0361445783133	0.951807228916	0.258566978193	0.0342679127726	2002.0	2.0726557377	52.0	0.0	0.0
CgigaA	CTC	L	I	0.0	0.833661879459	0.25	0.0260869565217	0.95652173913	0.358255451713	0.0342679127726	2002.0	1.98144817795	55.0	0.0	0.0
CgigaA	TTA	L	I	0.0	0.833661879459	0.142857142857	0.0588235294118	0.941176470588	0.0529595015576	0.0342679127726	2002.0	2.15823190263	20.0	0.0	0.0
CsantA	CTT	L	I	0.0	0.210547358314	0.0909090909091	0.0166666666667	0.833333333333	0.18691588785	0.0685358255452	2220.0	1.76626597977	53.0	0.0	0.0
CsantA	TTA	L	I	0.0	0.210547358314	0.333333333333	0.123076923077	0.784615384615	0.202492211838	0.0685358255452	2220.0	2.21802325581	20.0	0.0	0.0
CsantA	CTA	L	I	0.0	0.210547358314	0.461538461538	0.0680628272251	0.795811518325	0.595015576324	0.0685358255452	2220.0	1.86632405263	52.0	0.0	0.0
CtropB	CTT	L	I	0.0	0.901916297723	0.153846153846	0.0266666666667	0.973333333333	0.207756232687	0.016620498615	2250.0	2.025	53.0	0.0	0.0
CtropB	CTA	L	I	0.0	0.901916297723	0.0769230769231	0.0103092783505	0.948453608247	0.268698060942	0.016620498615	2250.0	1.94783271618	52.0	0.0	0.0
CtropB	TTA	L	I	0.0	0.901916297723	0.230769230769	0.0229007633588	0.977099236641	0.362880886427	0.016620498615	2250.0	2.01703038083	20.0	0.0	0.0
CtropA	CTT	L	I	0.0	0.902163090914	0.153846153846	0.027397260274	0.972602739726	0.202216066482	0.016620498615	2250.0	2.0338658147	53.0	0.0	0.0
CtropA	CTA	L	I	0.0	0.902163090914	0.0769230769231	0.0102040816327	0.948979591837	0.271468144044	0.016620498615	2250.0	1.93445975032	52.0	0.0	0.0
CtropA	TTA	L	I	0.0	0.902163090914	0.230769230769	0.0227272727273	0.977272727273	0.365650969529	0.016620498615	2250.0	2.02089730467	20.0	0.0	0.0
WpijpA	TTA	L	I	0.0	0.474877344018	0.571428571429	0.0357142857143	0.934523809524	0.835820895522	0.0298507462687	1429.0	1.99363787471	20.0	0.0	0.0
BarxA	TTA	L	I	0.0	0.511363636364	1.0	0.0185185185185	0.777777777778	0.981818181818	0.0181818181818	434.0	1.85192048518	20.0	0.0	0.093
CoxycA	CTG	L	I	0.0	0.0288461438869	1.0	0.333333333333	0.666666666667	0.0535714285714	0.0178571428571	434.0	2.57575757576	54.0	0.0	0.331
CsubhA	CTG	L	I	0.0	0.214174796558	0.583333333333	0.078431372549	0.901960784314	0.284916201117	0.0586592178771	2244.0	2.11164205039	54.0	0.0	0.0
CsubhA	CTA	L	I	0.0	0.214174796558	0.333333333333	0.03125	0.921875	0.357541899441	0.0586592178771	2244.0	1.94708994709	52.0	0.0	0.0
CsubhA	CTC	L	I	0.0	0.214174796558	0.307692307692	0.0673076923077	0.903846153846	0.290502793296	0.0586592178771	2244.0	2.00318646303	55.0	0.0	0.0
CsubhA	TTG	L	I	0.0	0.214174796558	0.4	0.2	0.7	0.0279329608939	0.0586592178771	2244.0	2.20595854922	22.0	0.0	0.001
CsubhB	CTG	L	I	0.0	0.214174796558	0.583333333333	0.078431372549	0.901960784314	0.284916201117	0.0586592178771	2244.0	2.11164205039	54.0	0.0	0.0
CsubhB	CTA	L	I	0.0	0.214174796558	0.333333333333	0.03125	0.921875	0.357541899441	0.0586592178771	2244.0	1.94708994709	52.0	0.0	0.0
CsubhB	CTC	L	I	0.0	0.214174796558	0.307692307692	0.0673076923077	0.903846153846	0.290502793296	0.0586592178771	2244.0	2.00318646303	55.0	0.0	0.0
CsubhB	TTG	L	I	0.0	0.214174796558	0.4	0.2	0.7	0.0279329608939	0.0586592178771	2244.0	2.20595854922	22.0	0.0	0.001
OanguA	CTT	L	I	0.0	0.651466693451	0.272727272727	0.130434782609	0.739130434783	0.0653409090909	0.0738636363636	2248.0	1.93480603448	53.0	0.0	0.0
OanguA	CTA	L	I	0.0	0.651466693451	0.111111111111	0.0625	0.9375	0.0454545454545	0.0738636363636	2248.0	2.10183299389	52.0	0.0	0.0
OanguA	TTA	L	I	0.0	0.651466693451	0.846153846154	0.0718954248366	0.862745098039	0.869318181818	0.0738636363636	2248.0	1.94411533795	20.0	0.0	0.0
SarboA	TTA	L	I	0.0	0.127531491455	0.285714285714	0.03125	0.90625	0.923076923077	0.0336538461538	1429.0	1.92982806877	20.0	0.0	0.0
SarboA	CTA	L	I	0.0	0.127531491455	0.2	0.0909090909091	0.181818181818	0.0528846153846	0.0336538461538	1429.0	0.356152512998	52.0	0.0	0.0
CalaiA	TTA	L	I	0.0	0.57544169927	0.454545454545	0.0197368421053	0.940789473684	0.97124600639	0.0191693290735	2056.0	1.95330220147	20.0	0.0	0.0
KtherA	TTA	L	I	0.0	0.0627329795321	0.285714285714	0.020202020202	0.954545454545	0.95652173913	0.024154589372	1429.0	1.96067197514	20.0	0.0	0.0
KtherA	CTA	L	I	0.0	0.0627329795321	0.333333333333	0.2	0.0	0.024154589372	0.024154589372	1429.0	1.083172147	52.0	0.0	0.001
CblacA	TTA	L	I	0.0	0.518181818182	1.0	0.0178571428571	0.928571428571	0.949152542373	0.0169491525424	434.0	1.94252313687	20.0	0.0	0.094
CnorvA	TTA	L	I	0.0	4.0416906789e-07	0.615384615385	0.0289855072464	0.924637681159	1.0	0.0289855072464	2249.0	1.95783888085	20.0	0.0	0.254
CviswA	TTA	L	I	0.0	0.618440250624	0.307692307692	0.015015015015	0.963963963964	0.948717948718	0.014245014245	2249.0	1.94975629298	20.0	0.0	0.0
MstarA	TTA	L	I	0.0	0.397347776192	0.615384615385	0.0510510510511	0.855855855856	0.988130563798	0.0504451038576	2249.0	1.95637202461	20.0	0.0	0.0
NbaciA	TTA	L	I	0.0	0.000192604006163	0.285714285714	0.010752688172	0.930107526882	0.948979591837	0.0204081632653	1428.0	1.92276317827	20.0	0.0	0.329
NbaciA	CTA	L	I	0.0	0.000192604006163	0.5	0.25	0.0	0.0408163265306	0.0204081632653	1428.0	0.042270531401	52.0	0.0	0.249
CtetrA	CTT	L	I	0.0	0.280776921593	0.2	0.08	0.92	0.0698324022346	0.0223463687151	2249.0	2.14922048998	53.0	0.0	0.0
CtetrA	TTA	L	I	0.0	0.280776921593	0.461538461538	0.0218181818182	0.956363636364	0.768156424581	0.0223463687151	2249.0	1.94777983721	20.0	0.0	0.0
CbohiA	CTT	L	I	0.0	0.0996098863261	0.142857142857	0.0769230769231	0.846153846154	0.0361111111111	0.0333333333333	2250.0	1.94230769231	53.0	0.0	0.0
CbohiA	TTA	L	I	0.0	0.0996098863261	0.538461538462	0.0293255131965	0.950146627566	0.947222222222	0.0333333333333	2250.0	1.95577755361	20.0	0.0	0.0
CbohiA	CTA	L	I	0.0	0.0996098863261	0.333333333333	0.25	0.75	0.0111111111111	0.0333333333333	2250.0	2.4899713467	52.0	0.0	0.002
LstarA	CTT	L	I	0.0	0.647956704337	0.111111111111	0.0833333333333	0.875	0.0898876404494	0.0711610486891	1834.0	2.1753063148	53.0	0.0	0.0
LstarA	TTA	L	I	0.0	0.647956704337	0.6	0.0698689956332	0.847161572052	0.857677902622	0.0711610486891	1834.0	1.89636248847	20.0	0.0	0.0
LstarA	CTA	L	I	0.0	0.647956704337	0.2	0.0909090909091	0.909090909091	0.0411985018727	0.0711610486891	1834.0	2.12152420185	52.0	0.0	0.0
MfariA	CTG	L	I	0.0	0.113192339403	1.0	1.0	0.0	0.002849002849	0.031339031339	2248.0	3.70873786408	54.0	0.0	0.141
MfariA	TTA	L	I	0.0	0.113192339403	0.461538461538	0.0320512820513	0.939102564103	0.888888888889	0.031339031339	2248.0	1.95746047607	20.0	0.0	0.0
MfariB	TTA	L	I	0.0	0.643651244395	0.538461538462	0.0367231638418	0.943502824859	0.97520661157	0.0358126721763	2250.0	2.01192110848	20.0	0.0	0.0
CcastA	TTA	L	I	0.0	0.000487012987013	0.285714285714	0.0213903743316	0.909090909091	0.939698492462	0.0301507537688	1428.0	1.93854605196	20.0	0.0	0.07
CcastA	CTA	L	I	0.0	0.000487012987013	0.4	0.166666666667	0.0	0.0603015075377	0.0301507537688	1428.0	0.224012892828	52.0	0.0	0.045
LanspB	TTA	L	I	0.0	0.0409265454153	0.285714285714	0.020725388601	0.953367875648	0.936893203883	0.0242718446602	1429.0	1.96231393439	20.0	0.0	0.0
LanspB	CTA	L	I	0.0	0.0409265454153	0.333333333333	0.142857142857	0.0	0.0339805825243	0.0242718446602	1429.0	1.06172839506	52.0	0.0	0.001
CphanA	TTA	L	I	0.0	0.657791294409	0.846153846154	0.0870870870871	0.843843843844	0.956896551724	0.0862068965517	2247.0	2.03007317807	20.0	0.0	0.0
CphanA	CTA	L	I	0.0	0.657791294409	0.142857142857	0.125	0.75	0.0229885057471	0.0862068965517	2247.0	1.82882882883	52.0	0.0	0.001
LanspA	TTA	L	I	0.0	0.00635971195559	0.285714285714	0.019801980198	0.930693069307	0.948356807512	0.0281690140845	1429.0	1.94041500095	20.0	0.0	0.003
LanspA	CTA	L	I	0.0	0.00635971195559	0.5	0.285714285714	0.142857142857	0.0328638497653	0.0281690140845	1429.0	1.85068493151	52.0	0.0	0.006
CsojaA	CTT	L	I	0.0	0.0422138794669	0.25	0.0512820512821	0.948717948718	0.156	0.008	1498.0	2.05908818236	53.0	0.0	0.0
CglabA	TTA	L	I	0.0	0.0271739130435	0.285714285714	0.0208333333333	0.927083333333	0.97461928934	0.0253807106599	1413.0	1.93312309156	20.0	0.0	0.0
CglabA	CTA	L	I	0.0	0.0271739130435	0.25	0.25	0.25	0.0203045685279	0.0253807106599	1413.0	0.855421686747	52.0	0.0	0.001
ScryoA	CTT	L	I	0.0	0.950688865474	0.333333333333	0.0909090909091	0.727272727273	0.107843137255	0.117647058824	1424.0	1.77995642702	53.0	0.0	0.0
ScryoA	TTA	L	I	0.0	0.950688865474	0.857142857143	0.117647058824	0.713235294118	0.666666666667	0.117647058824	1424.0	1.86321757619	20.0	0.0	0.0
ScryoA	TTG	L	I	0.0	0.950688865474	0.333333333333	0.111111111111	0.888888888889	0.0441176470588	0.117647058824	1424.0	2.33013844515	22.0	0.0	0.0
ScryoA	CTA	L	I	0.0	0.950688865474	0.5	0.138888888889	0.666666666667	0.176470588235	0.117647058824	1424.0	1.99159884484	52.0	0.0	0.0
CneerA	CTT	L	I	0.0	0.520867553531	0.153846153846	0.0606060606061	0.939393939394	0.0914127423823	0.0277008310249	2249.0	2.08495867769	53.0	0.0	0.0
CneerA	TTA	L	I	0.0	0.520867553531	0.384615384615	0.027972027972	0.954545454545	0.792243767313	0.0277008310249	2249.0	1.9673305852	20.0	0.0	0.0
CsakeA	TTA	L	I	0.0	0.608982996687	0.5	0.026706231454	0.949554896142	0.973988439306	0.0260115606936	2207.0	1.96680429938	20.0	0.0	0.0
HuvarA	TTA	L	I	0.0	0.760891549048	0.833333333333	0.0843373493976	0.734939759036	0.80193236715	0.0676328502415	1361.0	1.82416502947	20.0	0.0	0.0
CjiufA	TTA	L	I	0.0	0.154579305535	0.230769230769	0.0133333333333	0.98	0.840336134454	0.0168067226891	2231.0	1.98070763501	20.0	0.0	0.0
CjiufA	CTA	L	I	0.0	0.154579305535	0.2	0.0689655172414	0.896551724138	0.0812324929972	0.0168067226891	2231.0	2.06750902527	52.0	0.0	0.0
KlactA	TTA	L	I	0.0	0.526733254994	0.285714285714	0.0259067357513	0.922279792746	0.989743589744	0.025641025641	1408.0	1.94966959805	20.0	0.0	0.0
CzempA	TTA	L	I	0.0	0.620192895954	0.714285714286	0.108808290155	0.730569948187	0.984693877551	0.107142857143	1428.0	1.95765958505	20.0	0.0	0.0
CmetaB	CTT	L	I	0.0	0.20196095932	0.111111111111	0.0322580645161	0.967741935484	0.0849315068493	0.00821917808219	2250.0	2.01296928328	53.0	0.0	0.0
CmetaB	TTA	L	I	0.0	0.20196095932	0.153846153846	0.00617283950617	0.984567901235	0.887671232877	0.00821917808219	2250.0	1.96412339898	20.0	0.0	0.0
CmetaC	CTT	L	I	0.0	0.20196095932	0.111111111111	0.0322580645161	0.967741935484	0.0849315068493	0.00821917808219	2250.0	2.01296928328	53.0	0.0	0.0
CmetaC	TTA	L	I	0.0	0.20196095932	0.153846153846	0.00617283950617	0.984567901235	0.887671232877	0.00821917808219	2250.0	1.96412339898	20.0	0.0	0.0
CmetaA	CTT	L	I	0.0	0.20196095932	0.111111111111	0.0322580645161	0.967741935484	0.0849315068493	0.00821917808219	2250.0	2.01296928328	53.0	0.0	0.0
CmetaA	TTA	L	I	0.0	0.20196095932	0.153846153846	0.00617283950617	0.984567901235	0.887671232877	0.00821917808219	2250.0	1.96412339898	20.0	0.0	0.0
CmetaF	CTT	L	I	0.0	0.20196095932	0.111111111111	0.0322580645161	0.967741935484	0.0849315068493	0.00821917808219	2250.0	2.01296928328	53.0	0.0	0.0
CmetaF	TTA	L	I	0.0	0.20196095932	0.153846153846	0.00617283950617	0.984567901235	0.887671232877	0.00821917808219	2250.0	1.96412339898	20.0	0.0	0.0
CfrijA	TTA	L	I	0.0	0.814560044228	0.307692307692	0.0307692307692	0.956923076923	0.902777777778	0.0277777777778	2249.0	2.01198365553	20.0	0.0	0.0
CmetaD	CTT	L	I	0.0	0.20196095932	0.111111111111	0.0322580645161	0.967741935484	0.0849315068493	0.00821917808219	2250.0	2.01296928328	53.0	0.0	0.0
CmetaD	TTA	L	I	0.0	0.20196095932	0.153846153846	0.00617283950617	0.984567901235	0.887671232877	0.00821917808219	2250.0	1.96412339898	20.0	0.0	0.0
CmetaE	CTT	L	I	0.0	0.20196095932	0.111111111111	0.0322580645161	0.967741935484	0.0849315068493	0.00821917808219	2250.0	2.01296928328	53.0	0.0	0.0
CmetaE	TTA	L	I	0.0	0.20196095932	0.153846153846	0.00617283950617	0.984567901235	0.887671232877	0.00821917808219	2250.0	1.96412339898	20.0	0.0	0.0
PpastA	TTA	L	I	0.0	0.587235998797	0.692307692308	0.0442477876106	0.893805309735	0.985465116279	0.0436046511628	2248.0	1.96027499432	20.0	0.0	0.0
SjapoA	CTT	L	I	0.0	0.184300239942	0.6	0.1	0.65	0.189573459716	0.118483412322	1423.0	1.93904487641	53.0	0.0	0.0
SjapoA	TTA	L	I	0.0	0.184300239942	1.0	0.130718954248	0.647058823529	0.725118483412	0.118483412322	1423.0	1.80182046453	20.0	0.0	0.034
SjapoA	CTC	L	I	0.0	0.184300239942	0.5	0.5	0.0	0.00947867298578	0.118483412322	1423.0	2.97524752475	55.0	0.0	0.004
CalbiE	TTA	L	I	0.0	0.711882393778	0.142857142857	0.0142857142857	0.957142857143	0.765027322404	0.0109289617486	1183.0	1.93125772896	20.0	0.0	0.0
CalbiD	TTA	L	I	0.0	0.74458195516	0.0833333333333	0.00847457627119	0.970338983051	0.717325227964	0.00607902735562	2058.0	1.93900466267	20.0	0.0	0.0
CalbiC	CTT	L	I	0.0	0.449579310073	0.1	0.0243902439024	0.975609756098	0.112947658402	0.0110192837466	2250.0	2.08604585338	53.0	0.0	0.0
CalbiC	TTA	L	I	0.0	0.449579310073	0.153846153846	0.0114503816794	0.969465648855	0.721763085399	0.0110192837466	2250.0	1.9391649428	20.0	0.0	0.0
CalbiB	CTT	L	I	0.0	0.449579310073	0.1	0.0243902439024	0.975609756098	0.112947658402	0.0110192837466	2250.0	2.08604585338	53.0	0.0	0.0
CalbiB	TTA	L	I	0.0	0.449579310073	0.153846153846	0.0114503816794	0.969465648855	0.721763085399	0.0110192837466	2250.0	1.9391649428	20.0	0.0	0.0
CalbiA	TTA	L	I	0.0	0.746793366803	0.0833333333333	0.00851063829787	0.970212765957	0.714285714286	0.00607902735562	2058.0	1.94096345357	20.0	0.0	0.0
MmagnB	CTT	L	I	0.0	0.451150471234	0.307692307692	0.0619469026549	0.858407079646	0.338323353293	0.0568862275449	2249.0	1.93154819864	53.0	0.0	0.0
MmagnB	CTG	L	I	0.0	0.451150471234	0.333333333333	0.0645161290323	0.838709677419	0.185628742515	0.0568862275449	2249.0	1.9197808648	54.0	0.0	0.0
MmagnB	CTA	L	I	0.0	0.451150471234	0.307692307692	0.0347826086957	0.895652173913	0.344311377246	0.0568862275449	2249.0	2.02378945397	52.0	0.0	0.0
MmagnB	CTC	L	I	0.0	0.451150471234	0.166666666667	0.0666666666667	0.866666666667	0.0449101796407	0.0568862275449	2249.0	2.00182648402	55.0	0.0	0.0
MmagnB	TTA	L	I	0.0	0.451150471234	0.428571428571	0.107142857143	0.75	0.0838323353293	0.0568862275449	2249.0	1.90293296089	20.0	0.0	0.0
MmagnA	CTT	L	I	0.0	0.443086737893	0.307692307692	0.0608695652174	0.860869565217	0.344311377246	0.0568862275449	2249.0	1.93081339713	53.0	0.0	0.0
MmagnA	CTG	L	I	0.0	0.443086737893	0.307692307692	0.0634920634921	0.84126984127	0.188622754491	0.0568862275449	2249.0	1.92432950192	54.0	0.0	0.0
MmagnA	CTA	L	I	0.0	0.443086737893	0.307692307692	0.0347826086957	0.886956521739	0.344311377246	0.0568862275449	2249.0	2.01414387411	52.0	0.0	0.0
MmagnA	CTC	L	I	0.0	0.443086737893	0.2	0.0714285714286	0.857142857143	0.0419161676647	0.0568862275449	2249.0	1.99707317073	55.0	0.0	0.0
MmagnA	TTA	L	I	0.0	0.443086737893	0.428571428571	0.125	0.75	0.0718562874251	0.0568862275449	2249.0	1.92018010643	20.0	0.0	0.0
CparaA	CTT	L	I	0.0	0.256662876989	0.0909090909091	0.0322580645161	0.967741935484	0.101639344262	0.0131147540984	1816.0	1.98401988636	53.0	0.0	0.0
CparaA	TTA	L	I	0.0	0.256662876989	0.166666666667	0.0111524163569	0.985130111524	0.881967213115	0.0131147540984	1816.0	1.97400278697	20.0	0.0	0.0
CcoryA	CTT	L	I	0.0	0.894772557728	0.363636363636	0.0493827160494	0.938271604938	0.218918918919	0.0432432432432	2250.0	1.98384130321	53.0	0.0	0.0
CcoryA	TTA	L	I	0.0	0.894772557728	0.538461538462	0.0438247011952	0.924302788845	0.678378378378	0.0432432432432	2250.0	1.96975202107	20.0	0.0	0.0
CcoryA	CTA	L	I	0.0	0.894772557728	0.1	0.0285714285714	0.914285714286	0.0945945945946	0.0432432432432	2250.0	1.90431837426	52.0	0.0	0.0
CparaC	CTT	L	I	0.0	0.243375595253	0.0833333333333	0.0294117647059	0.970588235294	0.0936639118457	0.0110192837466	2250.0	1.99109980928	53.0	0.0	0.0
CparaC	TTA	L	I	0.0	0.243375595253	0.153846153846	0.00928792569659	0.981424148607	0.889807162534	0.0110192837466	2250.0	1.96654210781	20.0	0.0	0.0
CparaB	CTT	L	I	0.0	0.243375595253	0.0833333333333	0.0294117647059	0.970588235294	0.0936639118457	0.0110192837466	2250.0	1.99109980928	53.0	0.0	0.0
CparaB	TTA	L	I	0.0	0.243375595253	0.153846153846	0.00928792569659	0.981424148607	0.889807162534	0.0110192837466	2250.0	1.96654210781	20.0	0.0	0.0
CparaE	CTT	L	I	0.0	0.243375595253	0.0833333333333	0.0294117647059	0.970588235294	0.0936639118457	0.0110192837466	2250.0	1.99109980928	53.0	0.0	0.0
CparaE	TTA	L	I	0.0	0.243375595253	0.153846153846	0.00928792569659	0.981424148607	0.889807162534	0.0110192837466	2250.0	1.96654210781	20.0	0.0	0.0
CparaD	CTT	L	I	0.0	0.243375595253	0.0833333333333	0.0294117647059	0.970588235294	0.0936639118457	0.0110192837466	2250.0	1.99109980928	53.0	0.0	0.0
CparaD	TTA	L	I	0.0	0.243375595253	0.153846153846	0.00928792569659	0.981424148607	0.889807162534	0.0110192837466	2250.0	1.96654210781	20.0	0.0	0.0
CparaF	CTT	L	I	0.0	0.243375595253	0.0833333333333	0.0294117647059	0.970588235294	0.0936639118457	0.0110192837466	2250.0	1.99109980928	53.0	0.0	0.0
CparaF	TTA	L	I	0.0	0.243375595253	0.153846153846	0.00928792569659	0.981424148607	0.889807162534	0.0110192837466	2250.0	1.96654210781	20.0	0.0	0.0
MtetrA	CTT	L	I	0.0	0.437098482929	0.307692307692	0.0933333333333	0.813333333333	0.223214285714	0.0595238095238	2248.0	1.93332431701	53.0	0.0	0.0
MtetrA	CTG	L	I	0.0	0.437098482929	0.666666666667	0.0725806451613	0.838709677419	0.369047619048	0.0595238095238	2248.0	1.9869511382	54.0	0.0	0.0
MtetrA	CTA	L	I	0.0	0.437098482929	0.166666666667	0.0434782608696	0.869565217391	0.205357142857	0.0595238095238	2248.0	1.92154531947	52.0	0.0	0.0
MtetrA	CTC	L	I	0.0	0.437098482929	0.0769230769231	0.0178571428571	0.892857142857	0.166666666667	0.0595238095238	2248.0	1.82100821674	55.0	0.0	0.0
CsaraA	CTT	L	I	0.0	0.614806294321	0.111111111111	0.0384615384615	0.961538461538	0.0742857142857	0.0171428571429	2249.0	2.0946256316	53.0	0.0	0.0
CsaraA	TTA	L	I	0.0	0.614806294321	0.307692307692	0.0173611111111	0.961805555556	0.822857142857	0.0171428571429	2249.0	1.96063293074	20.0	0.0	0.0
CsuavA	TTA	L	I	0.0	0.708056978902	0.538461538462	0.0262295081967	0.927868852459	0.932721712538	0.0244648318043	2250.0	1.97575141571	20.0	0.0	0.0
PkluyA	TTA	L	I	0.0	0.459079701688	0.615384615385	0.0617283950617	0.87037037037	0.964285714286	0.0625	2247.0	1.93224523385	20.0	0.0	0.0
PkluyA	CTA	L	I	0.0	0.459079701688	0.2	0.142857142857	0.857142857143	0.0208333333333	0.0625	2247.0	2.34222222222	52.0	0.0	0.001
PcanaA	CTT	L	I	0.0	0.0908025730794	0.333333333333	0.333333333333	0.666666666667	0.00903614457831	0.0301204819277	2250.0	2.6393442623	53.0	0.0	0.014
PcanaA	TTA	L	I	0.0	0.0908025730794	0.615384615385	0.027950310559	0.931677018634	0.969879518072	0.0301204819277	2250.0	1.9692706533	20.0	0.0	0.0
YlipoB	TTA	L	I	0.0	0.657679397244	0.846153846154	0.0883280757098	0.839116719243	0.916184971098	0.0809248554913	2247.0	2.02579899884	20.0	0.0	0.0
YlipoA	TTA	L	I	0.0	0.657679397244	0.846153846154	0.0883280757098	0.839116719243	0.916184971098	0.0809248554913	2247.0	2.02579899884	20.0	0.0	0.0
CjadiA	TTA	L	I	0.0	0.537719409832	0.538461538462	0.0248447204969	0.931677018634	0.990769230769	0.0246153846154	2250.0	1.97271295535	20.0	0.0	0.0
AgossB	TTA	L	I	0.0	0.563412311574	0.571428571429	0.0421052631579	0.9	0.826086956522	0.0347826086957	1427.0	1.97452744365	20.0	0.0	0.0
NdelpA	CTT	L	I	0.0	0.00626563878888	0.5	0.5	0.0	0.010101010101	0.0353535353535	1412.0	1.54146341463	53.0	0.0	0.02
NdelpA	TTA	L	I	0.0	0.00626563878888	0.285714285714	0.0267379679144	0.914438502674	0.944444444444	0.0353535353535	1412.0	1.94529923326	20.0	0.0	0.004
NdelpA	CTA	L	I	0.0	0.00626563878888	0.2	0.142857142857	0.142857142857	0.0353535353535	0.0353535353535	1412.0	0.717842323651	52.0	0.0	0.0
LelonA	CTT	L	I	0.0	0.209062461457	0.166666666667	0.0408163265306	0.959183673469	0.139204545455	0.0170454545455	2249.0	2.05494750949	53.0	0.0	0.0
LelonA	CTA	L	I	0.0	0.209062461457	0.166666666667	0.0333333333333	0.966666666667	0.170454545455	0.0170454545455	2249.0	1.97648335745	52.0	0.0	0.0
LelonA	TTA	L	I	0.0	0.209062461457	0.153846153846	0.00851063829787	0.978723404255	0.667613636364	0.0170454545455	2249.0	1.95699333968	20.0	0.0	0.0
CalimA	CTT	L	I	0.0	0.250730438585	0.2	0.125	0.75	0.0231213872832	0.0809248554913	2247.0	1.97256515775	53.0	0.0	0.0
CalimA	TTA	L	I	0.0	0.250730438585	0.769230769231	0.0771604938272	0.848765432099	0.936416184971	0.0809248554913	2247.0	2.00186444774	20.0	0.0	0.0
CalimA	TTG	L	I	0.0	0.250730438585	0.25	0.25	0.75	0.0115606936416	0.0809248554913	2247.0	2.43604651163	22.0	0.0	0.002
CalimA	CTA	L	I	0.0	0.250730438585	0.125	0.1	0.9	0.028901734104	0.0809248554913	2247.0	2.16355653128	52.0	0.0	0.0
CchauA	CTT	L	I	0.0	0.447688152858	0.1	0.0540540540541	0.918918918919	0.099730458221	0.0458221024259	2250.0	2.01483852197	53.0	0.0	0.0
CchauA	CTA	L	I	0.0	0.447688152858	0.166666666667	0.0555555555556	0.888888888889	0.0970350404313	0.0458221024259	2250.0	1.95188902007	52.0	0.0	0.0
CchauA	CTC	L	I	0.0	0.447688152858	0.25	0.142857142857	0.857142857143	0.0188679245283	0.0458221024259	2250.0	2.26832844575	55.0	0.0	0.001
CchauA	TTA	L	I	0.0	0.447688152858	0.538461538462	0.0416666666667	0.934027777778	0.77628032345	0.0458221024259	2250.0	1.96973111595	20.0	0.0	0.0
BcaliA	TTA	L	I	0.0	0.484848484849	0.538461538462	0.028901734104	0.921965317919	0.99711815562	0.028818443804	2250.0	1.95848375451	20.0	0.0	0.0
SoctoA	CTT	L	I	0.0	0.966308625565	0.333333333333	0.111111111111	0.703703703704	0.133663366337	0.118811881188	1425.0	1.92381630473	53.0	0.0	0.0
SoctoA	TTA	L	I	0.0	0.966308625565	0.857142857143	0.119496855346	0.704402515723	0.787128712871	0.118811881188	1425.0	1.85217707261	20.0	0.0	0.0
SoctoA	CTA	L	I	0.0	0.966308625565	0.666666666667	0.142857142857	0.857142857143	0.0693069306931	0.118811881188	1425.0	2.46473302571	52.0	0.0	0.0
CvartA	TTA	L	I	0.0	0.709210911563	0.538461538462	0.0293159609121	0.928338762215	0.938837920489	0.0275229357798	2250.0	1.98257159387	20.0	0.0	0.0
CbuenA	CTT	L	I	0.0	0.769514086887	0.0833333333333	0.0175438596491	0.964912280702	0.155737704918	0.0355191256831	2248.0	1.93775262732	53.0	0.0	0.0
CbuenA	TTA	L	I	0.0	0.769514086887	0.615384615385	0.0409556313993	0.935153583618	0.800546448087	0.0355191256831	2248.0	2.0096004838	20.0	0.0	0.0
CdefoA	CTT	L	I	0.0	0.872854408682	0.166666666667	0.1	0.8	0.028818443804	0.0806916426513	2247.0	1.97840909091	53.0	0.0	0.0
CdefoA	CTA	L	I	0.0	0.872854408682	0.125	0.0833333333333	0.916666666667	0.0345821325648	0.0806916426513	2247.0	2.03695881732	52.0	0.0	0.0
CdefoA	TTA	L	I	0.0	0.872854408682	0.769230769231	0.0817610062893	0.842767295597	0.916426512968	0.0806916426513	2247.0	2.01133144476	20.0	0.0	0.0
LdasiA	TTA	L	I	0.0	0.0630493068945	0.285714285714	0.0203045685279	0.954314720812	0.951690821256	0.024154589372	1429.0	1.96428048602	20.0	0.0	0.0
LdasiA	CTA	L	I	0.0	0.0630493068945	0.333333333333	0.166666666667	0.0	0.0289855072464	0.024154589372	1429.0	1.39095315024	52.0	0.0	0.0
LkluyF	CTT	L	I	0.0	0.000549450359751	0.5	0.5	0.0	0.00966183574879	0.0338164251208	1429.0	2.72277227723	53.0	0.0	0.129
LkluyF	TTA	L	I	0.0	0.000549450359751	0.285714285714	0.025	0.945	0.966183574879	0.0338164251208	1429.0	1.95442977191	20.0	0.0	0.07
LkluyF	CTA	L	I	0.0	0.000549450359751	0.25	0.2	0.0	0.024154589372	0.0338164251208	1429.0	0.0952380952381	52.0	0.0	0.044
LkluyE	CTT	L	I	0.0	0.00270476927254	0.5	0.5	0.0	0.00966183574879	0.0338164251208	1429.0	2.72277227723	53.0	0.0	0.014
LkluyE	TTA	L	I	0.0	0.00270476927254	0.285714285714	0.0251256281407	0.94472361809	0.961352657005	0.0338164251208	1429.0	1.95399468984	20.0	0.0	0.004
LkluyE	CTA	L	I	0.0	0.00270476927254	0.25	0.2	0.0	0.024154589372	0.0338164251208	1429.0	0.0952380952381	52.0	0.0	0.002
LkluyD	CTT	L	I	0.0	0.00169320839102	0.5	0.5	0.0	0.00966183574879	0.0338164251208	1429.0	2.72277227723	53.0	0.0	0.014
LkluyD	TTA	L	I	0.0	0.00169320839102	0.285714285714	0.0253807106599	0.944162436548	0.951690821256	0.0338164251208	1429.0	1.95334210911	20.0	0.0	0.004
LkluyD	CTA	L	I	0.0	0.00169320839102	0.25	0.166666666667	0.0	0.0289855072464	0.0338164251208	1429.0	0.557324840764	52.0	0.0	0.0
LkluyC	CTT	L	I	0.0	0.000549450359751	0.5	0.5	0.0	0.00966183574879	0.0338164251208	1429.0	2.72277227723	53.0	0.0	0.129
LkluyC	TTA	L	I	0.0	0.000549450359751	0.285714285714	0.025	0.945	0.966183574879	0.0338164251208	1429.0	1.95442977191	20.0	0.0	0.07
LkluyC	CTA	L	I	0.0	0.000549450359751	0.25	0.2	0.0	0.024154589372	0.0338164251208	1429.0	0.0952380952381	52.0	0.0	0.044
LkluyA	CTT	L	I	0.0	0.000549450359751	0.5	0.5	0.0	0.00966183574879	0.0338164251208	1429.0	2.72277227723	53.0	0.0	0.129
LkluyA	TTA	L	I	0.0	0.000549450359751	0.285714285714	0.025	0.945	0.966183574879	0.0338164251208	1429.0	1.95442977191	20.0	0.0	0.07
LkluyA	CTA	L	I	0.0	0.000549450359751	0.25	0.2	0.0	0.024154589372	0.0338164251208	1429.0	0.0952380952381	52.0	0.0	0.044
CdublA	TTA	L	I	0.0	0.704790258579	0.0833333333333	0.008	0.976	0.766871165644	0.00613496932515	2058.0	1.95699933021	20.0	0.0	0.0
CorthB	CTT	L	I	0.0	0.254329882209	0.1	0.030303030303	0.969696969697	0.0901639344262	0.0109289617486	2250.0	2.05282034561	53.0	0.0	0.0
CorthB	TTA	L	I	0.0	0.254329882209	0.153846153846	0.00923076923077	0.981538461538	0.887978142077	0.0109289617486	2250.0	1.95564378123	20.0	0.0	0.0
CorthC	CTT	L	I	0.0	0.245384261918	0.1	0.030303030303	0.969696969697	0.0901639344262	0.0109289617486	2250.0	2.05282034561	53.0	0.0	0.0
CorthC	TTA	L	I	0.0	0.245384261918	0.153846153846	0.00920245398773	0.981595092025	0.890710382514	0.0109289617486	2250.0	1.95677558128	20.0	0.0	0.0
CorthA	CTT	L	I	0.0	0.254329882209	0.1	0.030303030303	0.969696969697	0.0901639344262	0.0109289617486	2250.0	2.05282034561	53.0	0.0	0.0
CorthA	TTA	L	I	0.0	0.254329882209	0.153846153846	0.00923076923077	0.981538461538	0.887978142077	0.0109289617486	2250.0	1.95967244569	20.0	0.0	0.0
ClusiA	TTA	L	I	0.0	0.621618405715	0.538461538462	0.0340909090909	0.948863636364	0.977777777778	0.0333333333333	2250.0	1.97710429216	20.0	0.0	0.0
MguilA	TTA	L	I	0.0	0.845926710428	0.230769230769	0.0260586319218	0.951140065147	0.864788732394	0.0225352112676	2250.0	1.97009761072	20.0	0.0	0.0
SpastA	TTA	L	I	0.0	0.0570480837765	0.285714285714	0.0307692307692	0.897435897436	0.955882352941	0.0343137254902	1429.0	1.9208583522	20.0	0.0	0.0
SpastA	CTA	L	I	0.0	0.0570480837765	0.2	0.142857142857	0.285714285714	0.0343137254902	0.0343137254902	1429.0	0.945908460472	52.0	0.0	0.0
ScereC	TTA	L	I	0.0	0.0797496183735	0.285714285714	0.0257731958763	0.907216494845	0.937198067633	0.0289855072464	1429.0	1.92472054605	20.0	0.0	0.0
ScereC	CTA	L	I	0.0	0.0797496183735	0.2	0.0909090909091	0.181818181818	0.0531400966184	0.0289855072464	1429.0	0.356152512998	52.0	0.0	0.0
ScereA	TTA	L	I	0.0	0.0797496183735	0.285714285714	0.0259067357513	0.911917098446	0.936893203883	0.0291262135922	1429.0	1.9336316182	20.0	0.0	0.0
ScereA	CTA	L	I	0.0	0.0797496183735	0.2	0.0909090909091	0.181818181818	0.0533980582524	0.0291262135922	1429.0	0.356152512998	52.0	0.0	0.0
ScereD	TTA	L	I	0.0	0.0797496183735	0.285714285714	0.0257731958763	0.907216494845	0.928229665072	0.0287081339713	1429.0	1.92472054605	20.0	0.0	0.0
ScereD	CTA	L	I	0.0	0.0797496183735	0.2	0.1	0.2	0.0478468899522	0.0287081339713	1429.0	0.477011494253	52.0	0.0	0.0
ScereE	TTA	L	I	0.0	0.0486390167787	0.285714285714	0.025641025641	0.907692307692	0.933014354067	0.0287081339713	1429.0	1.92539002904	20.0	0.0	0.0
ScereE	CTA	L	I	0.0	0.0486390167787	0.166666666667	0.0909090909091	0.181818181818	0.0526315789474	0.0287081339713	1429.0	0.629046369204	52.0	0.0	0.0
DhansA	TTA	L	I	0.0	0.669393019488	0.384615384615	0.0291545189504	0.950437317784	0.955431754875	0.0278551532033	2250.0	1.99405742338	20.0	0.0	0.0
CsalmA	TTA	L	I	0.0	0.447008326232	0.833333333333	0.0816326530612	0.775510204082	0.936305732484	0.0764331210191	2153.0	1.82075401547	20.0	0.0	0.0
LnothA	TTA	L	I	0.0	0.0404866312348	0.285714285714	0.0205128205128	0.953846153846	0.9375	0.0240384615385	1429.0	1.96899950715	20.0	0.0	0.0
LnothA	CTA	L	I	0.0	0.0404866312348	0.333333333333	0.142857142857	0.0	0.0336538461538	0.0240384615385	1429.0	1.06172839506	52.0	0.0	0.001
BcustA	CTT	L	I	0.0	0.282557642133	0.166666666667	0.166666666667	0.666666666667	0.0179640718563	0.0538922155689	2247.0	1.94584139265	53.0	0.0	0.001
BcustA	TTA	L	I	0.0	0.282557642133	0.615384615385	0.0534591194969	0.861635220126	0.952095808383	0.0538922155689	2247.0	1.90690231005	20.0	0.0	0.0
CtheaA	CTT	L	I	0.0	0.218939965011	0.1	0.0384615384615	0.961538461538	0.0710382513661	0.0109289617486	2250.0	2.04543559817	53.0	0.0	0.0
CtheaA	TTA	L	I	0.0	0.218939965011	0.153846153846	0.00903614457831	0.981927710843	0.907103825137	0.0109289617486	2250.0	1.95792858578	20.0	0.0	0.0
AgossA	TTA	L	I	0.0	0.563412311574	0.571428571429	0.0421052631579	0.9	0.826086956522	0.0347826086957	1427.0	1.97452744365	20.0	0.0	0.0
MingeA	TTA	L	I	0.0	0.41607927349	0.615384615385	0.0537313432836	0.844776119403	0.991124260355	0.0532544378698	2249.0	1.93445015757	20.0	0.0	0.0
ScastA	TTA	L	I	0.0	0.0107198856133	0.714285714286	0.0466321243523	0.875647668394	0.965	0.045	1426.0	1.96492796821	20.0	0.0	0.0
CmaltA	TTA	L	I	0.0	0.708397348043	0.384615384615	0.0313901345291	0.95067264574	0.612637362637	0.021978021978	2250.0	2.01519253911	20.0	0.0	0.0
CmaltA	CTA	L	I	0.0	0.708397348043	0.0769230769231	0.0114942528736	0.919540229885	0.239010989011	0.021978021978	2250.0	1.89067850349	52.0	0.0	0.0