### Random Forest prediction
genome	codon	ori_aa	rea_aa	fitch	Fisher pval	Gene frac	N. rea	N. used	Cod. count	Sub. count	G. len	codon_lik	id	prediction
Paracentrotus	CGA	R	S	0.0	8.97340422824e-13	0.1	0.0243902439024	0.829268292683	0.539473684211	0.197368421053	1926.0	-0.76204379562	56.0	0.0
Paracentrotus	AGG	R	S	0.0	8.97340422824e-13	0.666666666667	0.666666666667	0.0	0.0394736842105	0.197368421053	1926.0	1.77124183007	10.0	1.0
Paracentrotus	AGA	R	S	0.0	8.97340422824e-13	0.625	0.666666666667	0.0	0.236842105263	0.197368421053	1926.0	2.13901345291	8.0	1.0
Caenorhabditis	AGG	R	S	0.0	2.82126018746e-15	0.428571428571	0.411764705882	0.0	0.150442477876	0.265486725664	1865.0	1.41327124563	10.0	1.0
Caenorhabditis	AGA	R	S	0.0	2.82126018746e-15	0.833333333333	0.338235294118	0.0147058823529	0.601769911504	0.265486725664	1865.0	0.982561463694	8.0	1.0
Schistosoma	AGG	R	S	0.0	6.21498665553e-11	0.5	0.310344827586	0.0	0.305263157895	0.157894736842	1800.0	0.943537414966	10.0	1.0
Schistosoma	AGA	R	S	0.0	6.21498665553e-11	0.4	0.230769230769	0.0	0.273684210526	0.157894736842	1800.0	0.770756796473	8.0	1.0
Fasciola	AGG	R	S	0.0	1.79690623907e-07	0.875	0.388888888889	0.0	0.28125	0.109375	1825.0	1.11027837259	10.0	1.0
Dunaliella_salina	CGT	R	S	0.0	0.757575673878	0.2	0.0588235294118	0.882352941176	0.472222222222	0.0277777777778	1392.0	-0.653318077803	57.0	0.0
Patiria	AGA	R	S	0.0	8.90288635902e-12	0.777777777778	0.52380952381	0.047619047619	0.276315789474	0.171052631579	1926.0	1.62948960302	8.0	1.0
Patiria	AGG	R	S	0.0	8.90288635902e-12	0.25	0.333333333333	0.0	0.0789473684211	0.171052631579	1926.0	0.970873786408	10.0	1.0
Pseudendoclonium_akinetum	CGA	R	S	5.0	0.517543814221	0.142857142857	0.0666666666667	0.933333333333	0.238095238095	0.015873015873	1930.0	-0.67362924282	56.0	0.0
Lumbricus	AGA	R	S	0.0	4.92953513573e-14	0.777777777778	0.448275862069	0.0	0.353658536585	0.170731707317	1920.0	1.36387959866	8.0	1.0
Lumbricus	AGG	R	S	0.0	4.92953513573e-14	0.25	0.2	0.0	0.0609756097561	0.170731707317	1920.0	0.667984189723	10.0	1.0
Halocynthia	AGG	R	S	0.0	3.64917964702e-05	0.454545454545	0.12	0.04	0.390625	0.0625	1893.0	0.219866509619	10.0	0.0
Halocynthia	CGA	R	S	0.0	3.64917964702e-05	0.125	0.0625	0.8125	0.125	0.0625	1893.0	-0.678175092478	56.0	0.0
Halocynthia	AGA	R	S	0.0	3.64917964702e-05	0.111111111111	0.030303030303	0.0606060606061	0.2578125	0.0625	1893.0	0.139684395091	8.0	0.0
Limulus	AGA	R	S	0.0	2.03737474088e-13	0.6	0.5	0.0	0.32183908046	0.172413793103	1919.0	1.43689320388	8.0	1.0
Limulus	CGT	R	S	0.0	2.03737474088e-13	0.166666666667	0.0769230769231	0.769230769231	0.149425287356	0.172413793103	1919.0	-0.568597560976	57.0	0.0
Bracteacoccus_aerius	AGG	R	S	0.0	0.0104166630703	0.2	0.142857142857	0.0	0.125	0.0178571428571	1789.0	0.323119777159	10.0	0.0
Polytoma_uvella	CGC	R	S	1.0	0.645161167813	0.166666666667	0.0416666666667	0.875	0.705882352941	0.0294117647059	1394.0	-0.7456	59.0	0.0
Axinella	CGG	R	S	0.0	0.188679219226	0.166666666667	0.125	0.875	0.148148148148	0.0185185185185	1924.0	-0.543209876543	58.0	0.0
Terebratulina	AGG	R	S	0.0	2.81986184957e-14	0.5	0.375	0.0	0.0952380952381	0.178571428571	1915.0	0.968292682927	10.0	1.0
Terebratulina	AGA	R	S	0.0	2.81986184957e-14	0.875	0.413793103448	0.0	0.345238095238	0.178571428571	1915.0	0.98003992016	8.0	1.0
Bfloridae	AGA	R	S	0.0	0.0161290266895	0.5	0.5	0.0	0.0571428571429	0.0285714285714	1192.0	1.29473684211	8.0	0.0
Katharina	AGG	R	S	0.0	8.26513989991e-10	0.166666666667	0.142857142857	0.0	0.0843373493976	0.132530120482	1917.0	0.518105849582	10.0	0.0
Katharina	CGG	R	S	0.0	8.26513989991e-10	0.2	0.1	0.9	0.120481927711	0.132530120482	1917.0	-0.580448065173	58.0	0.0
Katharina	AGA	R	S	0.0	8.26513989991e-10	0.6	0.28125	0.0	0.385542168675	0.132530120482	1917.0	0.765342960289	8.0	1.0
Geodia	CGA	R	S	0.0	0.431372508401	0.142857142857	0.0769230769231	0.846153846154	0.245283018868	0.0188679245283	1925.0	-0.776911076443	56.0	0.0
Metridium	CGA	R	S	0.0	0.323529381301	0.166666666667	0.1	0.8	0.188679245283	0.0188679245283	1928.0	-0.538	56.0	0.0
Chlamydomonas_reinhardtii	CGC	R	S	0.0	0.193548331411	0.2	0.1	0.9	0.294117647059	0.0294117647059	1389.0	-0.642578125	59.0	0.0
Trichinella	AGA	R	S	0.0	6.23716277015e-14	0.6	0.309523809524	0.0	0.446808510638	0.202127659574	1883.0	0.74953358209	8.0	1.0
Trichinella	AGG	R	S	0.0	6.23716277015e-14	0.6	0.428571428571	0.0714285714286	0.148936170213	0.202127659574	1883.0	1.05898876404	10.0	1.0
Bracteacoccus_minor	AGG	R	S	0.0	0.0128205083942	0.2	0.166666666667	0.0	0.105263157895	0.0175438596491	1686.0	0.174342105263	10.0	0.0
Chromochloris_zofingiensis	CGA	R	S	0.0	0.0530241881886	0.166666666667	0.0833333333333	0.5	0.157894736842	0.0394736842105	1522.0	-0.489763779528	56.0	0.0
Chromochloris_zofingiensis	CGT	R	S	0.0	0.0530241881886	0.1	0.0344827586207	0.724137931034	0.381578947368	0.0394736842105	1522.0	-0.680412371134	57.0	0.0
Chromochloris_zofingiensis	CGG	R	S	0.0	0.0530241881886	0.25	0.142857142857	0.0	0.0921052631579	0.0394736842105	1522.0	-0.71349862259	58.0	0.0
Balanoglossus	AGA	R	S	0.0	2.12851024398e-07	0.6	0.625	0.0	0.129032258065	0.0806451612903	1926.0	1.86893203883	8.0	1.0
Drosophila	AGA	R	S	0.0	3.57306368676e-13	0.6	0.375	0.0	0.390243902439	0.146341463415	1919.0	1.21553281156	8.0	1.0
Ciona	AGG	R	S	0.0	0.000250458544898	0.3	0.0789473684211	0.0263157894737	0.208791208791	0.021978021978	1891.0	0.110531803962	10.0	0.0
Ciona	AGA	R	S	0.0	0.000250458544898	0.0909090909091	0.00970873786408	0.0194174757282	0.565934065934	0.021978021978	1891.0	-0.0362360083476	8.0	0.0
Epigonichthys	AGA	R	S	0.0	5.54067717194e-06	0.5	0.285714285714	0.0	0.212121212121	0.0606060606061	1918.0	0.764872521246	8.0	0.0
Daphnia	AGA	R	S	0.0	9.58230715995e-12	0.5	0.357142857143	0.0	0.363636363636	0.12987012987	1916.0	0.829251224633	8.0	1.0
Blanceolatum	AGG	R	S	0.0	0.00107526844596	1.0	0.5	0.0	0.0540540540541	0.0540540540541	1187.0	0.866071428571	10.0	0.0
Blanceolatum	AGA	R	S	0.0	0.00107526844596	0.333333333333	0.2	0.0	0.135135135135	0.0540540540541	1187.0	0.83908045977	8.0	0.0
Saccoglossus	AGA	R	S	0.0	0.00046253453041	0.666666666667	0.666666666667	0.0	0.0566037735849	0.0377358490566	1924.0	1.48979591837	8.0	0.0

### Alignment improvement:
AGG	Ser	1.99e-10
AGA	Ser	1.44e-29
