### Random Forest prediction
genome	codon	ori_aa	rea_aa	fitch	Fisher_pval	Gene_frac	N._rea	N._used	Cod._count	Sub._count	G._len	codon_lik	id	prediction	probability
Paracentrotus	GCC	A	P	0.0	0.437499944855	0.125	0.03125	0.6875	0.380952380952	0.0119047619048	1351.0	-1.06502775575	47.0	0.0	0.0
Aphrocallistes_vastus	GCA	A	P	0.0	0.863883800555	0.111111111111	0.025	0.725	0.512820512821	0.025641025641	1349.0	-1.16249197174	44.0	0.0	0.0
Aphrocallistes_vastus	GCT	A	P	0.0	0.863883800555	0.125	0.0454545454545	0.636363636364	0.282051282051	0.025641025641	1349.0	-0.867052023121	45.0	0.0	0.0
Fasciola	GCT	A	P	0.0	0.637930909477	0.111111111111	0.025	0.5	0.78431372549	0.0196078431373	1332.0	-1.30064102564	45.0	0.0	0.0
Trichobilharzia_regenti	GCA	A	P	0.0	0.111111098324	0.333333333333	0.333333333333	0.333333333333	0.0576923076923	0.0192307692308	1324.0	0.661016949153	44.0	0.0	0.01
Versteria_mustelae	GCT	A	P	0.0	0.62499987053	0.111111111111	0.0285714285714	0.485714285714	0.744680851064	0.0212765957447	1328.0	-1.36117216117	45.0	0.0	0.0
Daphnia	GCA	A	P	0.0	0.231438797058	0.166666666667	0.0769230769231	0.692307692308	0.191176470588	0.0294117647059	1351.0	-0.710578842315	44.0	0.0	0.0
Daphnia	GCC	A	P	0.0	0.231438797058	0.142857142857	0.0555555555556	0.888888888889	0.264705882353	0.0294117647059	1351.0	-1.06276747504	47.0	0.0	0.0
Haplorchis_taichui	GCT	A	P	0.0	0.741379221055	0.142857142857	0.0322580645161	0.451612903226	0.563636363636	0.0181818181818	1320.0	-1.50743801653	45.0	0.0	0.0
Echinococcus_equinus	GCT	A	P	0.0	0.659999882614	0.125	0.03125	0.5	0.68085106383	0.0212765957447	1331.0	-1.25	45.0	0.0	0.0
Taenia_crassiceps	GCA	A	P	0.0	0.282608639361	0.25	0.166666666667	0.666666666667	0.139534883721	0.046511627907	1333.0	-0.268398268398	44.0	0.0	0.0
Taenia_crassiceps	GCT	A	P	0.0	0.282608639361	0.125	0.0294117647059	0.5	0.790697674419	0.046511627907	1333.0	-1.36192626035	45.0	0.0	0.0
Axinella	GCT	A	P	0.0	0.534722171873	0.111111111111	0.0416666666667	0.833333333333	0.289156626506	0.0120481927711	1348.0	-1.12473572939	45.0	0.0	0.0
Suberites_domuncula	GCT	A	P	0.0	0.667471433234	0.285714285714	0.0588235294118	0.823529411765	0.447368421053	0.0263157894737	1351.0	-0.931732933233	45.0	0.0	0.0
Geodia	GCA	A	P	0.0	0.114574178791	0.285714285714	0.111111111111	0.777777777778	0.227848101266	0.0253164556962	1350.0	-0.679886685552	44.0	0.0	0.0
Metridium	GCT	A	P	0.0	0.763888807371	0.111111111111	0.0263157894737	0.868421052632	0.457831325301	0.0120481927711	1351.0	-1.1	45.0	0.0	0.0
Amphimedon_queenslandica	GCG	A	P	0.0	0.492753568148	0.111111111111	0.0344827586207	0.724137931034	0.349397590361	0.0120481927711	1351.0	-1.1875	46.0	0.0	0.0
Tetrancistrum_nebulosi	GCC	A	P	0.0	0.509578529951	0.2	0.166666666667	0.5	0.103448275862	0.0689655172414	1333.0	-0.710084033613	47.0	0.0	0.0
Tetrancistrum_nebulosi	GCT	A	P	0.0	0.509578529951	0.222222222222	0.0833333333333	0.361111111111	0.620689655172	0.0689655172414	1333.0	-1.1801994302	45.0	0.0	0.0
Trichinella	GCA	A	P	0.0	0.897050446589	0.2	0.0526315789474	0.526315789474	0.306451612903	0.0483870967742	1343.0	-1.3023255814	44.0	0.0	0.0
Trichinella	GCT	A	P	0.0	0.897050446589	0.4	0.0714285714286	0.714285714286	0.451612903226	0.0483870967742	1343.0	-0.834092980857	45.0	0.0	0.0
Acropora	GCT	A	P	0.0	0.823943601188	0.111111111111	0.0333333333333	0.8	0.37037037037	0.0123456790123	1350.0	-1.09898477157	45.0	0.0	0.0
Pseudogarypus_banksi	GCT	A	P	0.0	0.782051206804	0.111111111111	0.0416666666667	0.666666666667	0.48	0.02	1347.0	-1.19189765458	45.0	0.0	0.0
Benedenia_hoshinai	GCA	A	P	0.0	0.162561563505	0.25	0.25	0.5	0.156862745098	0.078431372549	1333.0	0.101265822785	44.0	0.0	0.0
Benedenia_hoshinai	GCT	A	P	0.0	0.162561563505	0.285714285714	0.0606060606061	0.454545454545	0.647058823529	0.078431372549	1333.0	-1.09336419753	45.0	0.0	0.0
Ciona	GCT	A	P	0.0	0.614583200267	0.111111111111	0.025	0.9	0.740740740741	0.0185185185185	1348.0	-1.08509277031	45.0	0.0	0.0
Epigonichthys	GCG	A	P	0.0	0.213235250961	0.125	0.0526315789474	0.842105263158	0.25	0.0131578947368	1351.0	-0.942204301075	46.0	0.0	0.0
Caenorhabditis	GCA	A	P	0.0	0.618209355258	0.333333333333	0.1	0.65	0.3125	0.0625	1346.0	-0.775064267352	44.0	0.0	0.0
Caenorhabditis	GCT	A	P	0.0	0.618209355258	0.285714285714	0.0555555555556	0.694444444444	0.5625	0.0625	1346.0	-1.11063829787	45.0	0.0	0.0
Blanceolatum	GCC	A	P	0.0	0.0666666436497	0.25	0.125	0.625	0.150943396226	0.0188679245283	775.0	-0.6375	47.0	0.0	0.272