### Random Forest prediction
genome	codon	ori_aa	rea_aa	fitch	Fisher_pval	Gene_frac	N._rea	N._used	Cod._count	Sub._count	G._len	codon_lik	id	prediction	probability
CgigaA	TCA	S	Y	0.0	0.570921942965	0.1	0.025641025641	0.871794871795	0.258278145695	0.00662251655629	2002.0	-1.82096985583	28.0	0.0	0.0
CsubhA	AGC	S	Y	0.0	0.824999939581	0.0909090909091	0.0161290322581	0.887096774194	0.350282485876	0.00564971751412	2244.0	-1.7967167307	11.0	0.0	0.0
CsubhB	AGC	S	Y	0.0	0.824999939581	0.0909090909091	0.0161290322581	0.887096774194	0.350282485876	0.00564971751412	2244.0	-1.7967167307	11.0	0.0	0.0
SarboA	TCA	S	Y	0.0	0.710227172682	0.142857142857	0.0175438596491	0.877192982456	0.558823529412	0.00980392156863	1429.0	-1.95030120482	28.0	0.0	0.0
CbohiA	TCT	S	Y	0.0	0.120370335206	0.111111111111	0.0294117647059	0.941176470588	0.19209039548	0.00564971751412	2250.0	-1.77602627258	29.0	0.0	0.0
LstarA	AGT	S	Y	0.0	0.443877489368	0.125	0.0204081632653	0.69387755102	0.362962962963	0.00740740740741	1834.0	-1.86782647989	9.0	0.0	0.0
MfariA	TCT	S	Y	0.0	0.838509261015	0.0833333333333	0.0166666666667	0.85	0.338983050847	0.00564971751412	2248.0	-1.90068052235	29.0	0.0	0.0
PpastA	AGT	S	Y	0.0	0.256493453809	0.0909090909091	0.0172413793103	0.793103448276	0.306878306878	0.00529100529101	2248.0	-1.95770857363	9.0	0.0	0.0
SjapoA	TCT	S	Y	0.0	0.633350920002	0.285714285714	0.0327868852459	0.622950819672	0.586538461538	0.0288461538462	1423.0	-1.64233348932	29.0	0.0	0.0
SjapoA	AGT	S	Y	0.0	0.633350920002	0.166666666667	0.0384615384615	0.423076923077	0.25	0.0288461538462	1423.0	-1.83082015447	9.0	0.0	0.0
PkluyA	AGT	S	Y	1.0	0.171428529505	0.0909090909091	0.0217391304348	0.717391304348	0.262857142857	0.00571428571429	2247.0	-1.94042116076	9.0	0.0	0.0
LkluyF	AGT	S	Y	0.0	0.0722221972872	0.2	0.0666666666667	0.8	0.151515151515	0.010101010101	1429.0	-1.69462227913	9.0	0.0	0.0
LkluyE	AGT	S	Y	0.0	0.0722221972872	0.2	0.0666666666667	0.8	0.151515151515	0.010101010101	1429.0	-1.69462227913	9.0	0.0	0.0
LkluyD	AGT	S	Y	0.0	0.0944444195094	0.2	0.0666666666667	0.8	0.15	0.01	1429.0	-1.69462227913	9.0	0.0	0.0
LkluyC	AGT	S	Y	0.0	0.0722221972872	0.2	0.0666666666667	0.8	0.151515151515	0.010101010101	1429.0	-1.69462227913	9.0	0.0	0.0
LkluyA	AGT	S	Y	0.0	0.0722221972872	0.2	0.0666666666667	0.8	0.151515151515	0.010101010101	1429.0	-1.69462227913	9.0	0.0	0.0
DhansA	AGC	S	Y	0.0	0.00308641868749	1.0	1.0	0.0	0.00564971751412	0.00564971751412	2250.0	4.45631067961	11.0	0.0	0.168
BcustA	AGT	S	Y	0.0	0.536041963666	0.0909090909091	0.0212765957447	0.68085106383	0.270114942529	0.0114942528736	2247.0	-1.95298281092	9.0	0.0	0.0
BcustA	TCA	S	Y	0.0	0.536041963666	0.0833333333333	0.0103092783505	0.783505154639	0.557471264368	0.0114942528736	2247.0	-1.95394006659	28.0	0.0	0.0
MingeA	TCA	S	Y	6.0	0.402877630778	0.0833333333333	0.013698630137	0.72602739726	0.394594594595	0.00540540540541	2249.0	-1.82190802628	28.0	0.0	0.051