### Random Forest prediction
genome	codon	ori_aa	rea_aa	fitch	Fisher_pval	Gene_frac	N._rea	N._used	Cod._count	Sub._count	G._len	codon_lik	id	prediction	probability
LmeyeA	GCA	A	S	0.0	0.877387432485	0.333333333333	0.0810810810811	0.810810810811	0.37	0.08	1429.0	1.00513083633	44.0	0.0	0.0
LmeyeA	GCT	A	S	0.0	0.877387432485	0.5	0.0819672131148	0.83606557377	0.61	0.08	1429.0	1.06300813008	45.0	0.0	0.0
SpombA	GCA	A	S	0.0	0.32116418742	0.333333333333	0.0909090909091	0.454545454545	0.222222222222	0.111111111111	1424.0	0.422644770959	44.0	0.0	0.0
SpombA	GCT	A	S	0.0	0.32116418742	0.666666666667	0.117647058824	0.588235294118	0.686868686869	0.111111111111	1424.0	0.880992667795	45.0	0.0	0.0
SpombA	GCG	A	S	0.0	0.32116418742	0.25	0.25	0.0	0.040404040404	0.111111111111	1424.0	0.387951807229	46.0	0.0	0.0
WmucoA	GCA	A	S	0.0	0.181517184589	0.272727272727	0.063829787234	0.851063829787	0.335714285714	0.0714285714286	2246.0	0.96186440678	44.0	0.0	0.0
WmucoA	GCC	A	S	0.0	0.181517184589	0.666666666667	0.333333333333	0.666666666667	0.0428571428571	0.0714285714286	2246.0	1.66934189406	47.0	0.0	0.014
WmucoA	GCT	A	S	0.0	0.181517184589	0.25	0.0588235294118	0.811764705882	0.607142857143	0.0714285714286	2246.0	0.969336036493	45.0	0.0	0.0
AacerA	GCA	A	S	1.0	0.808855472013	0.5	0.125	0.875	0.333333333333	0.166666666667	630.0	1.32491389208	44.0	0.0	0.012
AacerA	GCT	A	S	1.0	0.808855472013	0.5	0.1875	0.625	0.666666666667	0.166666666667	630.0	0.953596287703	45.0	0.0	0.02
CgallA	GCA	A	S	0.0	0.864393250677	0.230769230769	0.103448275862	0.655172413793	0.367088607595	0.107594936709	2247.0	0.891746854182	44.0	0.0	0.0
CgallA	GCC	A	S	0.0	0.864393250677	0.333333333333	0.166666666667	0.666666666667	0.0759493670886	0.107594936709	2247.0	1.23850823938	47.0	0.0	0.0
CgallA	GCT	A	S	0.0	0.864393250677	0.545454545455	0.104651162791	0.651162790698	0.544303797468	0.107594936709	2247.0	0.834667683314	45.0	0.0	0.0
CgigaA	GCA	A	S	0.0	0.0830101964408	0.333333333333	0.166666666667	0.75	0.0975609756098	0.0487804878049	2002.0	1.27818329278	44.0	0.0	0.0
CgigaA	GCC	A	S	0.0	0.0830101964408	0.181818181818	0.0555555555556	0.861111111111	0.292682926829	0.0487804878049	2002.0	0.857983193277	47.0	0.0	0.0
CgigaA	GCT	A	S	0.0	0.0830101964408	0.1	0.015625	0.84375	0.520325203252	0.0487804878049	2002.0	0.94202434337	45.0	0.0	0.0
CgigaA	GCG	A	S	0.0	0.0830101964408	0.142857142857	0.0909090909091	0.818181818182	0.0894308943089	0.0487804878049	2002.0	1.24211597152	46.0	0.0	0.0
CsantA	GCA	A	S	0.0	0.546352062762	0.555555555556	0.162162162162	0.675675675676	0.318965517241	0.120689655172	2220.0	1.03550295858	44.0	0.0	0.0
CsantA	GCC	A	S	0.0	0.546352062762	0.125	0.047619047619	0.857142857143	0.181034482759	0.120689655172	2220.0	0.996952767902	47.0	0.0	0.0
CsantA	GCT	A	S	0.0	0.546352062762	0.5	0.115384615385	0.673076923077	0.448275862069	0.120689655172	2220.0	0.976672805402	45.0	0.0	0.0
CsantA	GCG	A	S	0.0	0.546352062762	0.333333333333	0.166666666667	0.833333333333	0.051724137931	0.120689655172	2220.0	1.45990566038	46.0	0.0	0.0
CtropB	GCA	A	S	0.0	0.827531342734	0.125	0.04	0.96	0.189393939394	0.0378787878788	2250.0	1.11143695015	44.0	0.0	0.0
CtropB	GCT	A	S	0.0	0.827531342734	0.333333333333	0.0540540540541	0.932432432432	0.560606060606	0.0378787878788	2250.0	1.15778658447	45.0	0.0	0.0
CtropA	GCA	A	S	0.0	0.811213668579	0.125	0.037037037037	0.962962962963	0.204545454545	0.0378787878788	2250.0	1.10797935689	44.0	0.0	0.0
CtropA	GCT	A	S	0.0	0.811213668579	0.333333333333	0.0533333333333	0.933333333333	0.568181818182	0.0378787878788	2250.0	1.15571284125	45.0	0.0	0.0
WpijpA	GCA	A	S	0.0	0.190536638257	0.142857142857	0.0277777777778	0.888888888889	0.391304347826	0.0652173913043	1429.0	0.916490486258	44.0	0.0	0.0
WpijpA	GCC	A	S	0.0	0.190536638257	0.2	0.142857142857	0.714285714286	0.0760869565217	0.0652173913043	1429.0	1.16666666667	47.0	0.0	0.0
WpijpA	GCT	A	S	0.0	0.190536638257	0.5	0.0816326530612	0.836734693878	0.532608695652	0.0652173913043	1429.0	1.00486475968	45.0	0.0	0.0
BarxA	GCA	A	S	1.0	0.548663446055	1.0	0.357142857143	0.642857142857	0.48275862069	0.275862068966	434.0	1.8375568551	44.0	0.0	0.07
BarxA	GCT	A	S	1.0	0.548663446055	1.0	0.2	0.666666666667	0.51724137931	0.275862068966	434.0	1.22512135922	45.0	0.0	0.06
CoxycA	GCA	A	S	0.0	0.35185179431	1.0	0.111111111111	0.888888888889	0.310344827586	0.0344827586207	434.0	1.32659251769	44.0	0.0	0.054
CsubhA	GCC	A	S	2.0	0.658723459196	0.333333333333	0.05	0.875	0.575539568345	0.0359712230216	2244.0	1.14268553123	47.0	0.0	0.0
CsubhA	GCT	A	S	2.0	0.658723459196	0.125	0.0625	0.9375	0.115107913669	0.0359712230216	2244.0	1.08023774146	45.0	0.0	0.0
CsubhB	GCC	A	S	2.0	0.658723459196	0.333333333333	0.05	0.875	0.575539568345	0.0359712230216	2244.0	1.14268553123	47.0	0.0	0.0
CsubhB	GCT	A	S	2.0	0.658723459196	0.125	0.0625	0.9375	0.115107913669	0.0359712230216	2244.0	1.08023774146	45.0	0.0	0.0
OanguA	GCT	A	S	0.0	0.387222882626	0.166666666667	0.0243902439024	0.853658536585	0.594202898551	0.0144927536232	2248.0	0.877886497065	45.0	0.0	0.0
SarboA	GCA	A	S	0.0	0.902688504597	0.666666666667	0.105263157895	0.815789473684	0.413043478261	0.0978260869565	1429.0	1.16447204969	44.0	0.0	0.0
SarboA	GCT	A	S	0.0	0.902688504597	0.333333333333	0.1	0.8	0.54347826087	0.0978260869565	1429.0	1.057618683	45.0	0.0	0.0
CalaiA	GCT	A	S	0.0	0.402854633605	0.5	0.08	0.88	0.77519379845	0.062015503876	2056.0	1.1895810956	45.0	0.0	0.0
KtherA	GCA	A	S	0.0	0.132315806008	0.5	0.102564102564	0.717948717949	0.386138613861	0.0792079207921	1429.0	0.951136086	44.0	0.0	0.0
KtherA	GCC	A	S	0.0	0.132315806008	0.333333333333	0.25	0.5	0.039603960396	0.0792079207921	1429.0	0.8401937046	47.0	0.0	0.0
KtherA	GCT	A	S	0.0	0.132315806008	0.333333333333	0.051724137931	0.879310344828	0.574257425743	0.0792079207921	1429.0	1.03382594417	45.0	0.0	0.0
CblacA	GCT	A	S	0.0	0.574074074074	1.0	0.0384615384615	0.846153846154	0.8125	0.03125	434.0	1.07207837649	45.0	0.0	0.061
CnorvA	GCA	A	S	0.0	0.714800229914	0.363636363636	0.0740740740741	0.87037037037	0.397058823529	0.0588235294118	2249.0	1.10333333333	44.0	0.0	0.0
CnorvA	GCT	A	S	0.0	0.714800229914	0.25	0.0533333333333	0.813333333333	0.551470588235	0.0588235294118	2249.0	0.89329954955	45.0	0.0	0.0
CviswA	GCA	A	S	0.0	0.813794847855	0.111111111111	0.0227272727273	0.886363636364	0.338461538462	0.0153846153846	2249.0	1.00449917121	44.0	0.0	0.0
CviswA	GCT	A	S	0.0	0.813794847855	0.0833333333333	0.0138888888889	0.972222222222	0.553846153846	0.0153846153846	2249.0	1.05710814095	45.0	0.0	0.0
MstarA	GCA	A	S	0.0	0.626110429935	0.25	0.0731707317073	0.829268292683	0.328	0.088	2249.0	0.874634016503	44.0	0.0	0.0
MstarA	GCT	A	S	0.0	0.626110429935	0.5	0.0952380952381	0.738095238095	0.672	0.088	2249.0	0.935663627153	45.0	0.0	0.0
NbaciA	GCA	A	S	0.0	0.314701595837	0.4	0.111111111111	0.722222222222	0.197802197802	0.0549450549451	1428.0	0.952835188129	44.0	0.0	0.0
NbaciA	GCT	A	S	0.0	0.314701595837	0.333333333333	0.0428571428571	0.8	0.769230769231	0.0549450549451	1428.0	0.887129793913	45.0	0.0	0.0
CtetrA	GCA	A	S	0.0	0.574728132498	0.125	0.0454545454545	0.909090909091	0.171875	0.0234375	2249.0	1.14701455093	44.0	0.0	0.0
CtetrA	GCT	A	S	0.0	0.574728132498	0.153846153846	0.0229885057471	0.942528735632	0.6796875	0.0234375	2249.0	1.05173267327	45.0	0.0	0.0
CbohiA	GCA	A	S	0.0	0.79897342884	0.125	0.0277777777778	0.916666666667	0.246575342466	0.027397260274	2250.0	1.01812335574	44.0	0.0	0.0
CbohiA	GCT	A	S	0.0	0.79897342884	0.230769230769	0.0277777777778	0.861111111111	0.739726027397	0.027397260274	2250.0	0.876618813372	45.0	0.0	0.0
LstarA	GCA	A	S	0.0	0.384286415665	0.285714285714	0.0540540540541	0.675675675676	0.313559322034	0.101694915254	1834.0	0.675242995998	44.0	0.0	0.0
LstarA	GCT	A	S	0.0	0.384286415665	0.5	0.140845070423	0.647887323944	0.601694915254	0.101694915254	1834.0	0.975815259791	45.0	0.0	0.0
MfariA	GCG	A	S	0.0	0.0123966899349	0.333333333333	0.333333333333	0.666666666667	0.0236220472441	0.00787401574803	2248.0	1.87544483986	46.0	0.0	0.012
MfariB	GCA	A	S	0.0	0.12884639071	0.3	0.0612244897959	0.816326530612	0.362962962963	0.0296296296296	2250.0	0.927710843373	44.0	0.0	0.0
MfariB	GCT	A	S	0.0	0.12884639071	0.0833333333333	0.0120481927711	0.939759036145	0.614814814815	0.0296296296296	2250.0	0.958979752827	45.0	0.0	0.0
CcastA	GCA	A	S	0.0	0.446874090944	0.428571428571	0.142857142857	0.771428571429	0.364583333333	0.09375	1428.0	1.08027210884	44.0	0.0	0.0
CcastA	GCT	A	S	0.0	0.446874090944	0.5	0.0701754385965	0.80701754386	0.59375	0.09375	1428.0	1.04667112747	45.0	0.0	0.0
LanspB	GCA	A	S	0.0	0.916366593789	0.4	0.0833333333333	0.777777777778	0.36	0.08	1429.0	0.98835978836	44.0	0.0	0.0
LanspB	GCT	A	S	0.0	0.916366593789	0.666666666667	0.0862068965517	0.844827586207	0.58	0.08	1429.0	1.08301886792	45.0	0.0	0.0
CphanA	GCA	A	S	0.0	0.293953902674	0.25	0.102040816327	0.65306122449	0.302469135802	0.111111111111	2247.0	0.897717295874	44.0	0.0	0.0
CphanA	GCC	A	S	0.0	0.293953902674	0.5	0.5	0.5	0.0246913580247	0.111111111111	2247.0	2.57402597403	47.0	0.0	0.035
CphanA	GCT	A	S	0.0	0.293953902674	0.5	0.101851851852	0.657407407407	0.666666666667	0.111111111111	2247.0	0.861424717754	45.0	0.0	0.0
LanspA	GCA	A	S	0.0	0.410758180585	0.4	0.0857142857143	0.771428571429	0.353535353535	0.0505050505051	1429.0	0.916350839199	44.0	0.0	0.0
LanspA	GCT	A	S	0.0	0.410758180585	0.333333333333	0.0344827586207	0.879310344828	0.585858585859	0.0505050505051	1429.0	1.02074757122	45.0	0.0	0.0
CsojaA	GCA	A	S	0.0	0.843014359601	0.166666666667	0.0357142857143	0.892857142857	0.304347826087	0.0434782608696	1498.0	1.05994256999	44.0	0.0	0.0
CsojaA	GCT	A	S	0.0	0.843014359601	0.375	0.051724137931	0.948275862069	0.630434782609	0.0434782608696	1498.0	1.19323370693	45.0	0.0	0.0
CglabA	GCA	A	S	0.0	0.315894104175	0.333333333333	0.135135135135	0.810810810811	0.415730337079	0.0786516853933	1413.0	1.20558115719	44.0	0.0	0.0
CglabA	GCT	A	S	0.0	0.315894104175	0.166666666667	0.04	0.82	0.561797752809	0.0786516853933	1413.0	0.937132003799	45.0	0.0	0.0
ScryoA	GCA	A	S	0.0	0.947260185649	0.333333333333	0.09375	0.625	0.333333333333	0.09375	1424.0	0.557224391709	44.0	0.0	0.0
ScryoA	GCC	A	S	0.0	0.947260185649	0.2	0.125	0.625	0.0833333333333	0.09375	1424.0	0.6	47.0	0.0	0.0
ScryoA	GCT	A	S	0.0	0.947260185649	0.666666666667	0.0925925925926	0.5	0.5625	0.09375	1424.0	0.693743334518	45.0	0.0	0.0
CneerA	GCT	A	S	0.0	0.78052219765	0.230769230769	0.0309278350515	0.958762886598	0.746153846154	0.0230769230769	2249.0	1.07387746074	45.0	0.0	0.0
CsakeA	GCA	A	S	0.0	0.167789420308	0.111111111111	0.0204081632653	0.918367346939	0.3828125	0.0234375	2207.0	0.987678339818	44.0	0.0	0.0
CsakeA	GCC	A	S	0.0	0.167789420308	0.25	0.2	0.8	0.0390625	0.0234375	2207.0	1.4918699187	47.0	0.0	0.001
CsakeA	GCT	A	S	0.0	0.167789420308	0.0909090909091	0.013698630137	0.931506849315	0.5703125	0.0234375	2207.0	0.937714712472	45.0	0.0	0.0
HuvarA	GCA	A	S	1.0	0.485520171374	0.4	0.0769230769231	0.692307692308	0.298850574713	0.0574712643678	1361.0	0.701863354037	44.0	0.0	0.0
HuvarA	GCT	A	S	1.0	0.485520171374	0.333333333333	0.0508474576271	0.661016949153	0.67816091954	0.0574712643678	1361.0	0.784145947691	45.0	0.0	0.0
CjiufA	GCT	A	S	0.0	0.815279122687	0.230769230769	0.030612244898	0.938775510204	0.715328467153	0.021897810219	2231.0	1.03033378439	45.0	0.0	0.0
KlactA	GCA	A	S	0.0	0.297368998972	0.428571428571	0.0882352941176	0.852941176471	0.369565217391	0.0760869565217	1408.0	1.0206185567	44.0	0.0	0.0
KlactA	GCC	A	S	0.0	0.297368998972	0.5	0.333333333333	0.666666666667	0.0326086956522	0.0760869565217	1408.0	1.43613707165	47.0	0.0	0.002
KlactA	GCT	A	S	0.0	0.297368998972	0.333333333333	0.0555555555556	0.777777777778	0.586956521739	0.0760869565217	1408.0	0.932707632371	45.0	0.0	0.0
CzempA	GCA	A	S	0.0	0.239905821793	0.333333333333	0.0857142857143	0.771428571429	0.4375	0.125	1428.0	0.965714285714	44.0	0.0	0.0
CzempA	GCT	A	S	0.0	0.239905821793	0.666666666667	0.155555555556	0.577777777778	0.5625	0.125	1428.0	1.09980928163	45.0	0.0	0.0
CmetaB	GCA	A	S	0.0	0.306467618864	0.142857142857	0.0416666666667	0.875	0.171428571429	0.0142857142857	2250.0	1.07	44.0	0.0	0.0
CmetaB	GCT	A	S	0.0	0.306467618864	0.0769230769231	0.00952380952381	0.961904761905	0.75	0.0142857142857	2250.0	0.999273255814	45.0	0.0	0.0
CmetaC	GCA	A	S	0.0	0.306467618864	0.142857142857	0.0416666666667	0.875	0.171428571429	0.0142857142857	2250.0	1.07	44.0	0.0	0.0
CmetaC	GCT	A	S	0.0	0.306467618864	0.0769230769231	0.00952380952381	0.961904761905	0.75	0.0142857142857	2250.0	0.999273255814	45.0	0.0	0.0
CmetaA	GCA	A	S	0.0	0.306467618864	0.142857142857	0.0416666666667	0.875	0.171428571429	0.0142857142857	2250.0	1.07	44.0	0.0	0.0
CmetaA	GCT	A	S	0.0	0.306467618864	0.0769230769231	0.00952380952381	0.961904761905	0.75	0.0142857142857	2250.0	0.999273255814	45.0	0.0	0.0
CmetaF	GCA	A	S	0.0	0.306467618864	0.142857142857	0.0416666666667	0.875	0.171428571429	0.0142857142857	2250.0	1.07	44.0	0.0	0.0
CmetaF	GCT	A	S	0.0	0.306467618864	0.0769230769231	0.00952380952381	0.961904761905	0.75	0.0142857142857	2250.0	0.999273255814	45.0	0.0	0.0
CfrijA	GCC	A	S	0.0	0.115172101293	0.333333333333	0.2	0.8	0.0390625	0.0234375	2249.0	1.7417218543	47.0	0.0	0.001
CfrijA	GCT	A	S	0.0	0.115172101293	0.153846153846	0.0210526315789	0.936842105263	0.7421875	0.0234375	2249.0	0.982207207207	45.0	0.0	0.0
CmetaD	GCA	A	S	0.0	0.306467618864	0.142857142857	0.0416666666667	0.875	0.171428571429	0.0142857142857	2250.0	1.07	44.0	0.0	0.0
CmetaD	GCT	A	S	0.0	0.306467618864	0.0769230769231	0.00952380952381	0.961904761905	0.75	0.0142857142857	2250.0	0.999273255814	45.0	0.0	0.0
CmetaE	GCA	A	S	0.0	0.306467618864	0.142857142857	0.0416666666667	0.875	0.171428571429	0.0142857142857	2250.0	1.07	44.0	0.0	0.0
CmetaE	GCT	A	S	0.0	0.306467618864	0.0769230769231	0.00952380952381	0.961904761905	0.75	0.0142857142857	2250.0	0.999273255814	45.0	0.0	0.0
PpastA	GCA	A	S	0.0	0.349500426523	0.5	0.0641025641026	0.820512820513	0.586466165414	0.0451127819549	2248.0	0.960868399893	44.0	0.0	0.0
PpastA	GCT	A	S	0.0	0.349500426523	0.0833333333333	0.0185185185185	0.888888888889	0.406015037594	0.0451127819549	2248.0	0.867219917012	45.0	0.0	0.0
SjapoA	GCA	A	S	0.0	0.862305209993	0.333333333333	0.0833333333333	0.583333333333	0.153846153846	0.0897435897436	1423.0	0.988425925926	44.0	0.0	0.0
SjapoA	GCT	A	S	0.0	0.862305209993	0.833333333333	0.0983606557377	0.606557377049	0.782051282051	0.0897435897436	1423.0	0.818239291924	45.0	0.0	0.0
CalbiE	GCC	A	S	0.0	0.307042215592	0.25	0.0769230769231	0.923076923077	0.175675675676	0.027027027027	1183.0	1.18300653595	47.0	0.0	0.0
CalbiE	GCT	A	S	0.0	0.307042215592	0.142857142857	0.0227272727273	0.931818181818	0.594594594595	0.027027027027	1183.0	1.0317390346	45.0	0.0	0.0
CalbiD	GCC	A	S	1.0	0.297791593004	0.125	0.05	0.95	0.15873015873	0.015873015873	2058.0	1.11824505083	47.0	0.0	0.0
CalbiD	GCT	A	S	1.0	0.297791593004	0.1	0.0131578947368	0.947368421053	0.603174603175	0.015873015873	2058.0	1.03579098067	45.0	0.0	0.0
CalbiC	GCA	A	S	0.0	0.338733759865	0.0909090909091	0.030303030303	0.939393939394	0.242647058824	0.0220588235294	2250.0	1.03128054741	44.0	0.0	0.0
CalbiC	GCC	A	S	0.0	0.338733759865	0.111111111111	0.0434782608696	0.95652173913	0.169117647059	0.0220588235294	2250.0	1.10364145658	47.0	0.0	0.0
CalbiC	GCT	A	S	0.0	0.338733759865	0.0909090909091	0.0128205128205	0.948717948718	0.573529411765	0.0220588235294	2250.0	1.04153973968	45.0	0.0	0.0
CalbiB	GCA	A	S	0.0	0.338733759865	0.0909090909091	0.030303030303	0.939393939394	0.242647058824	0.0220588235294	2250.0	1.03128054741	44.0	0.0	0.0
CalbiB	GCC	A	S	0.0	0.338733759865	0.111111111111	0.0434782608696	0.95652173913	0.169117647059	0.0220588235294	2250.0	1.10364145658	47.0	0.0	0.0
CalbiB	GCT	A	S	0.0	0.338733759865	0.0909090909091	0.0128205128205	0.948717948718	0.573529411765	0.0220588235294	2250.0	1.04153973968	45.0	0.0	0.0
CalbiA	GCC	A	S	1.0	0.292778719219	0.125	0.0454545454545	0.954545454545	0.174603174603	0.015873015873	2058.0	1.13369245837	47.0	0.0	0.0
CalbiA	GCT	A	S	1.0	0.292778719219	0.1	0.0133333333333	0.946666666667	0.595238095238	0.015873015873	2058.0	1.03033805259	45.0	0.0	0.0
MmagnB	GCA	A	S	0.0	0.626724457826	0.555555555556	0.11320754717	0.660377358491	0.404580152672	0.0839694656489	2249.0	0.821859198755	44.0	0.0	0.0
MmagnB	GCC	A	S	0.0	0.626724457826	0.222222222222	0.0645161290323	0.806451612903	0.236641221374	0.0839694656489	2249.0	0.849438202247	47.0	0.0	0.0
MmagnB	GCT	A	S	0.0	0.626724457826	0.375	0.0909090909091	0.787878787879	0.251908396947	0.0839694656489	2249.0	0.882674772036	45.0	0.0	0.0
MmagnA	GCA	A	S	0.0	0.590902147267	0.555555555556	0.117647058824	0.647058823529	0.389312977099	0.0839694656489	2249.0	0.821007720439	44.0	0.0	0.0
MmagnA	GCC	A	S	0.0	0.590902147267	0.222222222222	0.0645161290323	0.806451612903	0.236641221374	0.0839694656489	2249.0	0.849438202247	47.0	0.0	0.0
MmagnA	GCT	A	S	0.0	0.590902147267	0.375	0.0882352941176	0.794117647059	0.259541984733	0.0839694656489	2249.0	0.87	45.0	0.0	0.0
CparaA	GCT	A	S	0.0	0.605769094659	0.0909090909091	0.0119047619048	0.964285714286	0.785046728972	0.00934579439252	1816.0	1.03105673568	45.0	0.0	0.0
CcoryA	GCA	A	S	0.0	0.560074938812	0.2	0.047619047619	0.833333333333	0.291666666667	0.0277777777778	2250.0	0.869759364922	44.0	0.0	0.0
CcoryA	GCT	A	S	0.0	0.560074938812	0.153846153846	0.0210526315789	0.873684210526	0.659722222222	0.0277777777778	2250.0	0.946329639889	45.0	0.0	0.0
CparaC	GCT	A	S	0.0	0.617424110338	0.0833333333333	0.00952380952381	0.952380952381	0.760869565217	0.00724637681159	2250.0	1.01898214652	45.0	0.0	0.0
CparaB	GCT	A	S	0.0	0.617424110338	0.0833333333333	0.00952380952381	0.952380952381	0.760869565217	0.00724637681159	2250.0	1.01898214652	45.0	0.0	0.0
CparaE	GCT	A	S	0.0	0.617424110338	0.0833333333333	0.00952380952381	0.952380952381	0.760869565217	0.00724637681159	2250.0	1.01898214652	45.0	0.0	0.0
CparaD	GCT	A	S	0.0	0.617424110338	0.0833333333333	0.00952380952381	0.952380952381	0.760869565217	0.00724637681159	2250.0	1.01898214652	45.0	0.0	0.0
CparaF	GCT	A	S	0.0	0.617424110338	0.0833333333333	0.00952380952381	0.952380952381	0.760869565217	0.00724637681159	2250.0	1.01898214652	45.0	0.0	0.0
MtetrA	GCC	A	S	0.0	0.140592985453	0.5	0.133333333333	0.716666666667	0.44776119403	0.089552238806	2248.0	0.903541128735	47.0	0.0	0.0
MtetrA	GCT	A	S	0.0	0.140592985453	0.166666666667	0.0666666666667	0.6	0.111940298507	0.089552238806	2248.0	0.657912015758	45.0	0.0	0.0
MtetrA	GCG	A	S	0.0	0.140592985453	0.2	0.111111111111	0.777777777778	0.201492537313	0.089552238806	2248.0	1.09207161125	46.0	0.0	0.0
CsaraA	GCA	A	S	0.0	0.254098306887	0.1	0.025	0.925	0.3125	0.0078125	2249.0	1.05891513107	44.0	0.0	0.0
CsuavA	GCA	A	S	0.0	0.47663788124	0.181818181818	0.0350877192982	0.912280701754	0.416058394161	0.0583941605839	2250.0	0.977618785544	44.0	0.0	0.0
CsuavA	GCT	A	S	0.0	0.47663788124	0.363636363636	0.0845070422535	0.746478873239	0.518248175182	0.0583941605839	2250.0	0.980519480519	45.0	0.0	0.0
PkluyA	GCA	A	S	0.0	0.139864316205	0.555555555556	0.118421052632	0.763157894737	0.59375	0.0859375	2247.0	1.11258828417	44.0	0.0	0.0
PkluyA	GCT	A	S	0.0	0.139864316205	0.0909090909091	0.025641025641	0.871794871795	0.3046875	0.0859375	2247.0	0.855494505495	45.0	0.0	0.0
PkluyA	GCG	A	S	0.0	0.139864316205	0.333333333333	0.2	0.6	0.0390625	0.0859375	2247.0	1.32564102564	46.0	0.0	0.001
PcanaA	GCA	A	S	0.0	0.701102308644	0.2	0.0434782608696	0.847826086957	0.328571428571	0.0571428571429	2250.0	0.89	44.0	0.0	0.0
PcanaA	GCT	A	S	0.0	0.701102308644	0.272727272727	0.0674157303371	0.797752808989	0.635714285714	0.0571428571429	2250.0	0.993079584775	45.0	0.0	0.0
YlipoB	GCA	A	S	0.0	0.724209398683	0.181818181818	0.0925925925926	0.685185185185	0.3375	0.10625	2247.0	0.925005013034	44.0	0.0	0.0
YlipoB	GCC	A	S	0.0	0.724209398683	0.25	0.2	0.6	0.03125	0.10625	2247.0	1.47991071429	47.0	0.0	0.001
YlipoB	GCT	A	S	0.0	0.724209398683	0.583333333333	0.112244897959	0.642857142857	0.6125	0.10625	2247.0	0.845277229893	45.0	0.0	0.0
YlipoA	GCA	A	S	0.0	0.724209398683	0.181818181818	0.0925925925926	0.685185185185	0.3375	0.10625	2247.0	0.925005013034	44.0	0.0	0.0
YlipoA	GCC	A	S	0.0	0.724209398683	0.25	0.2	0.6	0.03125	0.10625	2247.0	1.47991071429	47.0	0.0	0.001
YlipoA	GCT	A	S	0.0	0.724209398683	0.583333333333	0.112244897959	0.642857142857	0.6125	0.10625	2247.0	0.845277229893	45.0	0.0	0.0
CjadiA	GCA	A	S	0.0	0.454988506315	0.222222222222	0.0357142857143	0.875	0.4	0.0571428571429	2250.0	1.03399591306	44.0	0.0	0.0
CjadiA	GCT	A	S	0.0	0.454988506315	0.333333333333	0.0731707317073	0.756097560976	0.585714285714	0.0571428571429	2250.0	0.902658378521	45.0	0.0	0.0
AgossB	GCT	A	S	0.0	0.731871471993	0.333333333333	0.0697674418605	0.860465116279	0.796296296296	0.0555555555556	1427.0	1.00556173526	45.0	0.0	0.0
NdelpA	GCT	A	S	0.0	0.220749453518	0.166666666667	0.106382978723	0.808510638298	0.552941176471	0.0588235294118	1412.0	1.12411989539	45.0	0.0	0.0
LelonA	GCA	A	S	0.0	0.116441559441	0.2	0.05	0.9	0.289855072464	0.0144927536232	2249.0	1.11973105767	44.0	0.0	0.0
CalimA	GCA	A	S	0.0	0.745046841387	0.222222222222	0.142857142857	0.642857142857	0.260869565217	0.111801242236	2247.0	1.08378780367	44.0	0.0	0.0
CalimA	GCT	A	S	0.0	0.745046841387	0.75	0.110091743119	0.633027522936	0.67701863354	0.111801242236	2247.0	0.881135659302	45.0	0.0	0.0
CchauA	GCT	A	S	0.0	0.725494913562	0.307692307692	0.0510204081633	0.84693877551	0.685314685315	0.034965034965	2250.0	1.00860167622	45.0	0.0	0.0
BcaliA	GCA	A	S	0.0	0.153202450286	0.1	0.0181818181818	0.927272727273	0.404411764706	0.0661764705882	2250.0	0.95156102176	44.0	0.0	0.0
BcaliA	GCT	A	S	0.0	0.153202450286	0.5	0.103896103896	0.766233766234	0.566176470588	0.0661764705882	2250.0	1.05596342984	45.0	0.0	0.0
SoctoA	GCA	A	S	0.0	0.934052384384	0.6	0.130434782609	0.521739130435	0.234693877551	0.112244897959	1425.0	0.876763485477	44.0	0.0	0.0
SoctoA	GCT	A	S	0.0	0.934052384384	0.666666666667	0.117647058824	0.544117647059	0.69387755102	0.112244897959	1425.0	0.726448505454	45.0	0.0	0.0
CvartA	GCA	A	S	0.0	0.662799702132	0.2	0.0392156862745	0.901960784314	0.375	0.0514705882353	2250.0	0.945683015809	44.0	0.0	0.0
CvartA	GCT	A	S	0.0	0.662799702132	0.363636363636	0.0625	0.8	0.588235294118	0.0514705882353	2250.0	0.990686207369	45.0	0.0	0.0
CbuenA	GCA	A	S	0.0	0.524855175202	0.25	0.0666666666667	0.9	0.217391304348	0.0434782608696	2248.0	1.15073655361	44.0	0.0	0.0
CbuenA	GCT	A	S	0.0	0.524855175202	0.307692307692	0.0384615384615	0.903846153846	0.753623188406	0.0434782608696	2248.0	1.05167270403	45.0	0.0	0.0
CdefoA	GCA	A	S	0.0	0.97201969847	0.230769230769	0.0983606557377	0.622950819672	0.38125	0.10625	2247.0	0.808333333333	44.0	0.0	0.0
CdefoA	GCC	A	S	0.0	0.97201969847	0.25	0.142857142857	0.857142857143	0.04375	0.10625	2247.0	1.56062992126	47.0	0.0	0.0
CdefoA	GCT	A	S	0.0	0.97201969847	0.545454545455	0.113636363636	0.659090909091	0.55	0.10625	2247.0	0.886288037452	45.0	0.0	0.0
LdasiA	GCA	A	S	0.0	0.691157267304	0.5	0.105263157895	0.789473684211	0.387755102041	0.0816326530612	1429.0	1.08591408591	44.0	0.0	0.0
LdasiA	GCT	A	S	0.0	0.691157267304	0.333333333333	0.0701754385965	0.824561403509	0.581632653061	0.0816326530612	1429.0	0.996657754011	45.0	0.0	0.0
LkluyF	GCA	A	S	0.0	0.0993044843423	0.4	0.0392156862745	0.823529411765	0.50495049505	0.0891089108911	1429.0	0.855349447255	44.0	0.0	0.0
LkluyF	GCC	A	S	0.0	0.0993044843423	0.5	0.333333333333	0.666666666667	0.029702970297	0.0891089108911	1429.0	1.59615384615	47.0	0.0	0.002
LkluyF	GCT	A	S	0.0	0.0993044843423	0.428571428571	0.127659574468	0.808510638298	0.465346534653	0.0891089108911	1429.0	1.22420072845	45.0	0.0	0.0
LkluyE	GCA	A	S	0.0	0.185912032067	0.4	0.0392156862745	0.843137254902	0.50495049505	0.0891089108911	1429.0	0.864895209581	44.0	0.0	0.0
LkluyE	GCT	A	S	0.0	0.185912032067	0.428571428571	0.145833333333	0.770833333333	0.475247524752	0.0891089108911	1429.0	1.25272547076	45.0	0.0	0.0
LkluyD	GCA	A	S	0.0	0.211088901529	0.4	0.04	0.84	0.505050505051	0.0909090909091	1429.0	0.882229433098	44.0	0.0	0.0
LkluyD	GCT	A	S	0.0	0.211088901529	0.428571428571	0.145833333333	0.791666666667	0.484848484848	0.0909090909091	1429.0	1.25371655104	45.0	0.0	0.0
LkluyC	GCA	A	S	0.0	0.0993044843423	0.4	0.0392156862745	0.823529411765	0.50495049505	0.0891089108911	1429.0	0.855349447255	44.0	0.0	0.0
LkluyC	GCC	A	S	0.0	0.0993044843423	0.5	0.333333333333	0.666666666667	0.029702970297	0.0891089108911	1429.0	1.59615384615	47.0	0.0	0.002
LkluyC	GCT	A	S	0.0	0.0993044843423	0.428571428571	0.127659574468	0.808510638298	0.465346534653	0.0891089108911	1429.0	1.22420072845	45.0	0.0	0.0
LkluyB	GCC	A	S	0.0	0.00555962662402	1.0	1.0	0.0	0.0277777777778	0.111111111111	434.0	2.97272727273	47.0	0.0	0.464
LkluyB	GCT	A	S	0.0	0.00555962662402	1.0	0.176470588235	0.705882352941	0.472222222222	0.111111111111	434.0	1.25080213904	45.0	0.0	0.26
LkluyA	GCA	A	S	0.0	0.0993044843423	0.4	0.0392156862745	0.823529411765	0.50495049505	0.0891089108911	1429.0	0.855349447255	44.0	0.0	0.0
LkluyA	GCC	A	S	0.0	0.0993044843423	0.5	0.333333333333	0.666666666667	0.029702970297	0.0891089108911	1429.0	1.59615384615	47.0	0.0	0.002
LkluyA	GCT	A	S	0.0	0.0993044843423	0.428571428571	0.127659574468	0.808510638298	0.465346534653	0.0891089108911	1429.0	1.22420072845	45.0	0.0	0.0
CdublA	GCT	A	S	2.0	0.762095079798	0.166666666667	0.0227272727273	0.943181818182	0.692913385827	0.0157480314961	2058.0	1.03015833124	45.0	0.0	0.0
CorthB	GCT	A	S	0.0	0.583333189477	0.0769230769231	0.00869565217391	0.947826086957	0.833333333333	0.00724637681159	2250.0	0.984265402844	45.0	0.0	0.0
CorthC	GCT	A	S	0.0	0.579545309382	0.0769230769231	0.00862068965517	0.948275862069	0.840579710145	0.00724637681159	2250.0	0.983864915572	45.0	0.0	0.0
CorthA	GCT	A	S	0.0	0.579545309382	0.0769230769231	0.00862068965517	0.948275862069	0.840579710145	0.00724637681159	2250.0	0.986723163842	45.0	0.0	0.0
ClusiA	GCA	A	S	0.0	0.0457208438786	0.0909090909091	0.0217391304348	0.934782608696	0.340740740741	0.0222222222222	2250.0	1.01637043966	44.0	0.0	0.0
ClusiA	GCT	A	S	0.0	0.0457208438786	0.0909090909091	0.0120481927711	0.939759036145	0.614814814815	0.0222222222222	2250.0	0.957038391225	45.0	0.0	0.0
ClusiA	GCG	A	S	0.0	0.0457208438786	0.333333333333	0.333333333333	0.333333333333	0.0222222222222	0.0222222222222	2250.0	1.48727272727	46.0	0.0	0.018
MguilA	GCA	A	S	0.0	0.133460092121	0.222222222222	0.0408163265306	0.938775510204	0.371212121212	0.0378787878788	2250.0	1.15635699612	44.0	0.0	0.0
MguilA	GCT	A	S	0.0	0.133460092121	0.166666666667	0.0266666666667	0.973333333333	0.568181818182	0.0378787878788	2250.0	1.06850100315	45.0	0.0	0.0
MguilA	GCG	A	S	0.0	0.133460092121	0.333333333333	0.333333333333	0.666666666667	0.0227272727273	0.0378787878788	2250.0	1.73566878981	46.0	0.0	0.014
SpastA	GCA	A	S	0.0	0.910701661357	0.6	0.111111111111	0.8	0.473684210526	0.105263157895	1429.0	1.16268751321	44.0	0.0	0.0
SpastA	GCT	A	S	0.0	0.910701661357	0.333333333333	0.106382978723	0.744680851064	0.494736842105	0.105263157895	1429.0	1.00794297352	45.0	0.0	0.0
ScereC	GCA	A	S	0.0	0.84272114762	0.666666666667	0.131578947368	0.736842105263	0.39175257732	0.113402061856	1429.0	1.14210657993	44.0	0.0	0.0
ScereC	GCT	A	S	0.0	0.84272114762	0.333333333333	0.11320754717	0.77358490566	0.546391752577	0.113402061856	1429.0	1.09289321789	45.0	0.0	0.0
ScereA	GCA	A	S	0.0	0.946656531121	0.666666666667	0.128205128205	0.74358974359	0.40206185567	0.113402061856	1429.0	1.13708302897	44.0	0.0	0.0
ScereA	GCT	A	S	0.0	0.946656531121	0.333333333333	0.115384615385	0.788461538462	0.536082474227	0.113402061856	1429.0	1.10972247749	45.0	0.0	0.0
ScereD	GCA	A	S	0.0	0.823551245118	0.666666666667	0.131578947368	0.789473684211	0.4	0.105263157895	1429.0	1.17913435076	44.0	0.0	0.0
ScereD	GCT	A	S	0.0	0.823551245118	0.333333333333	0.0980392156863	0.78431372549	0.536842105263	0.105263157895	1429.0	1.0620780195	45.0	0.0	0.0
ScereE	GCA	A	S	0.0	0.823551245118	0.666666666667	0.128205128205	0.769230769231	0.40625	0.104166666667	1429.0	1.16407010711	44.0	0.0	0.0
ScereE	GCT	A	S	0.0	0.823551245118	0.333333333333	0.0980392156863	0.78431372549	0.53125	0.104166666667	1429.0	1.05871318702	45.0	0.0	0.0
DhansA	GCA	A	S	0.0	0.217953903991	0.111111111111	0.0243902439024	0.90243902439	0.299270072993	0.029197080292	2250.0	0.891425795482	44.0	0.0	0.0
DhansA	GCC	A	S	0.0	0.217953903991	0.2	0.166666666667	0.833333333333	0.043795620438	0.029197080292	2250.0	1.38797814208	47.0	0.0	0.0
DhansA	GCT	A	S	0.0	0.217953903991	0.166666666667	0.0222222222222	0.888888888889	0.656934306569	0.029197080292	2250.0	0.991128326877	45.0	0.0	0.0
CsalmA	GCA	A	S	0.0	0.100080260297	0.375	0.12	0.72	0.208333333333	0.1	2153.0	1.10470538364	44.0	0.0	0.0
CsalmA	GCC	A	S	0.0	0.100080260297	0.25	0.142857142857	0.142857142857	0.0583333333333	0.1	2153.0	0.0405953991881	47.0	0.0	0.001
CsalmA	GCT	A	S	0.0	0.100080260297	0.363636363636	0.0813953488372	0.732558139535	0.716666666667	0.1	2153.0	0.872798188223	45.0	0.0	0.0
CsalmA	GCG	A	S	0.0	0.100080260297	0.5	0.5	0.5	0.0166666666667	0.1	2153.0	2.36150234742	46.0	0.0	0.035
LnothA	GCA	A	S	0.0	0.888701899969	0.333333333333	0.0833333333333	0.805555555556	0.356435643564	0.0792079207921	1429.0	0.990998146677	44.0	0.0	0.0
LnothA	GCT	A	S	0.0	0.888701899969	0.5	0.0806451612903	0.806451612903	0.613861386139	0.0792079207921	1429.0	1.047641002	45.0	0.0	0.0
BcustA	GCA	A	S	0.0	0.775315595577	0.4	0.0980392156863	0.764705882353	0.418032786885	0.0819672131148	2247.0	1.01036054704	44.0	0.0	0.0
BcustA	GCT	A	S	0.0	0.775315595577	0.181818181818	0.0757575757576	0.772727272727	0.540983606557	0.0819672131148	2247.0	1.09025152063	45.0	0.0	0.0
CtheaA	GCT	A	S	0.0	0.635338219964	0.0769230769231	0.01	0.96	0.724637681159	0.00724637681159	2250.0	1.0579334198	45.0	0.0	0.0
AgossA	GCT	A	S	0.0	0.751981111594	0.333333333333	0.0714285714286	0.857142857143	0.777777777778	0.0555555555556	1427.0	1.01001821494	45.0	0.0	0.0
MingeA	GCA	A	S	0.0	0.640038875512	0.222222222222	0.0540540540541	0.783783783784	0.286821705426	0.093023255814	2249.0	0.872225384178	44.0	0.0	0.0
MingeA	GCT	A	S	0.0	0.640038875512	0.5	0.113636363636	0.715909090909	0.682170542636	0.093023255814	2249.0	0.914856860809	45.0	0.0	0.0
ScastA	GCA	A	S	0.0	0.183539037185	0.333333333333	0.0769230769231	0.846153846154	0.295454545455	0.0795454545455	1426.0	1.03555718475	44.0	0.0	0.0
ScastA	GCC	A	S	0.0	0.183539037185	0.25	0.166666666667	0.5	0.0681818181818	0.0795454545455	1426.0	1.5	47.0	0.0	0.0
ScastA	GCT	A	S	0.0	0.183539037185	0.333333333333	0.0566037735849	0.867924528302	0.602272727273	0.0795454545455	1426.0	1.04200178731	45.0	0.0	0.0
ScastA	GCG	A	S	0.0	0.183539037185	0.333333333333	0.333333333333	0.666666666667	0.0340909090909	0.0795454545455	1426.0	2.07792207792	46.0	0.0	0.001
CmaltA	GCA	A	S	0.0	0.530362538863	0.222222222222	0.0512820512821	0.948717948718	0.276595744681	0.0354609929078	2250.0	1.11685150122	44.0	0.0	0.0
CmaltA	GCT	A	S	0.0	0.530362538863	0.230769230769	0.030303030303	0.929292929293	0.702127659574	0.0354609929078	2250.0	1.04492037342	45.0	0.0	0.0
KmarxA	GCA	A	S	0.0	0.82688166066	1.0	0.125	0.75	0.216216216216	0.108108108108	434.0	0.96013667426	44.0	0.0	0.045
KmarxA	GCT	A	S	0.0	0.82688166066	1.0	0.12	0.84	0.675675675676	0.108108108108	434.0	1.18115678429	45.0	0.0	0.038