### Random Forest prediction
genome	codon	ori_aa	rea_aa	fitch	Fisher_pval	Gene_frac	N._rea	N._used	Cod._count	Sub._count	G._len	codon_lik	id	prediction	probability
SpombA	GCT	A	C	0.0	0.620370239302	0.166666666667	0.0147058823529	0.588235294118	0.686868686869	0.010101010101	1424.0	-0.683305132544	45.0	0.0	0.0
CgallA	GCC	A	C	0.0	0.185235647187	0.166666666667	0.0833333333333	0.666666666667	0.0759493670886	0.0189873417722	2247.0	0.193408499566	47.0	0.0	0.0
CgallA	GCT	A	C	0.0	0.185235647187	0.0909090909091	0.0232558139535	0.651162790698	0.544303797468	0.0189873417722	2247.0	-0.37527004702	45.0	0.0	0.0
MstarA	GCA	A	C	0.0	0.180412371134	0.125	0.0243902439024	0.829268292683	0.328	0.008	2249.0	-0.153313814213	44.0	0.0	0.0
NbaciA	GCA	A	C	0.0	0.261384621342	0.2	0.0555555555556	0.722222222222	0.197802197802	0.021978021978	1428.0	-0.102808691044	44.0	0.0	0.0
NbaciA	GCT	A	C	0.0	0.261384621342	0.166666666667	0.0142857142857	0.8	0.769230769231	0.021978021978	1428.0	-0.291933942951	45.0	0.0	0.0
MfariB	GCT	A	C	0.0	0.673553606301	0.0833333333333	0.0120481927711	0.939759036145	0.614814814815	0.00740740740741	2250.0	-0.17696555351	45.0	0.0	0.0
CcastA	GCT	A	C	0.0	0.694805089435	0.166666666667	0.0175438596491	0.80701754386	0.59375	0.0104166666667	1428.0	-0.220475075276	45.0	0.0	0.0
CphanA	GCT	A	C	0.0	0.433898219486	0.166666666667	0.0277777777778	0.657407407407	0.666666666667	0.0185185185185	2247.0	-0.34269157758	45.0	0.0	0.0
MmagnB	GCG	A	C	0.0	0.0612244686579	0.111111111111	0.0714285714286	0.785714285714	0.106870229008	0.00763358778626	2249.0	0.00777873811582	46.0	0.0	0.0
MmagnA	GCG	A	C	0.0	0.0663265077127	0.111111111111	0.0666666666667	0.8	0.114503816794	0.00763358778626	2249.0	0.0	46.0	0.0	0.0
CsuavA	GCT	A	C	0.0	0.763157812966	0.0909090909091	0.0140845070423	0.746478873239	0.518248175182	0.00729927007299	2250.0	-0.470315398887	45.0	0.0	0.0
PcanaA	GCT	A	C	0.0	0.689655065266	0.0909090909091	0.0112359550562	0.797752808989	0.635714285714	0.00714285714286	2250.0	-0.341248061091	45.0	0.0	0.0
YlipoB	GCT	A	C	0.0	0.512965942156	0.166666666667	0.030612244898	0.642857142857	0.6125	0.01875	2247.0	-0.335853605084	45.0	0.0	0.0
YlipoA	GCT	A	C	0.0	0.512965942156	0.166666666667	0.030612244898	0.642857142857	0.6125	0.01875	2247.0	-0.335853605084	45.0	0.0	0.0
CjadiA	GCT	A	C	0.0	0.723684115127	0.0833333333333	0.0121951219512	0.756097560976	0.585714285714	0.00714285714286	2250.0	-0.429176034916	45.0	0.0	0.0
CalimA	GCA	A	C	0.0	0.82959103817	0.111111111111	0.0238095238095	0.642857142857	0.260869565217	0.0186335403727	2247.0	-0.421417947447	44.0	0.0	0.0
CalimA	GCT	A	C	0.0	0.82959103817	0.0833333333333	0.0183486238532	0.633027522936	0.67701863354	0.0186335403727	2247.0	-0.467759672098	45.0	0.0	0.0
CvartA	GCT	A	C	0.0	0.717391206776	0.0909090909091	0.0125	0.8	0.588235294118	0.00735294117647	2250.0	-0.404328174223	45.0	0.0	0.0
CdefoA	GCA	A	C	0.0	0.830938047785	0.0769230769231	0.016393442623	0.622950819672	0.38125	0.01875	2247.0	-0.537943262411	44.0	0.0	0.0
CdefoA	GCT	A	C	0.0	0.830938047785	0.0909090909091	0.0227272727273	0.659090909091	0.55	0.01875	2247.0	-0.356782062338	45.0	0.0	0.0
CsalmA	GCT	A	C	0.0	0.619047487522	0.0909090909091	0.0116279069767	0.732558139535	0.716666666667	0.00833333333333	2153.0	-0.371791645697	45.0	0.0	0.0
MingeA	GCT	A	C	0.0	0.670102978885	0.0833333333333	0.0113636363636	0.715909090909	0.682170542636	0.0077519379845	2249.0	-0.359205330701	45.0	0.0	0.0