### Random Forest prediction
genome	codon	ori_aa	rea_aa	fitch	Fisher pval	Gene frac	N. rea	N. used	Cod. count	Sub. count	G. len	codon_lik	id	prediction	probability
Paracentrotus	CTA	L	F	0.0	0.811475344747	0.166666666667	0.0212765957447	0.957446808511	0.376	0.008	979.0	0.207207207207	52.0	0.0	0.005
Schistosoma	CTA	L	F	0.0	0.706614580497	0.333333333333	0.166666666667	0.5	0.0512820512821	0.102564102564	842.0	0.542253521127	52.0	0.0	0.026
Schistosoma	TTA	L	F	0.0	0.706614580497	0.6	0.106060606061	0.530303030303	0.564102564103	0.102564102564	842.0	0.20618556701	20.0	0.0	0.017
Schistosoma	TTG	L	F	0.0	0.706614580497	0.75	0.137931034483	0.551724137931	0.247863247863	0.102564102564	842.0	0.366032210835	22.0	0.0	0.025
Fasciola	CTG	L	F	0.0	0.486669644814	0.333333333333	0.333333333333	0.666666666667	0.0258620689655	0.0775862068966	878.0	1.77464788732	54.0	0.0	0.021
Fasciola	TTA	L	F	0.0	0.486669644814	0.2	0.05	0.8	0.172413793103	0.0775862068966	878.0	0.184154175589	20.0	0.0	0.005
Fasciola	TTG	L	F	0.0	0.486669644814	0.6	0.0921052631579	0.618421052632	0.655172413793	0.0775862068966	878.0	0.250276854928	22.0	0.0	0.009
Patiria	CTA	L	F	0.0	0.805555488423	0.166666666667	0.02	0.96	0.384615384615	0.00769230769231	979.0	0.118150684932	52.0	0.0	0.005
Lumbricus	CTT	L	F	0.0	0.525862027297	0.2	0.0344827586207	0.931034482759	0.2265625	0.0078125	977.0	0.298833819242	53.0	0.0	0.009
Halocynthia	CTT	L	F	0.0	0.143861376738	0.25	0.111111111111	0.444444444444	0.0762711864407	0.0169491525424	963.0	0.0682926829268	53.0	0.0	0.059
Halocynthia	TTA	L	F	0.0	0.143861376738	0.2	0.015625	0.84375	0.542372881356	0.0169491525424	963.0	0.0741482965932	20.0	0.0	0.047
Limulus	TTA	L	F	0.0	0.338095221993	0.4	0.0540540540541	0.945945945946	0.30081300813	0.0162601626016	979.0	0.346774193548	20.0	0.0	0.005
Caenorhabditis	TTA	L	F	0.0	0.132853281442	0.2	0.0224719101124	0.741573033708	0.674242424242	0.030303030303	959.0	-0.0286129970902	20.0	0.0	0.047
Caenorhabditis	CTG	L	F	0.0	0.132853281442	0.5	0.5	0.5	0.0151515151515	0.030303030303	959.0	1.80434782609	54.0	0.0	0.089
Caenorhabditis	TTG	L	F	0.0	0.132853281442	0.25	0.0454545454545	0.909090909091	0.166666666667	0.030303030303	959.0	0.354085603113	22.0	0.0	0.051
Axinella	CTT	L	F	0.0	0.18691840168	0.25	0.117647058824	0.882352941176	0.139344262295	0.0327868852459	977.0	0.521410579345	53.0	0.0	0.014
Axinella	TTA	L	F	0.0	0.18691840168	0.166666666667	0.0133333333333	0.946666666667	0.614754098361	0.0327868852459	977.0	0.218857142857	20.0	0.0	0.01
Axinella	TTG	L	F	0.0	0.18691840168	0.2	0.0588235294118	0.882352941176	0.139344262295	0.0327868852459	977.0	0.310945273632	22.0	0.0	0.014
Terebratulina	CTT	L	F	1.0	0.753878391294	0.2	0.0277777777778	0.972222222222	0.283464566929	0.0314960629921	977.0	0.28418549346	53.0	0.0	0.005
Terebratulina	CTA	L	F	1.0	0.753878391294	0.4	0.0697674418605	0.93023255814	0.338582677165	0.0314960629921	977.0	0.473736372646	52.0	0.0	0.005
Geodia	CTT	L	F	0.0	0.0250678111887	0.5	0.181818181818	0.727272727273	0.0873015873016	0.0238095238095	979.0	0.662835249042	53.0	0.0	0.15
Geodia	TTG	L	F	0.0	0.0250678111887	0.2	0.0625	0.8125	0.126984126984	0.0238095238095	979.0	0.31299734748	22.0	0.0	0.14
Metridium	CTT	L	F	0.0	0.0554125439012	0.25	0.0666666666667	0.8	0.11811023622	0.0157480314961	979.0	0.395543175487	53.0	0.0	0.14
Metridium	CTC	L	F	0.0	0.0554125439012	0.25	0.142857142857	0.714285714286	0.0551181102362	0.0157480314961	979.0	0.378881987578	55.0	0.0	0.14
Acropora	CTG	L	F	0.0	0.0416666609124	0.5	0.25	0.75	0.031746031746	0.00793650793651	978.0	1.0625	54.0	0.0	0.164
Trichinella	CTT	L	F	0.0	0.133895535348	0.25	0.111111111111	0.444444444444	0.0789473684211	0.0789473684211	866.0	-0.192488262911	53.0	0.0	0.055
Trichinella	TTA	L	F	0.0	0.133895535348	0.4	0.0810810810811	0.756756756757	0.324561403509	0.0789473684211	866.0	0.33908045977	20.0	0.0	0.043
Trichinella	CTA	L	F	0.0	0.133895535348	0.5	0.0392156862745	0.725490196078	0.447368421053	0.0789473684211	866.0	0.171717171717	52.0	0.0	0.051
Trichinella	CTC	L	F	0.0	0.133895535348	0.5	0.1875	0.5625	0.140350877193	0.0789473684211	866.0	0.489417989418	55.0	0.0	0.065
Balanoglossus	CTA	L	F	0.0	0.547794073221	0.166666666667	0.025641025641	0.871794871795	0.274647887324	0.00704225352113	978.0	0.093023255814	52.0	0.0	0.005
Myxine	CTT	L	F	0.0	0.688537891993	0.166666666667	0.0294117647059	0.970588235294	0.27868852459	0.0491803278689	979.0	0.27409261577	53.0	0.0	0.001
Myxine	CTA	L	F	0.0	0.688537891993	0.4	0.103448275862	0.724137931034	0.237704918033	0.0491803278689	979.0	0.469208211144	52.0	0.0	0.005
Myxine	CTC	L	F	0.0	0.688537891993	0.2	0.0454545454545	0.954545454545	0.180327868852	0.0491803278689	979.0	0.255402750491	55.0	0.0	0.005
Myxine	TTA	L	F	0.0	0.688537891993	0.2	0.0357142857143	0.928571428571	0.229508196721	0.0491803278689	979.0	0.149001536098	20.0	0.0	0.005
Ciona	CTC	L	F	0.0	0.0746717162936	0.5	0.4	0.6	0.0413223140496	0.0413223140496	958.0	2.04310344828	55.0	0.0	0.155
Ciona	TTA	L	F	0.0	0.0746717162936	0.333333333333	0.0266666666667	0.853333333333	0.619834710744	0.0413223140496	958.0	0.101382488479	20.0	0.0	0.116
Ciona	TTG	L	F	0.0	0.0746717162936	0.2	0.0588235294118	0.705882352941	0.140495867769	0.0413223140496	958.0	-0.0151133501259	22.0	0.0	0.12
Saccoglossus	TTA	L	F	0.0	0.544776067873	0.25	0.0238095238095	0.928571428571	0.302158273381	0.00719424460432	978.0	0.236923076923	20.0	0.0	0.005
Homo	CTA	L	F	1.0	0.496812879962	0.166666666667	0.0161290322581	0.967741935484	0.484375	0.015625	978.0	0.219681219681	52.0	0.0	0.005
Homo	TTA	L	F	1.0	0.496812879962	0.2	0.0714285714286	0.928571428571	0.109375	0.015625	978.0	0.465256797583	20.0	0.0	0.009
Epigonichthys	CTA	L	F	0.0	0.350174104706	0.4	0.0869565217391	0.869565217391	0.169117647059	0.0220588235294	978.0	0.456400742115	52.0	0.0	0.009
Epigonichthys	TTA	L	F	0.0	0.350174104706	0.166666666667	0.015625	0.9375	0.470588235294	0.0220588235294	978.0	0.198524480215	20.0	0.0	0.005