### Random Forest prediction
genome	codon	ori_aa	rea_aa	fitch	Fisher_pval	Gene_frac	N._rea	N._used	Cod._count	Sub._count	G._len	codon_lik	id	prediction	probability
Schistosoma	GCT	A	L	0.0	0.723684115127	0.285714285714	0.0714285714286	0.464285714286	0.736842105263	0.0526315789474	1325.0	-0.796733212341	45.0	0.0	0.0
Fasciola	GCT	A	L	0.0	0.73448266695	0.222222222222	0.05	0.5	0.78431372549	0.0392156862745	1332.0	-1.29423076923	45.0	0.0	0.0
Trichobilharzia_regenti	GCC	A	L	0.0	0.0597701117678	0.25	0.285714285714	0.285714285714	0.134615384615	0.0769230769231	1324.0	-0.0147058823529	47.0	0.0	0.0
Trichobilharzia_regenti	GCT	A	L	0.0	0.0597701117678	0.111111111111	0.0277777777778	0.555555555556	0.692307692308	0.0769230769231	1324.0	-1.23191489362	45.0	0.0	0.0
Trichobilharzia_regenti	GCG	A	L	0.0	0.0597701117678	0.25	0.166666666667	0.5	0.115384615385	0.0769230769231	1324.0	-0.470338983051	46.0	0.0	0.0
Versteria_mustelae	GCA	A	L	0.0	0.528653812093	0.2	0.2	0.4	0.106382978723	0.063829787234	1328.0	-0.654639175258	44.0	0.0	0.0
Versteria_mustelae	GCT	A	L	0.0	0.528653812093	0.222222222222	0.0571428571429	0.485714285714	0.744680851064	0.063829787234	1328.0	-1.01025641026	45.0	0.0	0.0
Haplorchis_taichui	GCT	A	L	0.0	0.567816044333	0.285714285714	0.0645161290323	0.451612903226	0.563636363636	0.0363636363636	1320.0	-1.04132231405	45.0	0.0	0.0
Lumbricus	GCG	A	L	0.0	0.0220588159135	0.5	0.25	0.5	0.05	0.0125	1350.0	0.569620253165	46.0	0.0	0.0
Halocynthia	GCT	A	L	0.0	0.810204016105	0.222222222222	0.0540540540541	0.783783783784	0.587301587302	0.031746031746	1348.0	-0.757429163787	45.0	0.0	0.0
Echinococcus_equinus	GCA	A	L	0.0	0.905347952669	0.25	0.2	0.6	0.106382978723	0.0851063829787	1331.0	-0.553299492386	44.0	0.0	0.0
Echinococcus_equinus	GCT	A	L	0.0	0.905347952669	0.375	0.09375	0.5	0.68085106383	0.0851063829787	1331.0	-1.11057692308	45.0	0.0	0.0
Taenia_crassiceps	GCT	A	L	0.0	0.294648803104	0.375	0.0882352941176	0.5	0.790697674419	0.093023255814	1333.0	-1.00526711813	45.0	0.0	0.0
Taenia_crassiceps	GCG	A	L	0.0	0.294648803104	0.333333333333	0.333333333333	0.333333333333	0.0697674418605	0.093023255814	1333.0	0.433333333333	46.0	0.0	0.009
Terebratulina	GCA	A	L	0.0	0.613122187561	0.142857142857	0.047619047619	0.714285714286	0.25	0.0357142857143	1351.0	-1.06280193237	44.0	0.0	0.0
Terebratulina	GCC	A	L	0.0	0.613122187561	0.25	0.0526315789474	0.789473684211	0.452380952381	0.0357142857143	1351.0	-0.91661062542	47.0	0.0	0.0
Bfloridae	GCG	A	L	2.0	0.206521712861	0.166666666667	0.111111111111	0.666666666667	0.18	0.02	777.0	-0.717086834734	46.0	0.0	0.071
Katharina	GCA	A	L	0.0	0.178321665043	0.166666666667	0.0526315789474	0.736842105263	0.25	0.0263157894737	1348.0	-1.17733333333	44.0	0.0	0.0
Katharina	GCC	A	L	0.0	0.178321665043	0.25	0.0833333333333	0.833333333333	0.157894736842	0.0263157894737	1348.0	-1.05625	47.0	0.0	0.0
Amphimedon_queenslandica	GCG	A	L	0.0	0.492753568148	0.111111111111	0.0344827586207	0.724137931034	0.349397590361	0.0120481927711	1351.0	-0.906690140845	46.0	0.0	0.0
Tetrancistrum_nebulosi	GCA	A	L	0.0	0.502919901411	0.6	0.272727272727	0.636363636364	0.189655172414	0.103448275862	1333.0	0.0434782608696	44.0	0.0	0.0
Tetrancistrum_nebulosi	GCC	A	L	0.0	0.502919901411	0.2	0.166666666667	0.5	0.103448275862	0.103448275862	1333.0	-1.17647058824	47.0	0.0	0.0
Tetrancistrum_nebulosi	GCT	A	L	0.0	0.502919901411	0.222222222222	0.0555555555556	0.361111111111	0.620689655172	0.103448275862	1333.0	-1.24074074074	45.0	0.0	0.0
Trichinella	GCC	A	L	0.0	0.131823450064	0.4	0.153846153846	0.692307692308	0.209677419355	0.0322580645161	1343.0	-0.821218074656	47.0	0.0	0.0
Balanoglossus	GCC	A	L	0.0	0.811594137851	0.1	0.03125	0.78125	0.410256410256	0.0128205128205	1351.0	-1.01272871917	47.0	0.0	0.0
Pseudogarypus_banksi	GCT	A	L	0.0	0.782051206804	0.111111111111	0.0416666666667	0.666666666667	0.48	0.02	1347.0	-1.22174840085	45.0	0.0	0.0
Benedenia_hoshinai	GCA	A	L	0.0	0.280423243888	0.25	0.125	0.5	0.156862745098	0.0392156862745	1333.0	-1.20886075949	44.0	0.0	0.0
Benedenia_hoshinai	GCT	A	L	0.0	0.280423243888	0.142857142857	0.030303030303	0.454545454545	0.647058823529	0.0392156862745	1333.0	-1.30787037037	45.0	0.0	0.0
Drosophila	GCA	A	L	0.0	0.113636329634	0.166666666667	0.0769230769231	0.923076923077	0.188405797101	0.0144927536232	1351.0	-0.747035573123	44.0	0.0	0.0
Epigonichthys	GCT	A	L	0.0	0.485294061797	0.142857142857	0.04	0.84	0.328947368421	0.0131578947368	1351.0	-1.04655870445	45.0	0.0	0.0
Strigamia_maritima	GCT	A	L	0.0	0.475806393142	0.125	0.0434782608696	0.869565217391	0.323943661972	0.0140845070423	1351.0	-1.0199556541	45.0	0.0	0.0
Caenorhabditis	GCA	A	L	0.0	0.0434789112498	0.166666666667	0.1	0.65	0.3125	0.078125	1346.0	-0.63881748072	44.0	0.0	0.0
Caenorhabditis	GCC	A	L	0.0	0.0434789112498	0.2	0.166666666667	0.666666666667	0.09375	0.078125	1346.0	-0.718487394958	47.0	0.0	0.0
Caenorhabditis	GCT	A	L	0.0	0.0434789112498	0.142857142857	0.0277777777778	0.694444444444	0.5625	0.078125	1346.0	-1.20141843972	45.0	0.0	0.0
Caenorhabditis	GCG	A	L	0.0	0.0434789112498	0.5	0.5	0.0	0.03125	0.078125	1346.0	1.35	46.0	0.0	0.021
Homo	GCA	A	L	0.0	0.297101396737	0.125	0.0384615384615	0.769230769231	0.337662337662	0.012987012987	1351.0	-0.945098039216	44.0	0.0	0.0
Ascidiella_aspersa	GCT	A	L	0.0	0.709999899876	0.125	0.0322580645161	0.903225806452	0.543859649123	0.0175438596491	1350.0	-0.766694146744	45.0	0.0	0.0
Blanceolatum	GCA	A	L	2.0	0.276595733183	0.2	0.1	0.8	0.188679245283	0.0566037735849	775.0	-0.635	44.0	0.0	0.009
Blanceolatum	GCC	A	L	2.0	0.276595733183	0.25	0.125	0.625	0.150943396226	0.0566037735849	775.0	-0.9875	47.0	0.0	0.018
Blanceolatum	GCT	A	L	2.0	0.276595733183	0.166666666667	0.0434782608696	0.826086956522	0.433962264151	0.0566037735849	775.0	-0.740740740741	45.0	0.0	0.002
Saccoglossus	GCA	A	L	0.0	0.589984317049	0.285714285714	0.0571428571429	0.857142857143	0.443037974684	0.0253164556962	1351.0	-0.943754565376	44.0	0.0	0.0