### Random Forest prediction
genome	codon	ori_aa	rea_aa	fitch	Fisher_pval	Gene_frac	N._rea	N._used	Cod._count	Sub._count	G._len	codon_lik	id	prediction	probability	clad_valid	trans_valid
candub	CTG	L	S	0.0	1.88661959914e-12	0.571428571429	0.555555555556	0.111111111111	0.0116883116883	0.00649350649351	6160.0	1.407960199	54.0	1.0	0.953	1	1
ogapa	TTG	L	S	0.0	0.594634827015	0.0588235294118	0.0049504950495	0.886138613861	0.268617021277	0.00132978723404	6151.0	-1.88139429606	22.0	0.0	0.0	0	0
canta	CTG	L	S	0.0	6.26706477123e-11	1.0	0.8	0.0	0.00679347826087	0.0054347826087	6108.0	1.89380530973	54.0	1.0	0.953	1	1
meygui	CTG	L	S	0.0	6.60638630032e-19	0.545454545455	0.533333333333	0.0	0.0203527815468	0.010854816825	5676.0	1.18343195266	54.0	1.0	0.956	1	1
clalu	CTG	L	S	0.0	7.84747493709e-21	0.583333333333	0.409090909091	0.0	0.0301783264746	0.0123456790123	5703.0	1.12857142857	54.0	1.0	0.986	1	1
pacta	CTT	L	S	0.0	0.375299857849	0.0625	0.0149253731343	0.89552238806	0.0975254730713	0.00291120815138	5806.0	-1.80632145259	53.0	0.0	0.0	0	0
pacta	TTA	L	S	0.0	0.375299857849	0.0588235294118	0.00277777777778	0.858333333333	0.524017467249	0.00291120815138	5806.0	-1.86685871743	20.0	0.0	0.0	0	0
canalb	CTG	L	S	0.0	1.94006174193e-12	0.5	0.5	0.1	0.013037809648	0.00651890482399	6161.0	1.36725663717	54.0	1.0	0.954	1	1
cangla	CTT	L	S	0.0	0.21401296286	0.0588235294118	0.0181818181818	0.790909090909	0.153417015342	0.00557880055788	6142.0	-1.77447698745	53.0	0.0	0.0	0	0
cangla	CTG	L	S	0.0	0.21401296286	0.0666666666667	0.00877192982456	0.885964912281	0.1589958159	0.00557880055788	6142.0	-1.83714511041	54.0	0.0	0.0	0	1
cangla	CTA	L	S	0.0	0.21401296286	0.0588235294118	0.00869565217391	0.930434782609	0.160390516039	0.00557880055788	6142.0	-1.8707643814	52.0	0.0	0.0	0	0
yarli	CTG	L	S	0.0	0.906372432308	0.0588235294118	0.00323624595469	0.864077669903	0.425619834711	0.00275482093664	6117.0	-1.86251105217	54.0	0.0	0.0	0	1
yarli	CTC	L	S	0.0	0.906372432308	0.0625	0.00632911392405	0.867088607595	0.217630853994	0.00275482093664	6117.0	-1.83102253033	55.0	0.0	0.0	0	0
picpa	CTT	L	S	0.0	0.469339591427	0.0625	0.00751879699248	0.857142857143	0.184722222222	0.00138888888889	5902.0	-1.84146763586	53.0	0.0	0.0	0	0
sacce	TTA	L	S	0.0	0.560921199663	0.0588235294118	0.00490196078431	0.921568627451	0.270198675497	0.00132450331126	6163.0	-1.87078651685	20.0	0.0	0.0	0	0
debha	CTG	L	S	0.0	5.79646796206e-09	0.5	0.5	0.125	0.0105401844532	0.00790513833992	6165.0	1.24858757062	54.0	1.0	0.954	1	1
debha	TTA	L	S	0.0	5.79646796206e-09	0.117647058824	0.00684931506849	0.955479452055	0.384716732543	0.00790513833992	6165.0	-1.84544460072	20.0	0.0	0.301	0	0
kazaf	CTT	L	S	0.0	0.881958221159	0.0588235294118	0.00869565217391	0.817391304348	0.153129161119	0.00399467376831	6137.0	-1.79164993978	53.0	0.0	0.0	0	0
kazaf	TTA	L	S	0.0	0.881958221159	0.0588235294118	0.00404858299595	0.910931174089	0.328894806924	0.00399467376831	6137.0	-1.87283768863	20.0	0.0	0.0	0	0
kazaf	TTG	L	S	0.0	0.881958221159	0.0588235294118	0.00561797752809	0.893258426966	0.237017310253	0.00399467376831	6137.0	-1.88828828829	22.0	0.0	0.0	0	0
wican	TTA	L	S	3.0	0.786585292171	0.0666666666667	0.00383141762452	0.934865900383	0.423701298701	0.00162337662338	5128.0	-1.86580756014	20.0	0.0	0.051	0	0
cantro	CTG	L	S	0.0	5.0022842526e-10	0.75	0.666666666667	0.166666666667	0.00952380952381	0.00634920634921	5377.0	1.5401459854	54.0	1.0	0.953	1	1
picme	CTG	L	S	0.0	0.12281469432	0.0666666666667	0.0185185185185	0.722222222222	0.0782608695652	0.00289855072464	6082.0	-1.7905803196	54.0	0.0	0.0	0	1
picme	TTA	L	S	0.0	0.12281469432	0.0714285714286	0.00847457627119	0.85593220339	0.171014492754	0.00289855072464	6082.0	-1.81011673152	20.0	0.0	0.0	0	0
lodelo	CTG	L	S	0.0	8.72138357309e-06	0.25	0.333333333333	0.166666666667	0.00925925925926	0.00308641975309	5494.0	0.567164179104	54.0	0.0	0.345	0	1

### Alignment improvement:
CTG	Ser	8.46e-05


### Prediction Prob. range for Positive :[ 0.953 - 0.986 ]

