### Random Forest prediction
genome	codon	ori_aa	rea_aa	fitch	Fisher pval	Gene frac	N. rea	N. used	Cod. count	Sub. count	G. len	codon_lik	id	prediction
Paracentrotus	CTA	L	A	0.0	0.549652572815	0.230769230769	0.031914893617	0.765957446809	0.344322344322	0.021978021978	1926.0	-0.857702619097	52.0	0.0
Paracentrotus	TTA	L	A	0.0	0.549652572815	0.25	0.0555555555556	0.722222222222	0.197802197802	0.021978021978	1926.0	-0.763053655023	20.0	0.0
Caenorhabditis	CTT	L	A	0.0	0.164739046113	0.2	0.0740740740741	0.407407407407	0.101503759398	0.0338345864662	1865.0	-0.535483870968	53.0	0.0
Caenorhabditis	CTA	L	A	0.0	0.164739046113	0.0909090909091	0.0454545454545	0.454545454545	0.0827067669173	0.0338345864662	1865.0	-0.625448028674	52.0	0.0
Caenorhabditis	TTA	L	A	0.0	0.164739046113	0.333333333333	0.0228571428571	0.6	0.657894736842	0.0338345864662	1865.0	-0.811860258122	20.0	0.0
Caenorhabditis	TTG	L	A	0.0	0.164739046113	0.166666666667	0.0512820512821	0.538461538462	0.146616541353	0.0338345864662	1865.0	-0.815277084373	22.0	0.0
Schistosoma	CTT	L	A	0.0	0.619791793121	0.1	0.04	0.48	0.100401606426	0.0642570281124	1800.0	-0.568672839506	53.0	0.0
Schistosoma	TTA	L	A	0.0	0.619791793121	0.416666666667	0.0915492957746	0.450704225352	0.570281124498	0.0642570281124	1800.0	-0.52825519043	20.0	0.0
Schistosoma	TTG	L	A	0.0	0.619791793121	0.0833333333333	0.0338983050847	0.525423728814	0.236947791165	0.0642570281124	1800.0	-0.72807303554	22.0	0.0
Fasciola	CTT	L	A	0.0	0.874514762542	0.2	0.0526315789474	0.421052631579	0.139194139194	0.047619047619	1825.0	-0.772912423625	53.0	0.0
Fasciola	TTA	L	A	0.0	0.874514762542	0.333333333333	0.0714285714286	0.535714285714	0.205128205128	0.047619047619	1825.0	-0.626597582038	20.0	0.0
Fasciola	TTG	L	A	0.0	0.874514762542	0.5	0.0424242424242	0.466666666667	0.604395604396	0.047619047619	1825.0	-0.764094782304	22.0	0.0
Dunaliella_salina	TTA	L	A	0.0	0.604316410151	0.142857142857	0.00609756097561	0.664634146341	0.780952380952	0.0047619047619	1392.0	-0.88200280112	20.0	0.0
Patiria	CTA	L	A	0.0	0.0790293788136	0.0769230769231	0.010752688172	0.763440860215	0.336956521739	0.0108695652174	1926.0	-0.946075369561	52.0	0.0
Patiria	TTG	L	A	0.0	0.0790293788136	0.25	0.0869565217391	0.739130434783	0.0833333333333	0.0108695652174	1926.0	-0.546160483175	22.0	0.0
Pseudendoclonium_akinetum	CTA	L	A	0.0	0.642201975499	0.0909090909091	0.0238095238095	0.833333333333	0.146341463415	0.01393728223	1930.0	-0.86216466235	52.0	0.0
Pseudendoclonium_akinetum	TTA	L	A	0.0	0.642201975499	0.0769230769231	0.0151515151515	0.848484848485	0.459930313589	0.01393728223	1930.0	-0.869797859691	20.0	0.0
Pseudendoclonium_akinetum	TTG	L	A	0.0	0.642201975499	0.0833333333333	0.030303030303	0.878787878788	0.114982578397	0.01393728223	1930.0	-0.869180907484	22.0	0.0
Lumbricus	CTG	L	A	0.0	0.25800273799	0.2	0.0909090909091	0.545454545455	0.041825095057	0.0152091254753	1920.0	-0.695501730104	54.0	0.0
Lumbricus	CTA	L	A	0.0	0.25800273799	0.0769230769231	0.021978021978	0.637362637363	0.346007604563	0.0152091254753	1920.0	-0.873980249034	52.0	0.0
Lumbricus	TTA	L	A	0.0	0.25800273799	0.0833333333333	0.0161290322581	0.612903225806	0.235741444867	0.0152091254753	1920.0	-0.850713842334	20.0	0.0
Halocynthia	CTA	L	A	0.0	0.313807275231	0.2	0.125	0.75	0.0313725490196	0.0274509803922	1893.0	-0.561151079137	52.0	0.0
Halocynthia	TTA	L	A	0.0	0.313807275231	0.333333333333	0.0384615384615	0.607692307692	0.509803921569	0.0274509803922	1893.0	-0.78123132098	20.0	0.0
Halocynthia	TTG	L	A	0.0	0.313807275231	0.0833333333333	0.0105263157895	0.610526315789	0.372549019608	0.0274509803922	1893.0	-0.878367346939	22.0	0.0
Limulus	CTA	L	A	0.0	0.666567513312	0.222222222222	0.046511627907	0.697674418605	0.166666666667	0.0271317829457	1919.0	-0.759284116331	52.0	0.0
Limulus	TTA	L	A	0.0	0.666567513312	0.25	0.0384615384615	0.692307692308	0.403100775194	0.0271317829457	1919.0	-0.792782738095	20.0	0.0
Limulus	TTG	L	A	0.0	0.666567513312	0.166666666667	0.0294117647059	0.735294117647	0.131782945736	0.0271317829457	1919.0	-0.788668555241	22.0	0.0
Bracteacoccus_aerius	CTG	L	A	0.0	0.545098860329	0.1	0.0243902439024	0.756097560976	0.140410958904	0.00684931506849	1789.0	-0.823863636364	54.0	0.0
Bracteacoccus_aerius	TTG	L	A	0.0	0.545098860329	0.0909090909091	0.00546448087432	0.704918032787	0.626712328767	0.00684931506849	1789.0	-0.90444187756	22.0	0.0
Polytoma_uvella	CTG	L	A	0.0	0.807970948194	0.142857142857	0.012987012987	0.675324675325	0.396907216495	0.00515463917526	1394.0	-0.869336670839	54.0	0.0
Axinella	TTG	L	A	0.0	0.0908236669377	0.0909090909091	0.0434782608696	0.782608695652	0.17037037037	0.00740740740741	1924.0	-0.809784900886	22.0	0.0
Terebratulina	CTT	L	A	0.0	0.871607193699	0.272727272727	0.0508474576271	0.64406779661	0.216911764706	0.0294117647059	1915.0	-0.81969895288	53.0	0.0
Terebratulina	CTA	L	A	0.0	0.871607193699	0.272727272727	0.029702970297	0.653465346535	0.371323529412	0.0294117647059	1915.0	-0.851421938479	52.0	0.0
Terebratulina	CTC	L	A	0.0	0.871607193699	0.0909090909091	0.0175438596491	0.649122807018	0.209558823529	0.0294117647059	1915.0	-0.881805651275	55.0	0.0
Terebratulina	TTA	L	A	0.0	0.871607193699	0.111111111111	0.0357142857143	0.678571428571	0.102941176471	0.0294117647059	1915.0	-0.928032899246	20.0	0.0
Bfloridae	CTT	L	A	2.0	0.0451320350383	0.285714285714	0.1	0.7	0.1	0.03	1192.0	-0.607954545455	53.0	0.0
Bfloridae	CTC	L	A	2.0	0.0451320350383	0.333333333333	0.2	0.4	0.025	0.03	1192.0	-0.101503759398	55.0	0.0
Bfloridae	TTA	L	A	2.0	0.0451320350383	0.1	0.0117647058824	0.694117647059	0.425	0.03	1192.0	-0.90059144677	20.0	0.0
Bfloridae	TTG	L	A	2.0	0.0451320350383	0.111111111111	0.0487804878049	0.780487804878	0.205	0.03	1192.0	-0.822718631179	22.0	0.0
Katharina	CTT	L	A	0.0	0.230529499155	0.111111111111	0.0294117647059	0.705882352941	0.131274131274	0.023166023166	1917.0	-0.815833801235	53.0	0.0
Katharina	CTC	L	A	0.0	0.230529499155	0.285714285714	0.1	0.65	0.0772200772201	0.023166023166	1917.0	-0.740704500978	55.0	0.0
Katharina	TTA	L	A	0.0	0.230529499155	0.153846153846	0.0223880597015	0.738805970149	0.517374517375	0.023166023166	1917.0	-0.855686617155	20.0	0.0
Geodia	TTA	L	A	0.0	0.506310819659	0.0769230769231	0.00591715976331	0.869822485207	0.614545454545	0.00727272727273	1925.0	-0.880721220527	20.0	0.0
Geodia	TTG	L	A	0.0	0.506310819659	0.0833333333333	0.0217391304348	0.804347826087	0.167272727273	0.00727272727273	1925.0	-0.915090374107	22.0	0.0
Metridium	TTA	L	A	0.0	0.573314067233	0.0833333333333	0.00641025641026	0.865384615385	0.555160142349	0.00711743772242	1928.0	-0.921026156942	20.0	0.0
Metridium	TTG	L	A	0.0	0.573314067233	0.0833333333333	0.0217391304348	0.826086956522	0.163701067616	0.00711743772242	1928.0	-0.816638370119	22.0	0.0
Acropora	TTA	L	A	0.0	0.9068549381	0.153846153846	0.0176991150442	0.840707964602	0.407942238267	0.0108303249097	1926.0	-0.839519079979	20.0	0.0
Acropora	TTG	L	A	0.0	0.9068549381	0.0833333333333	0.0112359550562	0.865168539326	0.321299638989	0.0108303249097	1926.0	-0.931314461268	22.0	0.0
Trichinella	CTT	L	A	0.0	0.593733219104	0.25	0.0967741935484	0.354838709677	0.11231884058	0.0615942028986	1883.0	-0.559569074778	53.0	0.0
Trichinella	CTA	L	A	0.0	0.593733219104	0.2	0.0470588235294	0.541176470588	0.307971014493	0.0615942028986	1883.0	-0.777371428571	52.0	0.0
Trichinella	CTC	L	A	0.0	0.593733219104	0.2	0.103448275862	0.551724137931	0.105072463768	0.0615942028986	1883.0	-0.687079407806	55.0	0.0
Trichinella	TTA	L	A	0.0	0.593733219104	0.363636363636	0.0617283950617	0.592592592593	0.29347826087	0.0615942028986	1883.0	-0.668178562903	20.0	0.0
Trichinella	TTG	L	A	0.0	0.593733219104	0.166666666667	0.0434782608696	0.565217391304	0.166666666667	0.0615942028986	1883.0	-0.615384615385	22.0	0.0
Bracteacoccus_minor	TTG	L	A	0.0	0.857491137637	0.181818181818	0.0133333333333	0.646666666667	0.559701492537	0.00746268656716	1686.0	-0.874967907574	22.0	0.0
Chromochloris_zofingiensis	TTA	L	A	0.0	0.179302015035	0.5	0.125	0.5	0.037037037037	0.0138888888889	1522.0	-0.723004694836	20.0	0.0
Chromochloris_zofingiensis	TTG	L	A	0.0	0.179302015035	0.181818181818	0.015625	0.71875	0.592592592593	0.0138888888889	1522.0	-0.870806133293	22.0	0.0
Balanoglossus	CTT	L	A	0.0	0.49385097041	0.166666666667	0.0285714285714	0.714285714286	0.233333333333	0.02	1926.0	-0.827547592385	53.0	0.0
Balanoglossus	CTG	L	A	0.0	0.49385097041	0.0909090909091	0.0384615384615	0.692307692308	0.0866666666667	0.02	1926.0	-0.863298662704	54.0	0.0
Balanoglossus	CTA	L	A	0.0	0.49385097041	0.0833333333333	0.0119047619048	0.702380952381	0.28	0.02	1926.0	-0.923221413477	52.0	0.0
Balanoglossus	CTC	L	A	0.0	0.49385097041	0.0909090909091	0.0121951219512	0.756097560976	0.273333333333	0.02	1926.0	-0.908858405022	55.0	0.0
Balanoglossus	TTG	L	A	0.0	0.49385097041	0.166666666667	0.0625	0.6875	0.0533333333333	0.02	1926.0	-0.76717112922	22.0	0.0
Drosophila	CTT	L	A	0.0	0.011990562208	0.285714285714	0.214285714286	0.571428571429	0.0514705882353	0.0257352941176	1919.0	-0.344307270233	53.0	0.0
Drosophila	TTA	L	A	0.0	0.011990562208	0.166666666667	0.0169491525424	0.707627118644	0.867647058824	0.0257352941176	1919.0	-0.854830759119	20.0	0.0
Myxine	CTT	L	A	0.0	0.860503233159	0.181818181818	0.0555555555556	0.777777777778	0.198529411765	0.0257352941176	1919.0	-0.781205164993	53.0	0.0
Myxine	CTA	L	A	0.0	0.860503233159	0.0909090909091	0.0149253731343	0.686567164179	0.246323529412	0.0257352941176	1919.0	-0.882048331415	52.0	0.0
Myxine	CTC	L	A	0.0	0.860503233159	0.0909090909091	0.0227272727273	0.681818181818	0.161764705882	0.0257352941176	1919.0	-0.903587443946	55.0	0.0
Myxine	TTA	L	A	0.0	0.860503233159	0.166666666667	0.0235294117647	0.6	0.3125	0.0257352941176	1919.0	-0.863511029412	20.0	0.0
Ciona	CTT	L	A	0.0	0.532062387896	0.0833333333333	0.03125	0.5	0.123076923077	0.0192307692308	1891.0	-0.824954572986	53.0	0.0
Ciona	CTA	L	A	0.0	0.532062387896	0.1	0.0285714285714	0.542857142857	0.134615384615	0.0192307692308	1891.0	-0.762626262626	52.0	0.0
Ciona	TTA	L	A	0.0	0.532062387896	0.230769230769	0.0196078431373	0.673202614379	0.588461538462	0.0192307692308	1891.0	-0.84873199949	20.0	0.0
Epigonichthys	CTC	L	A	0.0	0.533671562561	0.142857142857	0.0625	0.5625	0.0573476702509	0.0215053763441	1918.0	-0.458133971292	55.0	0.0
Epigonichthys	TTA	L	A	0.0	0.533671562561	0.230769230769	0.025	0.725	0.430107526882	0.0215053763441	1918.0	-0.888117533097	20.0	0.0
Epigonichthys	TTG	L	A	0.0	0.533671562561	0.222222222222	0.0392156862745	0.78431372549	0.182795698925	0.0215053763441	1918.0	-0.806800618238	22.0	0.0
Daphnia	CTT	L	A	0.0	0.968285524091	0.0909090909091	0.0151515151515	0.69696969697	0.23487544484	0.0213523131673	1916.0	-0.814891112419	53.0	0.0
Daphnia	CTA	L	A	0.0	0.968285524091	0.0833333333333	0.0204081632653	0.69387755102	0.174377224199	0.0213523131673	1916.0	-0.853977047883	52.0	0.0
Daphnia	CTC	L	A	0.0	0.968285524091	0.1	0.027027027027	0.621621621622	0.131672597865	0.0213523131673	1916.0	-0.907772020725	55.0	0.0
Daphnia	TTA	L	A	0.0	0.968285524091	0.166666666667	0.0224719101124	0.662921348315	0.316725978648	0.0213523131673	1916.0	-0.792786885246	20.0	0.0
Daphnia	TTG	L	A	0.0	0.968285524091	0.1	0.0384615384615	0.730769230769	0.0925266903915	0.0213523131673	1916.0	-0.821481481481	22.0	0.0
Homo	CTT	L	A	0.0	0.961738527178	0.125	0.04	0.76	0.0909090909091	0.0254545454545	1920.0	-0.861908456168	53.0	0.0
Homo	CTA	L	A	0.0	0.961738527178	0.25	0.03125	0.6875	0.465454545455	0.0254545454545	1920.0	-0.85631394106	52.0	0.0
Homo	CTC	L	A	0.0	0.961738527178	0.111111111111	0.015873015873	0.698412698413	0.229090909091	0.0254545454545	1920.0	-0.910502283105	55.0	0.0
Homo	TTA	L	A	0.0	0.961738527178	0.1	0.03125	0.75	0.116363636364	0.0254545454545	1920.0	-0.794261294261	20.0	0.0
Blanceolatum	CTT	L	A	2.0	0.0743375462174	0.285714285714	0.125	0.5625	0.0776699029126	0.0291262135922	1187.0	-0.571761960327	53.0	0.0
Blanceolatum	TTA	L	A	2.0	0.0743375462174	0.1	0.0121951219512	0.743902439024	0.398058252427	0.0291262135922	1187.0	-0.916606757728	20.0	0.0
Blanceolatum	TTG	L	A	2.0	0.0743375462174	0.25	0.0625	0.604166666667	0.233009708738	0.0291262135922	1187.0	-0.7249500998	22.0	0.0
Saccoglossus	CTT	L	A	0.0	0.781378835591	0.0909090909091	0.0106382978723	0.723404255319	0.321917808219	0.0205479452055	1924.0	-0.932947019868	53.0	0.0
Saccoglossus	CTA	L	A	0.0	0.781378835591	0.0769230769231	0.0185185185185	0.796296296296	0.184931506849	0.0205479452055	1924.0	-0.864805290228	52.0	0.0
Saccoglossus	CTC	L	A	0.0	0.781378835591	0.1	0.025	0.7	0.13698630137	0.0205479452055	1924.0	-0.875494071146	55.0	0.0
Saccoglossus	TTA	L	A	0.0	0.781378835591	0.25	0.0365853658537	0.69512195122	0.280821917808	0.0205479452055	1924.0	-0.852961672474	20.0	0.0

### Alignment improvement:
