### Random Forest prediction
genome	codon	ori_aa	rea_aa	fitch	Fisher_pval	Gene_frac	N._rea	N._used	Cod._count	Sub._count	G._len	codon_lik	id	prediction	probability
LmeyeA	GGT	G	A	2.0	0.770557175286	0.285714285714	0.0266666666667	0.96	0.675675675676	0.018018018018	1429.0	0.118844636722	41.0	0.0	0.0
SpombA	GGT	G	A	0.0	0.527082955949	0.428571428571	0.0689655172414	0.770114942529	0.737288135593	0.0593220338983	1424.0	0.277674163467	41.0	0.0	0.0
SpombA	GGA	G	A	0.0	0.527082955949	0.166666666667	0.0322580645161	0.838709677419	0.262711864407	0.0593220338983	1424.0	0.134213759214	40.0	0.0	0.0
WmucoA	GGT	G	A	0.0	0.811455043263	0.181818181818	0.0222222222222	0.944444444444	0.502793296089	0.0167597765363	2246.0	0.19982316534	41.0	0.0	0.0
WmucoA	GGA	G	A	0.0	0.811455043263	0.0833333333333	0.0113636363636	0.943181818182	0.491620111732	0.0167597765363	2246.0	0.0847638214751	40.0	0.0	0.0
AacerA	GGT	G	A	0.0	0.541666666667	0.5	0.0227272727273	0.977272727273	0.916666666667	0.0208333333333	630.0	0.129532592748	41.0	0.0	0.067
CgallA	GGT	G	A	0.0	0.500457931214	0.166666666667	0.0178571428571	0.928571428571	0.612021857923	0.0218579234973	2247.0	0.123940786115	41.0	0.0	0.0
CgallA	GGA	G	A	0.0	0.500457931214	0.0769230769231	0.0294117647059	0.897058823529	0.371584699454	0.0218579234973	2247.0	0.143263899296	40.0	0.0	0.0
CgigaA	GGT	G	A	0.0	0.369033925022	0.0833333333333	0.0285714285714	0.928571428571	0.419161676647	0.0299401197605	2002.0	0.122907555422	41.0	0.0	0.0
CgigaA	GGG	G	A	0.0	0.369033925022	0.111111111111	0.025641025641	0.948717948718	0.233532934132	0.0299401197605	2002.0	0.197038724374	42.0	0.0	0.0
CgigaA	GGA	G	A	0.0	0.369033925022	0.1	0.0204081632653	0.979591836735	0.293413173653	0.0299401197605	2002.0	0.0975916230366	40.0	0.0	0.0
CgigaA	GGC	G	A	0.0	0.369033925022	0.25	0.111111111111	0.777777777778	0.0538922155689	0.0299401197605	2002.0	0.388059701493	43.0	0.0	0.0
CsantA	GGT	G	A	0.0	0.0300030381339	0.230769230769	0.0280373831776	0.869158878505	0.607954545455	0.0454545454545	2220.0	0.109150594994	41.0	0.0	0.0
CsantA	GGA	G	A	0.0	0.0300030381339	0.181818181818	0.0571428571429	0.914285714286	0.198863636364	0.0454545454545	2220.0	0.301141622956	40.0	0.0	0.0
CsantA	GGC	G	A	0.0	0.0300030381339	0.285714285714	0.214285714286	0.714285714286	0.0795454545455	0.0454545454545	2220.0	0.700969425802	43.0	0.0	0.002
CtropB	GGT	G	A	0.0	0.19663307957	0.25	0.0423728813559	0.949152542373	0.60824742268	0.0309278350515	2250.0	0.195278772848	41.0	0.0	0.0
CtropB	GGG	G	A	0.0	0.19663307957	0.125	0.0555555555556	0.833333333333	0.0927835051546	0.0309278350515	2250.0	0.112115732369	42.0	0.0	0.0
CtropA	GGT	G	A	0.0	0.206157076431	0.25	0.042735042735	0.948717948718	0.603092783505	0.0309278350515	2250.0	0.205860602699	41.0	0.0	0.0
CtropA	GGG	G	A	0.0	0.206157076431	0.125	0.0526315789474	0.842105263158	0.0979381443299	0.0309278350515	2250.0	0.0763143018655	42.0	0.0	0.0
WpijpA	GGT	G	A	0.0	0.147043819186	0.333333333333	0.0625	0.90625	0.283185840708	0.0176991150442	1429.0	0.374262101535	41.0	0.0	0.0
BarxA	GGT	G	A	0.0	0.751686909582	1.0	0.0434782608696	0.95652173913	0.560975609756	0.0487804878049	434.0	0.281757024139	41.0	0.0	0.036
BarxA	GGA	G	A	0.0	0.751686909582	1.0	0.0588235294118	0.882352941176	0.414634146341	0.0487804878049	434.0	0.189304812834	40.0	0.0	0.036
CoxycA	GGT	G	A	0.0	0.363414585306	1.0	0.0322580645161	0.903225806452	0.720930232558	0.046511627907	434.0	0.230340375587	41.0	0.0	0.036
CoxycA	GGA	G	A	0.0	0.363414585306	1.0	0.125	0.875	0.186046511628	0.046511627907	434.0	0.423208191126	40.0	0.0	0.045
CsubhA	GGT	G	A	3.0	0.903157229414	0.1	0.0526315789474	0.947368421053	0.20320855615	0.0320855614973	2244.0	0.21420518602	41.0	0.0	0.056
CsubhA	GGG	G	A	3.0	0.903157229414	0.2	0.0363636363636	0.963636363636	0.294117647059	0.0320855614973	2244.0	0.173349784084	42.0	0.0	0.052
CsubhA	GGA	G	A	3.0	0.903157229414	0.0833333333333	0.0277777777778	0.944444444444	0.385026737968	0.0320855614973	2244.0	0.117462686567	40.0	0.0	0.051
CsubhB	GGT	G	A	3.0	0.903157229414	0.1	0.0526315789474	0.947368421053	0.20320855615	0.0320855614973	2244.0	0.21420518602	41.0	0.0	0.056
CsubhB	GGG	G	A	3.0	0.903157229414	0.2	0.0363636363636	0.963636363636	0.294117647059	0.0320855614973	2244.0	0.173349784084	42.0	0.0	0.052
CsubhB	GGA	G	A	3.0	0.903157229414	0.0833333333333	0.0277777777778	0.944444444444	0.385026737968	0.0320855614973	2244.0	0.117462686567	40.0	0.0	0.051
OanguA	GGT	G	A	1.0	0.612776802737	0.25	0.031914893617	0.914893617021	0.543352601156	0.0231213872832	2248.0	0.171709894332	41.0	0.0	0.0
OanguA	GGA	G	A	1.0	0.612776802737	0.0769230769231	0.0149253731343	0.940298507463	0.387283236994	0.0231213872832	2248.0	0.0624803767661	40.0	0.0	0.0
SarboA	GGT	G	A	0.0	0.797892318022	0.428571428571	0.0384615384615	0.961538461538	0.690265486726	0.0353982300885	1429.0	0.166543665437	41.0	0.0	0.0
SarboA	GGA	G	A	0.0	0.797892318022	0.166666666667	0.0294117647059	0.941176470588	0.300884955752	0.0353982300885	1429.0	0.197167453485	40.0	0.0	0.0
CalaiA	GGT	G	A	2.0	0.105209679022	0.0909090909091	0.0153846153846	0.953846153846	0.760233918129	0.0292397660819	2056.0	0.0995945261024	41.0	0.0	0.0
CalaiA	GGA	G	A	2.0	0.105209679022	0.181818181818	0.0769230769231	0.923076923077	0.228070175439	0.0292397660819	2056.0	0.264821029083	40.0	0.0	0.0
KtherA	GGT	G	A	5.0	0.766649596635	0.166666666667	0.0147058823529	0.970588235294	0.612612612613	0.018018018018	1429.0	0.104316041052	41.0	0.0	0.051
KtherA	GGA	G	A	5.0	0.766649596635	0.142857142857	0.0238095238095	0.952380952381	0.378378378378	0.018018018018	1429.0	0.0918992511913	40.0	0.0	0.051
CblacA	GGT	G	A	0.0	0.576813655761	1.0	0.0540540540541	0.891891891892	0.90243902439	0.0487804878049	434.0	0.236479842675	41.0	0.0	0.036
CnorvA	GGT	G	A	0.0	0.182529702747	0.333333333333	0.0420168067227	0.899159663866	0.657458563536	0.0276243093923	2249.0	0.227387286474	41.0	0.0	0.0
CviswA	GGT	G	A	0.0	0.696707057605	0.166666666667	0.0442477876106	0.938053097345	0.591623036649	0.0366492146597	2249.0	0.219146032365	41.0	0.0	0.0
CviswA	GGA	G	A	0.0	0.696707057605	0.166666666667	0.0289855072464	0.95652173913	0.361256544503	0.0366492146597	2249.0	0.116979959609	40.0	0.0	0.0
MstarA	GGT	G	A	0.0	0.867081193493	0.384615384615	0.0483870967742	0.927419354839	0.673913043478	0.0489130434783	2249.0	0.21867077146	41.0	0.0	0.0
MstarA	GGA	G	A	0.0	0.867081193493	0.3	0.0508474576271	0.932203389831	0.320652173913	0.0489130434783	2249.0	0.254322268326	40.0	0.0	0.0
NbaciA	GGT	G	A	0.0	0.777044889073	0.333333333333	0.025641025641	0.935897435897	0.709090909091	0.0272727272727	1428.0	0.178449119374	41.0	0.0	0.0
NbaciA	GGA	G	A	0.0	0.777044889073	0.166666666667	0.03125	0.9375	0.290909090909	0.0272727272727	1428.0	0.0975828111012	40.0	0.0	0.0
CtetrA	GGT	G	A	0.0	0.920236941597	0.25	0.0544217687075	0.931972789116	0.761658031088	0.0466321243523	2249.0	0.238934089722	41.0	0.0	0.0
CtetrA	GGA	G	A	0.0	0.920236941597	0.125	0.0333333333333	0.9	0.155440414508	0.0466321243523	2249.0	0.0968498659517	40.0	0.0	0.0
CbohiA	GGT	G	A	3.0	0.215859402589	0.166666666667	0.0140845070423	0.957746478873	0.755319148936	0.0212765957447	2250.0	0.129446334674	41.0	0.0	0.055
CbohiA	GGA	G	A	3.0	0.215859402589	0.111111111111	0.0487804878049	0.90243902439	0.218085106383	0.0212765957447	2250.0	0.166233090531	40.0	0.0	0.06
LstarA	GGT	G	A	0.0	0.188495581101	0.625	0.0625	0.84375	0.596273291925	0.0372670807453	1834.0	0.245268138801	41.0	0.0	0.0
MfariA	GGG	G	A	0.0	0.00271794775481	0.2	0.0833333333333	0.916666666667	0.0628272251309	0.0418848167539	2248.0	0.271442986882	42.0	0.0	0.0
MfariA	GGA	G	A	0.0	0.00271794775481	0.166666666667	0.0921052631579	0.894736842105	0.397905759162	0.0418848167539	2248.0	0.342033946655	40.0	0.0	0.0
MfariB	GGT	G	A	0.0	0.857486372118	0.181818181818	0.030303030303	0.939393939394	0.52380952381	0.031746031746	2250.0	0.160641662901	41.0	0.0	0.0
MfariB	GGA	G	A	0.0	0.857486372118	0.0769230769231	0.0344827586207	0.954022988506	0.460317460317	0.031746031746	2250.0	0.137772397094	40.0	0.0	0.0
CcastA	GGT	G	A	0.0	0.346676007924	0.285714285714	0.0307692307692	0.969230769231	0.601851851852	0.0185185185185	1428.0	0.222140654823	41.0	0.0	0.0
LanspB	GGT	G	A	2.0	0.408001971955	0.142857142857	0.0142857142857	0.971428571429	0.630630630631	0.018018018018	1429.0	0.0983092446141	41.0	0.0	0.0
LanspB	GGA	G	A	2.0	0.408001971955	0.166666666667	0.0294117647059	0.941176470588	0.306306306306	0.018018018018	1429.0	0.10989010989	40.0	0.0	0.0
CphanA	GGT	G	A	0.0	0.821637119211	0.25	0.0263157894737	0.894736842105	0.622950819672	0.0218579234973	2247.0	0.131409302787	41.0	0.0	0.0
CphanA	GGA	G	A	0.0	0.821637119211	0.0769230769231	0.0144927536232	0.95652173913	0.377049180328	0.0218579234973	2247.0	0.13445754365	40.0	0.0	0.0
LanspA	GGA	G	A	4.0	0.0688922693318	0.333333333333	0.0555555555556	0.916666666667	0.321428571429	0.0178571428571	1429.0	0.176205617382	40.0	0.0	0.055
CsojaA	GGT	G	A	0.0	0.817427039865	0.25	0.0412371134021	0.948453608247	0.723880597015	0.0373134328358	1498.0	0.186769518467	41.0	0.0	0.0
CsojaA	GGA	G	A	0.0	0.817427039865	0.142857142857	0.0285714285714	0.942857142857	0.261194029851	0.0373134328358	1498.0	0.152656158786	40.0	0.0	0.0
CglabA	GGT	G	A	0.0	0.816750309521	0.428571428571	0.0434782608696	0.927536231884	0.621621621622	0.036036036036	1413.0	0.220519193593	41.0	0.0	0.0
CglabA	GGA	G	A	0.0	0.816750309521	0.166666666667	0.0238095238095	0.952380952381	0.378378378378	0.036036036036	1413.0	0.143798273512	40.0	0.0	0.0
ScryoA	GGT	G	A	0.0	0.1964303252	0.166666666667	0.0277777777778	0.847222222222	0.615384615385	0.0598290598291	1424.0	0.191838897721	41.0	0.0	0.0
ScryoA	GGA	G	A	0.0	0.1964303252	0.428571428571	0.125	0.725	0.34188034188	0.0598290598291	1424.0	0.438960419647	40.0	0.0	0.0
CneerA	GGT	G	A	0.0	0.356146058513	0.230769230769	0.048951048951	0.93006993007	0.729591836735	0.0357142857143	2249.0	0.23488267148	41.0	0.0	0.0
CsakeA	GGT	G	A	0.0	0.204556436303	0.166666666667	0.0245901639344	0.94262295082	0.648936170213	0.0425531914894	2207.0	0.1565374211	41.0	0.0	0.0
CsakeA	GGA	G	A	0.0	0.204556436303	0.181818181818	0.0793650793651	0.920634920635	0.335106382979	0.0425531914894	2207.0	0.318092105263	40.0	0.0	0.0
HuvarA	GGT	G	A	0.0	0.497721268208	0.333333333333	0.04	0.853333333333	0.694444444444	0.0462962962963	1361.0	0.232475598935	41.0	0.0	0.0
HuvarA	GGA	G	A	0.0	0.497721268208	0.333333333333	0.0625	0.78125	0.296296296296	0.0462962962963	1361.0	0.194186394966	40.0	0.0	0.0
CjiufA	GGT	G	A	2.0	0.453516456819	0.153846153846	0.025	0.966666666667	0.641711229947	0.0160427807487	2231.0	0.131770114943	41.0	0.0	0.0
KlactA	GGT	G	A	0.0	0.767567487319	0.142857142857	0.0149253731343	0.970149253731	0.598214285714	0.0178571428571	1408.0	0.140533599658	41.0	0.0	0.0
KlactA	GGA	G	A	0.0	0.767567487319	0.166666666667	0.0232558139535	0.976744186047	0.383928571429	0.0178571428571	1408.0	0.151595744681	40.0	0.0	0.0
CzempA	GGT	G	A	0.0	0.125602640862	0.714285714286	0.0909090909091	0.831168831169	0.6875	0.0625	1428.0	0.450236377208	41.0	0.0	0.0
CmetaB	GGT	G	A	0.0	0.65760857744	0.0769230769231	0.00793650793651	0.992063492063	0.673796791444	0.00534759358289	2250.0	0.103312647496	41.0	0.0	0.0
CmetaC	GGT	G	A	0.0	0.654891185198	0.0769230769231	0.00787401574803	0.992125984252	0.679144385027	0.00534759358289	2250.0	0.102328802701	41.0	0.0	0.0
CmetaA	GGT	G	A	0.0	0.654891185198	0.0769230769231	0.00787401574803	0.992125984252	0.679144385027	0.00534759358289	2250.0	0.102328802701	41.0	0.0	0.0
CmetaF	GGT	G	A	0.0	0.654891185198	0.0769230769231	0.00787401574803	0.992125984252	0.679144385027	0.00534759358289	2250.0	0.102328802701	41.0	0.0	0.0
CfrijA	GGT	G	A	0.0	0.617522025222	0.230769230769	0.0402684563758	0.946308724832	0.764102564103	0.0410256410256	2249.0	0.207430795213	41.0	0.0	0.0
CfrijA	GGA	G	A	0.0	0.617522025222	0.181818181818	0.0487804878049	0.926829268293	0.210256410256	0.0410256410256	2249.0	0.174897119342	40.0	0.0	0.0
CmetaD	GGT	G	A	0.0	0.654891185198	0.0769230769231	0.00787401574803	0.992125984252	0.679144385027	0.00534759358289	2250.0	0.102328802701	41.0	0.0	0.0
CmetaE	GGT	G	A	0.0	0.654891185198	0.0769230769231	0.00787401574803	0.992125984252	0.679144385027	0.00534759358289	2250.0	0.102328802701	41.0	0.0	0.0
PpastA	GGT	G	A	0.0	0.832188845245	0.153846153846	0.0238095238095	0.928571428571	0.466666666667	0.0222222222222	2248.0	0.120562625586	41.0	0.0	0.0
PpastA	GGA	G	A	0.0	0.832188845245	0.181818181818	0.021978021978	0.945054945055	0.505555555556	0.0222222222222	2248.0	0.179333410218	40.0	0.0	0.0
SjapoA	GGT	G	A	0.0	0.842784880043	0.571428571429	0.0609756097561	0.853658536585	0.780952380952	0.047619047619	1423.0	0.284550005821	41.0	0.0	0.0
CalbiE	GGT	G	A	0.0	0.488668495258	0.333333333333	0.0533333333333	0.933333333333	0.707547169811	0.0377358490566	1183.0	0.208870551831	41.0	0.0	0.0
CalbiD	GGT	G	A	1.0	0.5037340329	0.181818181818	0.030303030303	0.962121212121	0.745762711864	0.0225988700565	2058.0	0.162518666003	41.0	0.0	0.0
CalbiC	GGT	G	A	0.0	0.509295280337	0.166666666667	0.029197080292	0.963503649635	0.713541666667	0.0208333333333	2250.0	0.133471205854	41.0	0.0	0.0
CalbiB	GGT	G	A	0.0	0.509295280337	0.166666666667	0.029197080292	0.963503649635	0.713541666667	0.0208333333333	2250.0	0.133471205854	41.0	0.0	0.0
CalbiA	GGT	G	A	1.0	0.503760115334	0.181818181818	0.031007751938	0.961240310078	0.728813559322	0.0225988700565	2058.0	0.153839619436	41.0	0.0	0.0
MmagnB	GGT	G	A	0.0	0.846758111801	0.181818181818	0.0606060606061	0.878787878788	0.176470588235	0.048128342246	2249.0	0.271323035594	41.0	0.0	0.0
MmagnB	GGG	G	A	0.0	0.846758111801	0.181818181818	0.0444444444444	0.955555555556	0.24064171123	0.048128342246	2249.0	0.274387063119	42.0	0.0	0.0
MmagnB	GGA	G	A	0.0	0.846758111801	0.384615384615	0.045871559633	0.926605504587	0.582887700535	0.048128342246	2249.0	0.209061926384	40.0	0.0	0.0
MmagnA	GGT	G	A	0.0	0.530615778404	0.181818181818	0.0571428571429	0.885714285714	0.187165775401	0.048128342246	2249.0	0.311371555274	41.0	0.0	0.0
MmagnA	GGG	G	A	0.0	0.530615778404	0.272727272727	0.0714285714286	0.928571428571	0.224598930481	0.048128342246	2249.0	0.262133182844	42.0	0.0	0.0
MmagnA	GGA	G	A	0.0	0.530615778404	0.307692307692	0.0363636363636	0.936363636364	0.588235294118	0.048128342246	2249.0	0.20187344676	40.0	0.0	0.0
CparaA	GGT	G	A	0.0	0.609588906305	0.0909090909091	0.00877192982456	0.991228070175	0.780821917808	0.00684931506849	1816.0	0.0622809652548	41.0	0.0	0.0
CcoryA	GGT	G	A	4.0	0.851350347904	0.166666666667	0.036231884058	0.949275362319	0.730158730159	0.031746031746	2250.0	0.16756585211	41.0	0.0	0.051
CcoryA	GGA	G	A	4.0	0.851350347904	0.0909090909091	0.0227272727273	0.909090909091	0.232804232804	0.031746031746	2250.0	0.192973896072	40.0	0.0	0.056
CparaC	GGT	G	A	0.0	0.783314621371	0.166666666667	0.020979020979	0.965034965035	0.756613756614	0.015873015873	2250.0	0.121584699454	41.0	0.0	0.0
CparaB	GGT	G	A	0.0	0.77976240205	0.166666666667	0.020979020979	0.965034965035	0.760638297872	0.0159574468085	2250.0	0.122856275611	41.0	0.0	0.0
CparaE	GGT	G	A	0.0	0.783314621371	0.166666666667	0.020979020979	0.965034965035	0.756613756614	0.015873015873	2250.0	0.121584699454	41.0	0.0	0.0
CparaD	GGT	G	A	0.0	0.77976240205	0.166666666667	0.020979020979	0.965034965035	0.760638297872	0.0159574468085	2250.0	0.122856275611	41.0	0.0	0.0
CparaF	GGT	G	A	0.0	0.783314621371	0.166666666667	0.020979020979	0.965034965035	0.756613756614	0.015873015873	2250.0	0.121584699454	41.0	0.0	0.0
MtetrA	GGG	G	A	0.0	0.541135429547	0.25	0.047619047619	0.936507936508	0.342391304348	0.0489130434783	2248.0	0.218076923077	42.0	0.0	0.0
MtetrA	GGA	G	A	0.0	0.541135429547	0.307692307692	0.0645161290323	0.89247311828	0.505434782609	0.0489130434783	2248.0	0.27578525284	40.0	0.0	0.0
CsaraA	GGT	G	A	0.0	0.610605740048	0.181818181818	0.0505050505051	0.929292929293	0.512953367876	0.0362694300518	2249.0	0.202816901408	41.0	0.0	0.0
CsaraA	GGA	G	A	0.0	0.610605740048	0.153846153846	0.025	0.9625	0.414507772021	0.0362694300518	2249.0	0.20143693454	40.0	0.0	0.0
CsuavA	GGT	G	A	0.0	0.856338713693	0.181818181818	0.0266666666667	0.946666666667	0.423728813559	0.0282485875706	2250.0	0.184521206821	41.0	0.0	0.0
CsuavA	GGA	G	A	0.0	0.856338713693	0.166666666667	0.03125	0.927083333333	0.542372881356	0.0282485875706	2250.0	0.139656544979	40.0	0.0	0.0
PkluyA	GGT	G	A	0.0	0.647880484681	0.1	0.025641025641	0.948717948718	0.207446808511	0.0425531914894	2247.0	0.201340482574	41.0	0.0	0.0
PkluyA	GGA	G	A	0.0	0.647880484681	0.461538461538	0.048951048951	0.874125874126	0.760638297872	0.0425531914894	2247.0	0.20133302689	40.0	0.0	0.0
PcanaA	GGT	G	A	0.0	0.191216962436	0.230769230769	0.0392156862745	0.921568627451	0.576271186441	0.0225988700565	2250.0	0.192700068012	41.0	0.0	0.0
YlipoB	GGT	G	A	0.0	0.479354828672	0.153846153846	0.0168067226891	0.924369747899	0.646739130435	0.0217391304348	2247.0	0.127077129959	41.0	0.0	0.0
YlipoB	GGA	G	A	0.0	0.479354828672	0.0833333333333	0.031746031746	0.904761904762	0.342391304348	0.0217391304348	2247.0	0.132866018799	40.0	0.0	0.0
YlipoA	GGT	G	A	0.0	0.783684855837	0.153846153846	0.0168067226891	0.924369747899	0.650273224044	0.016393442623	2247.0	0.127077129959	41.0	0.0	0.0
YlipoA	GGA	G	A	0.0	0.783684855837	0.0833333333333	0.0161290322581	0.91935483871	0.338797814208	0.016393442623	2247.0	0.0959948110913	40.0	0.0	0.0
CjadiA	GGT	G	A	0.0	0.297052516737	0.25	0.0434782608696	0.942028985507	0.392045454545	0.0284090909091	2250.0	0.164520283323	41.0	0.0	0.0
CjadiA	GGA	G	A	0.0	0.297052516737	0.153846153846	0.0188679245283	0.933962264151	0.602272727273	0.0284090909091	2250.0	0.140436326738	40.0	0.0	0.0
AgossB	GGT	G	A	0.0	0.693896248794	0.714285714286	0.05	0.94	0.909090909091	0.0454545454545	1427.0	0.212399540758	41.0	0.0	0.0
NdelpA	GGT	G	A	0.0	0.787064793589	0.5	0.037037037037	0.925925925926	0.723214285714	0.0357142857143	1412.0	0.195168166746	41.0	0.0	0.0
NdelpA	GGA	G	A	0.0	0.787064793589	0.142857142857	0.0322580645161	0.935483870968	0.276785714286	0.0357142857143	1412.0	0.232727272727	40.0	0.0	0.0
LelonA	GGT	G	A	1.0	0.133741853298	0.0769230769231	0.00769230769231	0.984615384615	0.695187165775	0.0160427807487	2249.0	0.0895737816268	41.0	0.0	0.0
LelonA	GGA	G	A	1.0	0.133741853298	0.181818181818	0.0357142857143	0.946428571429	0.299465240642	0.0160427807487	2249.0	0.16120576671	40.0	0.0	0.0
CpseuA	GGT	G	A	2.0	0.480487746774	1.0	0.08	0.88	0.555555555556	0.0444444444444	434.0	0.276100400146	41.0	0.0	0.047
CalimA	GGT	G	A	0.0	0.125313519492	0.0833333333333	0.00884955752212	0.938053097345	0.614130434783	0.0217391304348	2247.0	0.0849405416209	41.0	0.0	0.0
CalimA	GGA	G	A	0.0	0.125313519492	0.166666666667	0.0434782608696	0.884057971014	0.375	0.0217391304348	2247.0	0.177192457348	40.0	0.0	0.0
CchauA	GGT	G	A	4.0	0.877607947404	0.181818181818	0.0366972477064	0.935779816514	0.57671957672	0.037037037037	2250.0	0.206581719675	41.0	0.0	0.051
CchauA	GGA	G	A	4.0	0.877607947404	0.181818181818	0.04	0.933333333333	0.396825396825	0.037037037037	2250.0	0.191263112516	40.0	0.0	0.051
BcaliA	GGT	G	A	0.0	0.843090138717	0.166666666667	0.0235294117647	0.929411764706	0.467032967033	0.0274725274725	2250.0	0.16018274955	41.0	0.0	0.0
BcaliA	GGA	G	A	0.0	0.843090138717	0.230769230769	0.0315789473684	0.926315789474	0.521978021978	0.0274725274725	2250.0	0.195418369542	40.0	0.0	0.0
SoctoA	GGT	G	A	0.0	0.711040264068	0.428571428571	0.0571428571429	0.842857142857	0.598290598291	0.0598290598291	1425.0	0.314281816942	41.0	0.0	0.0
SoctoA	GGA	G	A	0.0	0.711040264068	0.333333333333	0.075	0.75	0.34188034188	0.0598290598291	1425.0	0.231171299596	40.0	0.0	0.0
CvartA	GGT	G	A	0.0	0.838078589754	0.166666666667	0.0253164556962	0.924050632911	0.446327683616	0.0282485875706	2250.0	0.187894434882	41.0	0.0	0.0
CvartA	GGA	G	A	0.0	0.838078589754	0.153846153846	0.03125	0.947916666667	0.542372881356	0.0282485875706	2250.0	0.151458447991	40.0	0.0	0.0
CbuenA	GGT	G	A	0.0	0.883304394165	0.230769230769	0.036231884058	0.934782608696	0.707692307692	0.0358974358974	2248.0	0.1811461728	41.0	0.0	0.0
CbuenA	GGA	G	A	0.0	0.883304394165	0.1	0.0408163265306	0.877551020408	0.251282051282	0.0358974358974	2248.0	0.144891640867	40.0	0.0	0.0
CdefoA	GGT	G	A	0.0	0.802894308793	0.230769230769	0.024	0.92	0.68306010929	0.0218579234973	2247.0	0.146783997097	41.0	0.0	0.0
CdefoA	GGA	G	A	0.0	0.802894308793	0.0909090909091	0.0178571428571	0.910714285714	0.306010928962	0.0218579234973	2247.0	0.107551896922	40.0	0.0	0.0
LdasiA	GGT	G	A	0.0	0.787988850305	0.142857142857	0.0140845070423	0.971830985915	0.645454545455	0.0181818181818	1429.0	0.104646464646	41.0	0.0	0.0
LdasiA	GGA	G	A	0.0	0.787988850305	0.166666666667	0.0277777777778	0.944444444444	0.327272727273	0.0181818181818	1429.0	0.11455026455	40.0	0.0	0.0
LkluyF	GGA	G	A	7.0	0.16055040962	0.166666666667	0.0322580645161	0.967741935484	0.279279279279	0.00900900900901	1429.0	0.136559802713	40.0	0.0	0.056
LkluyE	GGA	G	A	1.0	0.155963252073	0.166666666667	0.03125	0.96875	0.288288288288	0.00900900900901	1429.0	0.131240657698	40.0	0.0	0.0
LkluyD	GGA	G	A	0.0	0.16055040962	0.166666666667	0.0322580645161	0.967741935484	0.279279279279	0.00900900900901	1429.0	0.147277227723	40.0	0.0	0.0
LkluyC	GGA	G	A	7.0	0.16055040962	0.166666666667	0.0322580645161	0.967741935484	0.279279279279	0.00900900900901	1429.0	0.136559802713	40.0	0.0	0.056
LkluyA	GGA	G	A	5.0	0.16055040962	0.166666666667	0.0322580645161	0.967741935484	0.279279279279	0.00900900900901	1429.0	0.136559802713	40.0	0.0	0.056
CdublA	GGT	G	A	0.0	0.793935635173	0.166666666667	0.0230769230769	0.969230769231	0.738636363636	0.0170454545455	2058.0	0.145843828715	41.0	0.0	0.0
CorthB	GGT	G	A	0.0	0.396838566787	0.153846153846	0.0220588235294	0.977941176471	0.719576719577	0.015873015873	2250.0	0.143771780533	41.0	0.0	0.0
CorthC	GGT	G	A	0.0	0.386431454106	0.153846153846	0.021897810219	0.978102189781	0.724867724868	0.015873015873	2250.0	0.143580673688	41.0	0.0	0.0
CorthA	GGT	G	A	0.0	0.801362654591	0.153846153846	0.021897810219	0.978102189781	0.724867724868	0.015873015873	2250.0	0.130893850246	41.0	0.0	0.0
ClusiA	GGT	G	A	0.0	0.185762116474	0.0833333333333	0.00819672131148	0.94262295082	0.645502645503	0.015873015873	2250.0	0.054712351177	41.0	0.0	0.0
ClusiA	GGA	G	A	0.0	0.185762116474	0.0833333333333	0.030303030303	0.969696969697	0.349206349206	0.015873015873	2250.0	0.162204973863	40.0	0.0	0.0
MguilA	GGT	G	A	0.0	0.453898846725	0.153846153846	0.029197080292	0.956204379562	0.702564102564	0.0358974358974	2250.0	0.174898592221	41.0	0.0	0.0
MguilA	GGA	G	A	0.0	0.453898846725	0.1	0.0588235294118	0.882352941176	0.261538461538	0.0358974358974	2250.0	0.175445960126	40.0	0.0	0.0
SpastA	GGT	G	A	0.0	0.807767668004	0.428571428571	0.0365853658537	0.963414634146	0.732142857143	0.0357142857143	1429.0	0.153846153846	41.0	0.0	0.0
SpastA	GGA	G	A	0.0	0.807767668004	0.166666666667	0.037037037037	0.925925925926	0.241071428571	0.0357142857143	1429.0	0.243328651685	40.0	0.0	0.0
ScereC	GGT	G	A	0.0	0.24618829843	0.428571428571	0.0375	0.9625	0.70796460177	0.0442477876106	1429.0	0.148569376272	41.0	0.0	0.0
ScereC	GGG	G	A	0.0	0.24618829843	0.333333333333	0.2	0.8	0.0442477876106	0.0442477876106	1429.0	0.860902255639	42.0	0.0	0.0
ScereC	GGA	G	A	0.0	0.24618829843	0.166666666667	0.0357142857143	0.928571428571	0.247787610619	0.0442477876106	1429.0	0.246278755074	40.0	0.0	0.0
ScereA	GGT	G	A	0.0	0.257491641171	0.428571428571	0.0365853658537	0.963414634146	0.719298245614	0.0438596491228	1429.0	0.152166296859	41.0	0.0	0.0
ScereA	GGG	G	A	0.0	0.257491641171	0.333333333333	0.166666666667	0.833333333333	0.0526315789474	0.0438596491228	1429.0	0.722397476341	42.0	0.0	0.0
ScereA	GGA	G	A	0.0	0.257491641171	0.166666666667	0.0384615384615	0.923076923077	0.228070175439	0.0438596491228	1429.0	0.263560247543	40.0	0.0	0.0
ScereD	GGT	G	A	0.0	0.100925603735	0.428571428571	0.0379746835443	0.962025316456	0.705357142857	0.0357142857143	1429.0	0.157281553398	41.0	0.0	0.0
ScereD	GGG	G	A	0.0	0.100925603735	0.5	0.25	0.75	0.0357142857143	0.0357142857143	1429.0	1.05773672055	42.0	0.0	0.001
ScereE	GGT	G	A	0.0	0.147487761504	0.428571428571	0.037037037037	0.962962962963	0.723214285714	0.0357142857143	1429.0	0.153336488405	41.0	0.0	0.0
ScereE	GGG	G	A	0.0	0.147487761504	0.5	0.25	0.75	0.0357142857143	0.0357142857143	1429.0	1.05773672055	42.0	0.0	0.001
DhansA	GGT	G	A	0.0	0.217469163439	0.153846153846	0.0208333333333	0.927083333333	0.497409326425	0.0466321243523	2250.0	0.104634831461	41.0	0.0	0.0
DhansA	GGA	G	A	0.0	0.217469163439	0.0833333333333	0.0760869565217	0.891304347826	0.476683937824	0.0466321243523	2250.0	0.25406504065	40.0	0.0	0.0
CsalmA	GGT	G	A	0.0	0.33210729456	0.454545454545	0.0472440944882	0.866141732283	0.738372093023	0.0348837209302	2153.0	0.268109692998	41.0	0.0	0.0
LnothA	GGT	G	A	6.0	0.778816123012	0.142857142857	0.0138888888889	0.972222222222	0.654545454545	0.0181818181818	1429.0	0.119252683185	41.0	0.0	0.051
LnothA	GGA	G	A	6.0	0.778816123012	0.166666666667	0.027027027027	0.945945945946	0.336363636364	0.0181818181818	1429.0	0.086642599278	40.0	0.0	0.051
BcustA	GGT	G	A	0.0	0.52241532562	0.230769230769	0.0625	0.921875	0.349726775956	0.0546448087432	2247.0	0.284725918042	41.0	0.0	0.0
BcustA	GGG	G	A	0.0	0.52241532562	0.2	0.1	0.9	0.0546448087432	0.0546448087432	2247.0	0.164912280702	42.0	0.0	0.0
BcustA	GGA	G	A	0.0	0.52241532562	0.363636363636	0.0462962962963	0.87962962963	0.590163934426	0.0546448087432	2247.0	0.227078061125	40.0	0.0	0.0
CtheaA	GGT	G	A	1.0	0.775969370361	0.153846153846	0.0161290322581	0.983870967742	0.659574468085	0.0106382978723	2250.0	0.126067435514	41.0	0.0	0.0
AgossA	GGT	G	A	0.0	0.661003521143	0.714285714286	0.0490196078431	0.941176470588	0.927272727273	0.0454545454545	1427.0	0.207646176912	41.0	0.0	0.0
MingeA	GGT	G	A	0.0	0.88397832565	0.307692307692	0.0444444444444	0.922222222222	0.489130434783	0.0489130434783	2249.0	0.194350282486	41.0	0.0	0.0
MingeA	GGA	G	A	0.0	0.88397832565	0.272727272727	0.054347826087	0.934782608696	0.5	0.0489130434783	2249.0	0.259097692573	40.0	0.0	0.0
ScastA	GGA	G	A	0.0	0.163551351856	0.166666666667	0.03125	0.9375	0.290909090909	0.00909090909091	1426.0	0.157910359157	40.0	0.0	0.0
CmaltA	GGT	G	A	0.0	0.749236192714	0.0769230769231	0.0102040816327	0.979591836735	0.521276595745	0.0106382978723	2250.0	0.0857270095747	41.0	0.0	0.0
CmaltA	GGA	G	A	0.0	0.749236192714	0.0833333333333	0.0111111111111	0.966666666667	0.478723404255	0.0106382978723	2250.0	0.104915274606	40.0	0.0	0.0