### Random Forest prediction
genome	codon	ori_aa	rea_aa	fitch	Fisher pval	Gene frac	N. rea	N. used	Cod. count	Sub. count	G. len	codon_lik	id	prediction
LmeyeA	TTA	L	F	0.0	0.515383626285	0.285714285714	0.010152284264	0.959390862944	0.951690821256	0.00966183574879	1456.0	0.142716075048	20.0	0.0
SpombA	CTT	L	F	0.0	0.944982775523	0.2	0.0526315789474	0.789473684211	0.0940594059406	0.0544554455446	1452.0	0.329052969502	53.0	0.0
SpombA	TTA	L	F	0.0	0.944982775523	0.714285714286	0.0576923076923	0.692307692308	0.772277227723	0.0544554455446	1452.0	0.301020744155	20.0	0.0
SpombA	CTA	L	F	0.0	0.944982775523	0.2	0.0454545454545	0.772727272727	0.108910891089	0.0544554455446	1452.0	0.0586080586081	52.0	0.0
SpastA	TTA	L	F	0.0	0.526311298214	0.571428571429	0.025	0.905	0.952380952381	0.0238095238095	1456.0	0.170605688561	20.0	0.0
AacerA	TTA	L	F	0.0	0.00906593406593	0.5	0.0277777777778	0.944444444444	0.782608695652	0.0217391304348	643.0	0.161979597463	20.0	0.0
CmetaD	TTA	L	F	0.0	0.556922923949	0.0833333333333	0.00338983050847	0.972881355932	0.885885885886	0.003003003003	2101.0	0.108196459895	20.0	0.0
CgigaA	CTC	L	F	0.0	0.596667769026	0.181818181818	0.018691588785	0.934579439252	0.361486486486	0.00675675675676	1879.0	0.177107916756	55.0	0.0
CsantA	CTT	L	F	0.0	0.824700806573	0.0909090909091	0.0178571428571	0.875	0.183006535948	0.0228758169935	2073.0	0.12158917267	53.0	0.0
CsantA	TTA	L	F	0.0	0.824700806573	0.181818181818	0.0327868852459	0.786885245902	0.199346405229	0.0228758169935	2073.0	0.17109375	20.0	0.0
CsantA	CTA	L	F	0.0	0.824700806573	0.333333333333	0.0215053763441	0.801075268817	0.607843137255	0.0228758169935	2073.0	0.132501996437	52.0	0.0
CtropB	CTA	L	F	0.0	0.182374900262	0.25	0.0322580645161	0.924731182796	0.280120481928	0.00903614457831	2101.0	0.244193043688	52.0	0.0
CtropA	CTA	L	F	0.0	0.178760827564	0.25	0.031914893617	0.925531914894	0.28313253012	0.00903614457831	2101.0	0.240875044584	52.0	0.0
WpijpA	TTA	L	F	0.0	0.654552471	0.285714285714	0.0116279069767	0.936046511628	0.830917874396	0.00966183574879	1456.0	0.149063134026	20.0	0.0
BarxA	TTA	L	F	0.0	0.522222222222	1.0	0.037037037037	0.777777777778	0.981818181818	0.0363636363636	442.0	0.173443684779	20.0	0.0
CoxycA	TTA	L	F	0.0	0.629999872256	1.0	0.0243902439024	0.878048780488	0.732142857143	0.0178571428571	442.0	0.204453920872	20.0	0.0
CsubhA	CTA	L	F	0.0	0.137419931652	0.363636363636	0.0336134453782	0.90756302521	0.359516616314	0.0181268882175	2098.0	0.250924258224	52.0	0.0
CsubhA	CTC	L	F	0.0	0.137419931652	0.0833333333333	0.0104166666667	0.885416666667	0.29003021148	0.0181268882175	2098.0	0.159420289855	55.0	0.0
CsubhA	TTG	L	F	0.0	0.137419931652	0.166666666667	0.1	0.7	0.0302114803625	0.0181268882175	2098.0	0.51493598862	22.0	0.0
CsubhB	CTA	L	F	0.0	0.137419931652	0.363636363636	0.0336134453782	0.90756302521	0.359516616314	0.0181268882175	2098.0	0.250924258224	52.0	0.0
CsubhB	CTC	L	F	0.0	0.137419931652	0.0833333333333	0.0104166666667	0.885416666667	0.29003021148	0.0181268882175	2098.0	0.159420289855	55.0	0.0
CsubhB	TTG	L	F	0.0	0.137419931652	0.166666666667	0.1	0.7	0.0302114803625	0.0181268882175	2098.0	0.51493598862	22.0	0.0
OanguA	CTT	L	F	0.0	0.206043748598	0.0909090909091	0.0526315789474	0.684210526316	0.0579268292683	0.0121951219512	2101.0	0.346763540291	53.0	0.0
OanguA	TTA	L	F	0.0	0.206043748598	0.25	0.0104895104895	0.884615384615	0.871951219512	0.0121951219512	2101.0	0.112857490075	20.0	0.0
SarboA	TTA	L	F	0.0	0.563367958624	0.571428571429	0.0255102040816	0.913265306122	0.915887850467	0.0233644859813	1456.0	0.182748003966	20.0	0.0
CcastA	TTA	L	F	0.0	0.00897790055249	0.571428571429	0.03125	0.911458333333	0.936585365854	0.0292682926829	1455.0	0.220124780035	20.0	0.0
KtherA	TTA	L	F	0.0	0.515074436485	0.428571428571	0.0148514851485	0.955445544554	0.961904761905	0.0142857142857	1456.0	0.153670539293	20.0	0.0
CblacA	TTA	L	F	1.0	0.519230769231	1.0	0.0181818181818	0.890909090909	0.948275862069	0.0172413793103	442.0	0.156073446328	20.0	0.0
CnorvA	TTA	L	F	0.0	0.00930115635998	0.333333333333	0.015479876161	0.931888544892	1.0	0.015479876161	2101.0	0.146624701541	20.0	0.0
CviswA	TTA	L	F	0.0	0.550518905043	0.166666666667	0.00655737704918	0.954098360656	0.95015576324	0.00623052959502	2101.0	0.0948876988866	20.0	0.0
MstarA	TTA	L	F	0.0	0.467867023488	0.25	0.0197368421053	0.875	0.990228013029	0.0195439739414	2101.0	0.133302476279	20.0	0.0
NbaciA	TTA	L	F	0.0	0.505586592179	0.285714285714	0.0106382978723	0.936170212766	0.94472361809	0.0100502512563	1455.0	0.117724002616	20.0	0.0
KmarxA	TTA	L	F	0.0	0.517543859649	1.0	0.0178571428571	0.964285714286	0.965517241379	0.0172413793103	442.0	0.153339115351	20.0	0.0
LstarA	TTA	L	F	0.0	0.760057687828	0.4	0.0226244343891	0.873303167421	0.859922178988	0.0194552529183	1779.0	0.148738733934	20.0	0.0
MfariA	TTA	L	F	0.0	0.561872758434	0.0833333333333	0.00357142857143	0.932142857143	0.877742946708	0.00313479623824	2101.0	0.0813270698767	20.0	0.0
CalaiA	TTA	L	F	0.0	0.532836002488	0.3	0.0107913669065	0.935251798561	0.975438596491	0.0105263157895	1905.0	0.0814665695807	20.0	0.0
LanspB	TTA	L	F	0.0	0.520458143287	0.285714285714	0.0102040816327	0.959183673469	0.937799043062	0.00956937799043	1456.0	0.144320200648	20.0	0.0
CphanA	TTA	L	F	0.0	0.567145380718	0.25	0.00974025974026	0.850649350649	0.953560371517	0.00928792569659	2100.0	0.112566142602	20.0	0.0
LanspA	TTA	L	F	0.0	0.515074436485	0.428571428571	0.0146341463415	0.941463414634	0.949074074074	0.0138888888889	1456.0	0.160995353021	20.0	0.0
CsojaA	TTA	L	F	1.0	0.608695517074	0.125	0.00546448087432	0.978142076503	0.775423728814	0.00423728813559	1435.0	0.147648777896	20.0	0.0
CglabA	TTA	L	F	0.0	0.505405405405	0.285714285714	0.0102564102564	0.933333333333	0.975	0.01	1439.0	0.122209967964	20.0	0.0
ScryoA	CTT	L	F	0.0	0.120288526928	0.166666666667	0.0952380952381	0.714285714286	0.101941747573	0.0533980582524	1454.0	0.504849660524	53.0	0.0
ScryoA	TTA	L	F	0.0	0.120288526928	0.571428571429	0.0294117647059	0.720588235294	0.660194174757	0.0533980582524	1454.0	0.170111287758	20.0	0.0
ScryoA	CTA	L	F	0.0	0.120288526928	0.666666666667	0.131578947368	0.684210526316	0.184466019417	0.0533980582524	1454.0	0.732820376758	52.0	0.0
CneerA	CTA	L	F	0.0	0.0653334839994	0.2	0.0740740740741	0.925925925926	0.0815709969789	0.00906344410876	2101.0	0.356510186005	52.0	0.0
CneerA	TTA	L	F	0.0	0.0653334839994	0.0833333333333	0.00373134328358	0.940298507463	0.809667673716	0.00906344410876	2101.0	0.101144622884	20.0	0.0
CsakeA	TTA	L	F	0.0	0.534189774621	0.272727272727	0.00961538461538	0.932692307692	0.978056426332	0.00940438871473	2065.0	0.110089686099	20.0	0.0
HuvarA	CTT	L	F	0.0	6.8140871792e-05	1.0	0.3	0.2	0.0473933649289	0.0473933649289	1397.0	0.945288753799	53.0	0.0
HuvarA	CTA	L	F	0.0	6.8140871792e-05	0.166666666667	0.0454545454545	0.0454545454545	0.104265402844	0.0473933649289	1397.0	-1.5263895376	52.0	0.0
HuvarA	CTC	L	F	0.0	6.8140871792e-05	1.0	1.0	0.0	0.00473933649289	0.0473933649289	1397.0	5.45833333333	55.0	0.0
HuvarA	TTA	L	F	0.0	6.8140871792e-05	0.666666666667	0.0292397660819	0.74269005848	0.810426540284	0.0473933649289	1397.0	0.0759425493716	20.0	0.0
CjiufA	TTA	L	F	0.0	0.576190329868	0.0833333333333	0.00363636363636	0.967272727273	0.843558282209	0.00306748466258	2080.0	0.12026295437	20.0	0.0
KlactA	TTA	L	F	0.0	0.510666436663	0.285714285714	0.010152284264	0.928934010152	0.989949748744	0.0100502512563	1434.0	0.131763241168	20.0	0.0
CzempA	TTA	L	F	0.0	0.552080382267	0.571428571429	0.0418848167539	0.732984293194	0.984536082474	0.0412371134021	1455.0	0.215730457643	20.0	0.0
CmetaB	TTA	L	F	0.0	0.556922923949	0.0833333333333	0.00338983050847	0.972881355932	0.885885885886	0.003003003003	2101.0	0.108196459895	20.0	0.0
CmetaC	TTA	L	F	0.0	0.556922923949	0.0833333333333	0.00338983050847	0.972881355932	0.885885885886	0.003003003003	2101.0	0.108196459895	20.0	0.0
CmetaA	TTA	L	F	0.0	0.556922923949	0.0833333333333	0.00338983050847	0.972881355932	0.885885885886	0.003003003003	2101.0	0.108196459895	20.0	0.0
CmetaF	TTA	L	F	0.0	0.556922923949	0.0833333333333	0.00338983050847	0.972881355932	0.885885885886	0.003003003003	2101.0	0.108196459895	20.0	0.0
CfrijA	TTA	L	F	0.0	0.0342534235549	0.166666666667	0.0066889632107	0.943143812709	0.90332326284	0.00906344410876	2101.0	0.109998817641	20.0	0.0
CfrijA	CTG	L	F	0.0	0.0342534235549	0.5	0.5	0.5	0.00604229607251	0.00906344410876	2101.0	2.22289156627	54.0	0.0
CgallA	TTA	L	F	0.0	0.68416981191	0.333333333333	0.01393728223	0.850174216028	0.894080996885	0.01246105919	2101.0	0.138695971893	20.0	0.0
CmetaE	TTA	L	F	0.0	0.556922923949	0.0833333333333	0.00338983050847	0.972881355932	0.885885885886	0.003003003003	2101.0	0.108196459895	20.0	0.0
PpastA	TTA	L	F	0.0	0.533321682494	0.333333333333	0.015873015873	0.904761904762	0.987460815047	0.0156739811912	2101.0	0.12223777254	20.0	0.0
SjapoA	TTA	L	F	0.0	0.454260052225	0.571428571429	0.0443037974684	0.645569620253	0.724770642202	0.0321100917431	1450.0	0.109800362976	20.0	0.0
CalbiE	TTA	L	F	0.0	0.793074184786	0.5	0.0245901639344	0.94262295082	0.748466257669	0.0184049079755	1101.0	0.204891912841	20.0	0.0
CtetrA	TTA	L	F	0.0	0.755553121862	0.25	0.011673151751	0.945525291829	0.788343558282	0.00920245398773	2101.0	0.134414726386	20.0	0.0
MmagnB	CTT	L	F	0.0	0.957375196737	0.0833333333333	0.018691588785	0.878504672897	0.348534201954	0.0162866449511	2101.0	0.0688294607628	53.0	0.0
MmagnB	CTG	L	F	0.0	0.957375196737	0.0909090909091	0.0188679245283	0.849056603774	0.172638436482	0.0162866449511	2101.0	0.197524872604	54.0	0.0
MmagnB	CTA	L	F	0.0	0.957375196737	0.0833333333333	0.0183486238532	0.899082568807	0.355048859935	0.0162866449511	2101.0	0.147043541515	52.0	0.0
MmagnA	CTT	L	F	0.0	0.955513169922	0.0833333333333	0.0183486238532	0.880733944954	0.353896103896	0.0162337662338	2101.0	0.065016146394	53.0	0.0
MmagnA	CTG	L	F	0.0	0.955513169922	0.0833333333333	0.0185185185185	0.851851851852	0.175324675325	0.0162337662338	2101.0	0.195832346673	54.0	0.0
MmagnA	CTA	L	F	0.0	0.955513169922	0.0833333333333	0.0183486238532	0.889908256881	0.353896103896	0.0162337662338	2101.0	0.148929536479	52.0	0.0
CcoryA	TTA	L	F	1.0	0.0728128610586	0.166666666667	0.00877192982456	0.912280701754	0.666666666667	0.0116959064327	2101.0	0.0957903097697	20.0	0.0
CcoryA	CTA	L	F	1.0	0.0728128610586	0.1	0.0555555555556	0.861111111111	0.105263157895	0.0116959064327	2101.0	0.321323960164	52.0	0.0
CparaC	TTA	L	F	0.0	0.555900467791	0.0833333333333	0.00340136054422	0.969387755102	0.888217522659	0.00302114803625	2101.0	0.108902160407	20.0	0.0
CparaB	TTA	L	F	0.0	0.555900467791	0.0833333333333	0.00340136054422	0.969387755102	0.888217522659	0.00302114803625	2101.0	0.108902160407	20.0	0.0
CparaE	TTA	L	F	0.0	0.555900467791	0.0833333333333	0.00340136054422	0.969387755102	0.888217522659	0.00302114803625	2101.0	0.108902160407	20.0	0.0
CparaD	TTA	L	F	0.0	0.555900467791	0.0833333333333	0.00340136054422	0.969387755102	0.888217522659	0.00302114803625	2101.0	0.108902160407	20.0	0.0
CparaF	TTA	L	F	0.0	0.555900467791	0.0833333333333	0.00340136054422	0.969387755102	0.888217522659	0.00302114803625	2101.0	0.108902160407	20.0	0.0
MtetrA	CTT	L	F	0.0	0.785920355359	0.0833333333333	0.0138888888889	0.805555555556	0.233009708738	0.0129449838188	2100.0	0.040440083259	53.0	0.0
MtetrA	CTG	L	F	0.0	0.785920355359	0.0909090909091	0.00900900900901	0.873873873874	0.359223300971	0.0129449838188	2100.0	0.164165632404	54.0	0.0
MtetrA	CTA	L	F	0.0	0.785920355359	0.181818181818	0.030303030303	0.878787878788	0.21359223301	0.0129449838188	2100.0	0.217212440349	52.0	0.0
MtetrA	CTC	L	F	0.0	0.785920355359	0.0833333333333	0.0208333333333	0.875	0.155339805825	0.0129449838188	2100.0	0.241000274801	55.0	0.0
CsaraA	TTA	L	F	0.0	0.722873943725	0.25	0.0112781954887	0.943609022556	0.823529411765	0.00928792569659	2101.0	0.130165379413	20.0	0.0
CsuavA	TTA	L	F	0.0	0.624116975881	0.333333333333	0.013986013986	0.937062937063	0.928571428571	0.012987012987	2101.0	0.14896041014	20.0	0.0
PkluyA	TTA	L	F	0.0	0.591702140673	0.25	0.0166112956811	0.873754152824	0.961661341853	0.0159744408946	2101.0	0.1360988388	20.0	0.0
PcanaA	TTA	L	F	0.0	0.539847712581	0.25	0.00996677740864	0.940199335548	0.967845659164	0.0096463022508	2101.0	0.125821888496	20.0	0.0
YlipoB	TTA	L	F	0.0	0.663164829839	0.333333333333	0.0136518771331	0.846416382253	0.91277258567	0.01246105919	2100.0	0.115859979268	20.0	0.0
YlipoA	TTA	L	F	0.0	0.663164829839	0.333333333333	0.0136518771331	0.846416382253	0.91277258567	0.01246105919	2100.0	0.115859979268	20.0	0.0
CjadiA	TTA	L	F	0.0	0.520405587736	0.25	0.0132890365449	0.943521594684	0.990131578947	0.0131578947368	2100.0	0.124205416651	20.0	0.0
AgossB	CTT	L	F	0.0	0.00142460625515	0.5	0.133333333333	0.0	0.063829787234	0.0255319148936	1456.0	-1.0977443609	53.0	0.0
AgossB	TTA	L	F	0.0	0.00142460625515	0.428571428571	0.0204081632653	0.897959183673	0.834042553191	0.0255319148936	1456.0	0.166666666667	20.0	0.0
NdelpA	TTA	L	F	0.0	0.524452409025	0.428571428571	0.0157068062827	0.921465968586	0.940886699507	0.0147783251232	1439.0	0.121410552305	20.0	0.0
LelonA	TTA	L	F	0.0	0.666134070035	0.0833333333333	0.00467289719626	0.971962616822	0.66253869969	0.0030959752322	2101.0	0.1369574845	20.0	0.0
LkluyF	TTA	L	F	0.0	0.00941814595661	0.285714285714	0.00990099009901	0.955445544554	0.966507177033	0.00956937799043	1456.0	0.13258324464	20.0	0.0
CalimA	TTA	L	F	0.0	0.612084494967	0.333333333333	0.0133333333333	0.856666666667	0.934579439252	0.01246105919	2100.0	0.120531676432	20.0	0.0
BcaliA	TTA	L	F	0.0	0.493442622951	0.333333333333	0.01246105919	0.934579439252	0.996894409938	0.0124223602484	2101.0	0.127547666009	20.0	0.0
SoctoA	CTT	L	F	0.0	0.357182422842	0.5	0.115384615385	0.692307692308	0.126829268293	0.0536585365854	1454.0	0.693789308176	53.0	0.0
SoctoA	TTA	L	F	0.0	0.357182422842	0.571428571429	0.0493827160494	0.70987654321	0.790243902439	0.0536585365854	1454.0	0.280439058435	20.0	0.0
LkluyB	TTA	L	F	0.0	0.00927197802198	1.0	0.0175438596491	0.964912280702	0.966101694915	0.0169491525424	442.0	0.135480572597	20.0	0.0
CdefoA	TTA	L	F	0.0	0.667994007906	0.333333333333	0.013698630137	0.849315068493	0.906832298137	0.0124223602484	2100.0	0.121966871215	20.0	0.0
LdasiA	TTA	L	F	0.0	0.510177748208	0.285714285714	0.01	0.96	0.956937799043	0.00956937799043	1456.0	0.14339873969	20.0	0.0
CpseuA	CTA	L	F	0.0	0.23148145271	1.0	0.111111111111	0.888888888889	0.157894736842	0.0175438596491	442.0	0.413160733549	52.0	0.0
LkluyE	TTA	L	F	0.0	0.505128205128	0.285714285714	0.00995024875622	0.955223880597	0.961722488038	0.00956937799043	1456.0	0.133431832077	20.0	0.0
LkluyD	TTA	L	F	0.0	0.515383793601	0.285714285714	0.010101010101	0.954545454545	0.947368421053	0.00956937799043	1456.0	0.135221751266	20.0	0.0
LkluyC	TTA	L	F	0.0	0.00941814595661	0.285714285714	0.00990099009901	0.955445544554	0.966507177033	0.00956937799043	1456.0	0.13258324464	20.0	0.0
CvartA	CTT	L	F	0.0	0.143154666911	0.2	0.111111111111	0.888888888889	0.0293159609121	0.00977198697068	2101.0	0.392181588903	53.0	0.0
CvartA	TTA	L	F	0.0	0.143154666911	0.166666666667	0.00694444444444	0.9375	0.938110749186	0.00977198697068	2101.0	0.113574642293	20.0	0.0
LkluyA	TTA	L	F	0.0	0.00941814595661	0.285714285714	0.00990099009901	0.955445544554	0.966507177033	0.00956937799043	1456.0	0.13258324464	20.0	0.0
CorthB	TTA	L	F	0.0	0.556922923949	0.0833333333333	0.00337837837838	0.969594594595	0.88622754491	0.00299401197605	2101.0	0.103971176308	20.0	0.0
CorthC	TTA	L	F	0.0	0.555384461879	0.0833333333333	0.003367003367	0.969696969697	0.889221556886	0.00299401197605	2101.0	0.103708384345	20.0	0.0
CorthA	TTA	L	F	0.0	0.556922923949	0.0833333333333	0.00337837837838	0.969594594595	0.88622754491	0.00299401197605	2101.0	0.106838453915	20.0	0.0
ClusiA	TTA	L	F	0.0	0.543183924299	0.333333333333	0.0122699386503	0.932515337423	0.978978978979	0.012012012012	2101.0	0.140576687999	20.0	0.0
MguilA	TTA	L	F	0.0	0.123696621498	0.25	0.0105633802817	0.933098591549	0.871165644172	0.0122699386503	2101.0	0.12941813938	20.0	0.0
MguilA	TTG	L	F	0.0	0.123696621498	0.25	0.166666666667	0.833333333333	0.0184049079755	0.0122699386503	2101.0	0.873706004141	22.0	0.0
WmucoA	TTA	L	F	0.0	0.259470203366	0.25	0.0105263157895	0.926315789474	0.896226415094	0.0125786163522	2101.0	0.121513292434	20.0	0.0
WmucoA	CTA	L	F	0.0	0.259470203366	0.166666666667	0.05	0.85	0.062893081761	0.0125786163522	2101.0	0.228511530398	52.0	0.0
ScereC	TTA	L	F	0.0	0.550978307552	0.571428571429	0.0252525252525	0.914141414141	0.929577464789	0.0234741784038	1456.0	0.184640016527	20.0	0.0
ScereA	TTA	L	F	0.0	0.541321927069	0.428571428571	0.0203045685279	0.918781725888	0.929245283019	0.0188679245283	1456.0	0.161528080556	20.0	0.0
ScereD	TTA	L	F	0.0	0.550978307552	0.571428571429	0.0252525252525	0.914141414141	0.920930232558	0.0232558139535	1456.0	0.184640016527	20.0	0.0
ScereE	TTA	L	F	0.0	0.538642546771	0.571428571429	0.0251256281407	0.914572864322	0.925581395349	0.0232558139535	1456.0	0.183747944079	20.0	0.0
DhansA	TTA	L	F	0.0	0.546989809472	0.25	0.00946372239748	0.93690851735	0.963525835866	0.00911854103343	2101.0	0.113450508788	20.0	0.0
CsalmA	TTA	L	F	0.0	0.718405310519	0.333333333333	0.0282685512367	0.791519434629	0.940199335548	0.0265780730897	2098.0	0.13887636766	20.0	0.0
LnothA	TTA	L	F	0.0	0.529992107966	0.428571428571	0.0150753768844	0.954773869347	0.943127962085	0.0142180094787	1456.0	0.158265973331	20.0	0.0
BcustA	TTA	L	F	0.0	0.644666054683	0.416666666667	0.0236486486486	0.864864864865	0.951768488746	0.0225080385852	2101.0	0.160022148394	20.0	0.0
CtheaA	TTA	L	F	0.0	0.546153689462	0.0833333333333	0.003300330033	0.970297029703	0.907185628743	0.00299401197605	2101.0	0.102499613063	20.0	0.0
AgossA	CTT	L	F	0.0	0.00142460625515	0.5	0.133333333333	0.0	0.063829787234	0.0255319148936	1456.0	-1.0977443609	53.0	0.0
AgossA	TTA	L	F	0.0	0.00142460625515	0.428571428571	0.0204081632653	0.897959183673	0.834042553191	0.0255319148936	1456.0	0.166666666667	20.0	0.0
MingeA	TTA	L	F	0.0	0.467751923903	0.166666666667	0.0195439739414	0.86319218241	0.990322580645	0.0193548387097	2101.0	0.115912731711	20.0	0.0
ScastA	TTA	L	F	0.0	0.00877007607777	0.571428571429	0.0402010050251	0.874371859296	0.966019417476	0.0388349514563	1456.0	0.242684053804	20.0	0.0
CmaltA	CTT	L	F	0.0	0.236749536181	0.0909090909091	0.0285714285714	0.971428571429	0.104790419162	0.00898203592814	2101.0	0.266865079365	53.0	0.0
CmaltA	TTA	L	F	0.0	0.236749536181	0.0833333333333	0.00490196078431	0.946078431373	0.610778443114	0.00898203592814	2101.0	0.0848330536427	20.0	0.0
CmaltA	CTA	L	F	0.0	0.236749536181	0.0833333333333	0.0125	0.9125	0.239520958084	0.00898203592814	2101.0	0.118833430064	52.0	0.0
CbohiA	TTA	L	F	0.0	0.546994649435	0.166666666667	0.00636942675159	0.93949044586	0.948640483384	0.00604229607251	2101.0	0.0949726939478	20.0	0.0

### Alignment improvement:
