### Random Forest prediction
genome	codon	ori_aa	rea_aa	fitch	Fisher pval	Gene frac	N. rea	N. used	Cod. count	Sub. count	G. len	codon_lik	id	prediction
Mesostigma_viride	TTC	F	L	0.0	0.0656547029346	0.133333333333	0.0588235294118	0.803921568627	0.174061433447	0.102389078498	3748.0	0.226539589443	23.0	0.0
Mesostigma_viride	TTT	F	L	0.0	0.0656547029346	0.625	0.111570247934	0.789256198347	0.825938566553	0.102389078498	3748.0	0.305359107339	21.0	0.0
Beta_vulgaris_vulgaris	TTC	F	L	0.0	0.173973356618	0.142857142857	0.021978021978	0.978021978022	0.377593360996	0.0207468879668	3254.0	0.137707573917	23.0	0.0
Beta_vulgaris_vulgaris	TTT	F	L	0.0	0.173973356618	0.214285714286	0.02	0.966666666667	0.622406639004	0.0207468879668	3254.0	0.184923151988	21.0	0.0
Malus_domestica	TTC	F	L	0.0	0.193023255814	0.0714285714286	0.0120481927711	0.987951807229	0.384259259259	0.00462962962963	3229.0	0.131520285332	23.0	0.0
Phoenix_dactylifera	TTC	F	L	0.0	0.0358324226498	0.266666666667	0.0449438202247	0.943820224719	0.395555555556	0.0222222222222	3604.0	0.231743351625	23.0	0.0
Phoenix_dactylifera	TTT	F	L	0.0	0.0358324226498	0.0625	0.00735294117647	0.985294117647	0.604444444444	0.0222222222222	3604.0	0.167548010019	21.0	0.0
Glycine_max	TTC	F	L	0.0	0.242839352428	0.0769230769231	0.010989010989	0.978021978022	0.411764705882	0.00904977375566	2992.0	0.116508851379	23.0	0.0
Glycine_max	TTT	F	L	0.0	0.242839352428	0.0769230769231	0.00769230769231	0.992307692308	0.588235294118	0.00904977375566	2992.0	0.128752886836	21.0	0.0
Marchantia_polymorpha	TTC	F	L	0.0	0.122412786872	0.0714285714286	0.044776119403	0.940298507463	0.230240549828	0.0515463917526	3530.0	0.230259525124	23.0	0.0
Marchantia_polymorpha	TTT	F	L	0.0	0.122412786872	0.5625	0.0535714285714	0.924107142857	0.769759450172	0.0515463917526	3530.0	0.224844092365	21.0	0.0
Dunaliella_salina	TTC	F	L	3.0	0.907414677412	0.857142857143	0.163636363636	0.618181818182	0.337423312883	0.147239263804	1954.0	0.478751660027	23.0	0.0
Dunaliella_salina	TTT	F	L	3.0	0.907414677412	0.857142857143	0.138888888889	0.555555555556	0.662576687117	0.147239263804	1954.0	0.429261559696	21.0	0.0
Carica_papaya	TTC	F	L	0.0	0.130753713552	0.125	0.0217391304348	0.978260869565	0.372469635628	0.0121457489879	3619.0	0.122507122507	23.0	0.0
Carica_papaya	TTT	F	L	0.0	0.130753713552	0.0625	0.00645161290323	0.993548387097	0.627530364372	0.0121457489879	3619.0	0.158125915081	21.0	0.0
Physcomitrella_patens	TTC	F	L	0.0	0.126003176526	0.142857142857	0.044776119403	0.925373134328	0.223333333333	0.05	3856.0	0.189144736842	23.0	0.0
Physcomitrella_patens	TTT	F	L	0.0	0.126003176526	0.411764705882	0.0515021459227	0.944206008584	0.776666666667	0.05	3856.0	0.233213232886	21.0	0.0
Chaetosphaeridium_globosum	TTC	F	L	0.0	0.142535747544	0.166666666667	0.0512820512821	0.897435897436	0.131756756757	0.0405405405405	3858.0	0.219272369715	23.0	0.0
Chaetosphaeridium_globosum	TTT	F	L	0.0	0.142535747544	0.352941176471	0.0389105058366	0.91439688716	0.868243243243	0.0405405405405	3858.0	0.177136972194	21.0	0.0
Zea_mays_NB	TTC	F	L	0.0	0.198113207547	0.0833333333333	0.0117647058824	0.976470588235	0.393518518519	0.00462962962963	2848.0	0.122085629504	23.0	0.0
Pseudendoclonium_akinetum	TTC	F	L	1.0	0.0830386002918	0.142857142857	0.0307692307692	0.769230769231	0.245283018868	0.0566037735849	3709.0	0.0347021399653	23.0	0.0
Pseudendoclonium_akinetum	TTT	F	L	1.0	0.0830386002918	0.5625	0.065	0.75	0.754716981132	0.0566037735849	3709.0	0.169283799311	21.0	0.0
Arabidopsis_thaliana	TTC	F	L	0.0	0.16704356806	0.142857142857	0.0215053763441	0.978494623656	0.378048780488	0.0162601626016	3540.0	0.131930392554	23.0	0.0
Arabidopsis_thaliana	TTT	F	L	0.0	0.16704356806	0.0714285714286	0.0130718954248	0.986928104575	0.621951219512	0.0162601626016	3540.0	0.17202970297	21.0	0.0
Bracteacoccus_aerius	TTC	F	L	0.0	0.462191615691	0.5	0.0625	0.776785714286	0.647398843931	0.0751445086705	2729.0	0.194380921268	23.0	0.0
Bracteacoccus_aerius	TTT	F	L	0.0	0.462191615691	0.416666666667	0.0983606557377	0.786885245902	0.352601156069	0.0751445086705	2729.0	0.389768574909	21.0	0.0
Oryza_sativa_I2	TTC	F	L	0.0	0.198275862069	0.0769230769231	0.010752688172	0.978494623656	0.39406779661	0.00423728813559	3439.0	0.123711340206	23.0	0.0
Oryza_sativa_J2	TTC	F	L	1.0	0.184895833333	0.0833333333333	0.0138888888889	0.972222222222	0.367346938776	0.00510204081633	2827.0	0.153806047967	23.0	0.0
Pycnococcus_provasolii	TTC	F	L	1.0	0.104524761475	0.181818181818	0.0740740740741	0.777777777778	0.0931034482759	0.113793103448	2964.0	0.392022008253	23.0	0.0
Pycnococcus_provasolii	TTT	F	L	1.0	0.104524761475	0.714285714286	0.117870722433	0.688212927757	0.906896551724	0.113793103448	2964.0	0.302952503209	21.0	0.0
Polytoma_uvella	TTC	F	L	3.0	0.207261312017	1.0	0.152777777778	0.604166666667	0.894409937888	0.16149068323	1951.0	0.436248415716	23.0	0.0
Polytoma_uvella	TTT	F	L	3.0	0.207261312017	0.666666666667	0.235294117647	0.470588235294	0.105590062112	0.16149068323	1951.0	0.809633027523	21.0	0.0
Chlorokybus_atmophyticus	TTC	F	L	0.0	0.0855112939231	0.1875	0.0454545454545	0.909090909091	0.222972972973	0.0675675675676	3866.0	0.196645459803	23.0	0.0
Chlorokybus_atmophyticus	TTT	F	L	0.0	0.0855112939231	0.470588235294	0.0739130434783	0.869565217391	0.777027027027	0.0675675675676	3866.0	0.252939255389	21.0	0.0
Beta_vulgaris_maritima	TTC	F	L	0.0	0.173382041497	0.133333333333	0.0208333333333	0.979166666667	0.372093023256	0.0193798449612	3427.0	0.129407206509	23.0	0.0
Beta_vulgaris_maritima	TTT	F	L	0.0	0.173382041497	0.2	0.0185185185185	0.969135802469	0.627906976744	0.0193798449612	3427.0	0.183024479524	21.0	0.0
Vitis_vinifera	TTC	F	L	0.0	0.157303024082	0.133333333333	0.021978021978	0.978021978022	0.42523364486	0.0140186915888	3347.0	0.181052631579	23.0	0.0
Vitis_vinifera	TTT	F	L	0.0	0.157303024082	0.0666666666667	0.00813008130081	0.983739837398	0.57476635514	0.0140186915888	3347.0	0.151242236025	21.0	0.0
Lotus_japonicus	TTC	F	L	0.0	0.238257072337	0.0666666666667	0.0112359550562	0.988764044944	0.386956521739	0.00869565217391	3435.0	0.135874067937	23.0	0.0
Lotus_japonicus	TTT	F	L	0.0	0.238257072337	0.0666666666667	0.00709219858156	0.992907801418	0.613043478261	0.00869565217391	3435.0	0.144908269077	21.0	0.0
Chlamydomonas_reinhardtii	TTC	F	L	2.0	0.357020669075	0.714285714286	0.106796116505	0.621359223301	0.677631578947	0.125	1935.0	0.237447698745	23.0	0.0
Chlamydomonas_reinhardtii	TTT	F	L	2.0	0.357020669075	0.857142857143	0.163265306122	0.591836734694	0.322368421053	0.125	1935.0	0.473193473193	21.0	0.0
Chara_vulgaris	TTC	F	L	0.0	0.00941898284245	0.375	0.116666666667	0.866666666667	0.20202020202	0.0538720538721	3867.0	0.463221884498	23.0	0.0
Chara_vulgaris	TTT	F	L	0.0	0.00941898284245	0.352941176471	0.0379746835443	0.940928270042	0.79797979798	0.0538720538721	3867.0	0.172207876049	21.0	0.0
Brassica_rapa_oleifera	TTC	F	L	0.0	0.166024728626	0.142857142857	0.0235294117647	0.964705882353	0.352697095436	0.0248962655602	3240.0	0.136560069144	23.0	0.0
Brassica_rapa_oleifera	TTT	F	L	0.0	0.166024728626	0.214285714286	0.025641025641	0.974358974359	0.647302904564	0.0248962655602	3240.0	0.222274994063	21.0	0.0
Prototheca_wickerhamii	TTC	F	L	0.0	0.0478239927949	0.333333333333	0.0568181818182	0.886363636364	0.307692307692	0.0874125874126	3819.0	0.252898239588	23.0	0.0
Prototheca_wickerhamii	TTT	F	L	0.0	0.0478239927949	0.6875	0.10101010101	0.858585858586	0.692307692308	0.0874125874126	3819.0	0.361926693533	21.0	0.0
Bracteacoccus_minor	TTC	F	L	0.0	0.888599645243	0.666666666667	0.121212121212	0.757575757576	0.668918918919	0.114864864865	2519.0	0.342501883949	23.0	0.0
Bracteacoccus_minor	TTT	F	L	0.0	0.888599645243	0.333333333333	0.102040816327	0.673469387755	0.331081081081	0.114864864865	2519.0	0.343585896474	21.0	0.0
Chromochloris_zofingiensis	TTC	F	L	0.0	0.132145495477	0.2	0.2	0.6	0.101351351351	0.0945945945946	2378.0	0.906024096386	23.0	0.0
Chromochloris_zofingiensis	TTT	F	L	0.0	0.132145495477	0.666666666667	0.0827067669173	0.601503759398	0.898648648649	0.0945945945946	2378.0	0.111111111111	21.0	0.0
Sorghum_bicolor	TTC	F	L	0.0	0.203125	0.0909090909091	0.0126582278481	0.974683544304	0.405128205128	0.00512820512821	2520.0	0.128029263832	23.0	0.0
Zea_mays_s	TTC	F	L	0.0	0.197478991597	0.0714285714286	0.0105263157895	0.978947368421	0.392561983471	0.00413223140496	3427.0	0.118308766486	23.0	0.0
Nephroselmis_olivacea	TTC	F	L	0.0	0.0870461613016	0.25	0.05	0.8625	0.26402640264	0.0660066006601	3857.0	0.166275246595	23.0	0.0
Nephroselmis_olivacea	TTT	F	L	0.0	0.0870461613016	0.529411764706	0.0717488789238	0.829596412556	0.73597359736	0.0660066006601	3857.0	0.240348479672	21.0	0.0

### Alignment improvement:
