### Random Forest prediction
genome	codon	ori_aa	rea_aa	fitch	Fisher_pval	Gene_frac	N._rea	N._used	Cod._count	Sub._count	G._len	codon_lik	id	prediction	probability
candub	TCG	S	A	0.0	0.205012032538	0.142857142857	0.0555555555556	0.611111111111	0.0535714285714	0.0357142857143	6160.0	0.750623441397	30.0	0.0	0.0
candub	TCT	S	A	0.0	0.205012032538	0.25	0.04	0.85	0.297619047619	0.0357142857143	6160.0	0.948671769473	29.0	0.0	0.0
candub	TCC	S	A	0.0	0.205012032538	0.25	0.0882352941176	0.676470588235	0.10119047619	0.0357142857143	6160.0	0.921156373193	31.0	0.0	0.0
candub	TCA	S	A	0.0	0.205012032538	0.25	0.0350877192982	0.780701754386	0.339285714286	0.0357142857143	6160.0	0.768437747819	28.0	0.0	0.0
zygro	TCG	S	A	0.0	0.759836507568	0.153846153846	0.0689655172414	0.724137931034	0.0779569892473	0.0645161290323	6158.0	0.875384615385	30.0	0.0	0.0
zygro	TCT	S	A	0.0	0.759836507568	0.375	0.10101010101	0.79797979798	0.266129032258	0.0645161290323	6158.0	1.02306648575	29.0	0.0	0.0
zygro	AGT	S	A	0.0	0.759836507568	0.117647058824	0.0294117647059	0.602941176471	0.182795698925	0.0645161290323	6158.0	0.414829659319	9.0	0.0	0.0
zygro	TCC	S	A	0.0	0.759836507568	0.266666666667	0.0754716981132	0.811320754717	0.14247311828	0.0645161290323	6158.0	0.957191780822	31.0	0.0	0.0
zygro	TCA	S	A	0.0	0.759836507568	0.25	0.0606060606061	0.767676767677	0.266129032258	0.0645161290323	6158.0	0.911172161172	28.0	0.0	0.0
ogapa	TCG	S	A	0.0	0.703782683095	0.357142857143	0.0657894736842	0.802631578947	0.217142857143	0.06	6151.0	0.938632378726	30.0	0.0	0.0
ogapa	TCT	S	A	0.0	0.703782683095	0.285714285714	0.0493827160494	0.753086419753	0.231428571429	0.06	6151.0	0.648498331479	29.0	0.0	0.0
ogapa	AGT	S	A	0.0	0.703782683095	0.25	0.121212121212	0.69696969697	0.0942857142857	0.06	6151.0	0.856946354883	9.0	0.0	0.0
ogapa	AGC	S	A	0.0	0.703782683095	0.153846153846	0.0408163265306	0.571428571429	0.14	0.06	6151.0	0.40036900369	11.0	0.0	0.0
ogapa	TCC	S	A	0.0	0.703782683095	0.285714285714	0.0694444444444	0.805555555556	0.205714285714	0.06	6151.0	0.933333333333	31.0	0.0	0.0
ogapa	TCA	S	A	0.0	0.703782683095	0.0769230769231	0.025641025641	0.794871794872	0.111428571429	0.06	6151.0	0.705471478463	28.0	0.0	0.0
canta	TCG	S	A	0.0	0.80540276112	0.0714285714286	0.0357142857143	0.803571428571	0.164705882353	0.0441176470588	6108.0	0.850280224179	30.0	0.0	0.0
canta	TCT	S	A	0.0	0.80540276112	0.357142857143	0.0641025641026	0.75641025641	0.229411764706	0.0441176470588	6108.0	0.894736842105	29.0	0.0	0.0
canta	AGC	S	A	0.0	0.80540276112	0.0666666666667	0.030303030303	0.545454545455	0.0970588235294	0.0441176470588	6108.0	0.308219178082	11.0	0.0	0.0
canta	TCC	S	A	0.0	0.80540276112	0.3125	0.0537634408602	0.838709677419	0.273529411765	0.0441176470588	6108.0	0.916747337851	31.0	0.0	0.0
canta	TCA	S	A	0.0	0.80540276112	0.0909090909091	0.0540540540541	0.810810810811	0.108823529412	0.0441176470588	6108.0	0.916870415648	28.0	0.0	0.0
cybja	TCG	S	A	0.0	0.613138670415	0.153846153846	0.0444444444444	0.755555555556	0.132743362832	0.0501474926254	5899.0	0.689960629921	30.0	0.0	0.0
cybja	TCT	S	A	0.0	0.613138670415	0.153846153846	0.0337078651685	0.76404494382	0.262536873156	0.0501474926254	5899.0	0.672579827674	29.0	0.0	0.0
cybja	AGT	S	A	0.0	0.613138670415	0.142857142857	0.06	0.7	0.147492625369	0.0501474926254	5899.0	0.621524663677	9.0	0.0	0.0
cybja	AGC	S	A	0.0	0.613138670415	0.0909090909091	0.0434782608696	0.739130434783	0.0678466076696	0.0501474926254	5899.0	0.629126213592	11.0	0.0	0.0
cybja	TCC	S	A	0.0	0.613138670415	0.133333333333	0.0307692307692	0.830769230769	0.191740412979	0.0501474926254	5899.0	0.862663906142	31.0	0.0	0.0
cybja	TCA	S	A	0.0	0.613138670415	0.357142857143	0.089552238806	0.716417910448	0.197640117994	0.0501474926254	5899.0	0.825151311365	28.0	0.0	0.0
meygui	TCG	S	A	0.0	0.641321585515	0.266666666667	0.0555555555556	0.583333333333	0.209302325581	0.0377906976744	5676.0	0.629837702871	30.0	0.0	0.0
meygui	TCT	S	A	0.0	0.641321585515	0.266666666667	0.0625	0.675	0.232558139535	0.0377906976744	5676.0	0.696952595937	29.0	0.0	0.0
meygui	TCC	S	A	0.0	0.641321585515	0.133333333333	0.0281690140845	0.633802816901	0.206395348837	0.0377906976744	5676.0	0.583068109484	31.0	0.0	0.0
meygui	TCA	S	A	0.0	0.641321585515	0.117647058824	0.0377358490566	0.660377358491	0.154069767442	0.0377906976744	5676.0	0.657917019475	28.0	0.0	0.0
clalu	TCG	S	A	0.0	0.844519043384	0.133333333333	0.0833333333333	0.875	0.153354632588	0.0447284345048	5703.0	1.05992509363	30.0	0.0	0.0
clalu	TCT	S	A	0.0	0.844519043384	0.214285714286	0.0340909090909	0.795454545455	0.281150159744	0.0447284345048	5703.0	0.910569105691	29.0	0.0	0.0
clalu	AGT	S	A	0.0	0.844519043384	0.0909090909091	0.027027027027	0.594594594595	0.11821086262	0.0447284345048	5703.0	0.336597307222	9.0	0.0	0.0
clalu	TCC	S	A	0.0	0.844519043384	0.1875	0.0588235294118	0.75	0.217252396166	0.0447284345048	5703.0	0.870026525199	31.0	0.0	0.0
clalu	TCA	S	A	0.0	0.844519043384	0.142857142857	0.0454545454545	0.818181818182	0.140575079872	0.0447284345048	5703.0	0.895643363728	28.0	0.0	0.0
pacta	TCG	S	A	0.0	0.204428186186	0.25	0.130434782609	0.695652173913	0.0666666666667	0.063768115942	5806.0	1.06457925636	30.0	0.0	0.0
pacta	TCT	S	A	0.0	0.204428186186	0.25	0.0576923076923	0.798076923077	0.301449275362	0.063768115942	5806.0	1.00647948164	29.0	0.0	0.0
pacta	AGT	S	A	0.0	0.204428186186	0.0625	0.0142857142857	0.628571428571	0.202898550725	0.063768115942	5806.0	0.429305912596	9.0	0.0	0.0
pacta	AGC	S	A	0.0	0.204428186186	0.166666666667	0.1	0.7	0.0289855072464	0.063768115942	5806.0	0.845454545455	11.0	0.0	0.0
pacta	TCA	S	A	0.0	0.204428186186	0.333333333333	0.0924369747899	0.773109243697	0.344927536232	0.063768115942	5806.0	0.948775894539	28.0	0.0	0.0
klula	TCG	S	A	1.0	0.733185725887	0.0769230769231	0.03125	0.84375	0.0883977900552	0.0552486187845	6161.0	0.904225352113	30.0	0.0	0.0
klula	TCT	S	A	1.0	0.733185725887	0.3125	0.0720720720721	0.720720720721	0.306629834254	0.0552486187845	6161.0	0.825396825397	29.0	0.0	0.0
klula	AGT	S	A	1.0	0.733185725887	0.0714285714286	0.02	0.68	0.138121546961	0.0552486187845	6161.0	0.624209575429	9.0	0.0	0.0
klula	AGC	S	A	1.0	0.733185725887	0.0833333333333	0.04	0.64	0.0690607734807	0.0552486187845	6161.0	0.302025782689	11.0	0.0	0.0
klula	TCC	S	A	1.0	0.733185725887	0.266666666667	0.0923076923077	0.784615384615	0.17955801105	0.0552486187845	6161.0	1.00832177531	31.0	0.0	0.0
klula	TCA	S	A	1.0	0.733185725887	0.176470588235	0.0379746835443	0.683544303797	0.218232044199	0.0552486187845	6161.0	0.575740318907	28.0	0.0	0.0
canalb	TCT	S	A	0.0	0.508000489598	0.266666666667	0.0454545454545	0.875	0.261904761905	0.0297619047619	6161.0	0.966205837174	29.0	0.0	0.0
canalb	TCC	S	A	0.0	0.508000489598	0.0833333333333	0.0322580645161	0.870967741935	0.0922619047619	0.0297619047619	6161.0	0.895114942529	31.0	0.0	0.0
canalb	TCA	S	A	0.0	0.508000489598	0.3125	0.0416666666667	0.75	0.357142857143	0.0297619047619	6161.0	0.805492851768	28.0	0.0	0.0
cangla	TCG	S	A	1.0	0.88549042557	0.142857142857	0.0571428571429	0.714285714286	0.093085106383	0.0531914893617	6142.0	0.771501925546	30.0	0.0	0.0
cangla	TCT	S	A	1.0	0.88549042557	0.333333333333	0.0526315789474	0.684210526316	0.303191489362	0.0531914893617	6142.0	0.681437125749	29.0	0.0	0.0
cangla	AGT	S	A	1.0	0.88549042557	0.142857142857	0.0344827586207	0.551724137931	0.154255319149	0.0531914893617	6142.0	0.418039215686	9.0	0.0	0.0
cangla	AGC	S	A	1.0	0.88549042557	0.1	0.0294117647059	0.558823529412	0.0904255319149	0.0531914893617	6142.0	0.260402684564	11.0	0.0	0.0
cangla	TCC	S	A	1.0	0.88549042557	0.153846153846	0.0392156862745	0.843137254902	0.135638297872	0.0531914893617	6142.0	0.868953386104	31.0	0.0	0.0
cangla	TCA	S	A	1.0	0.88549042557	0.266666666667	0.0833333333333	0.666666666667	0.223404255319	0.0531914893617	6142.0	0.708874458874	28.0	0.0	0.0
torde	TCG	S	A	0.0	0.834620274392	0.25	0.0612244897959	0.673469387755	0.130666666667	0.064	6162.0	0.736111111111	30.0	0.0	0.0
torde	TCT	S	A	0.0	0.834620274392	0.3125	0.0521739130435	0.808695652174	0.306666666667	0.064	6162.0	0.904705882353	29.0	0.0	0.0
torde	AGT	S	A	0.0	0.834620274392	0.133333333333	0.0416666666667	0.645833333333	0.128	0.064	6162.0	0.486891385768	9.0	0.0	0.0
torde	AGC	S	A	0.0	0.834620274392	0.307692307692	0.093023255814	0.627906976744	0.114666666667	0.064	6162.0	0.743128964059	11.0	0.0	0.0
torde	TCC	S	A	0.0	0.834620274392	0.214285714286	0.0769230769231	0.74358974359	0.104	0.064	6162.0	0.902073732719	31.0	0.0	0.0
torde	TCA	S	A	0.0	0.834620274392	0.25	0.0740740740741	0.79012345679	0.216	0.064	6162.0	0.906547285954	28.0	0.0	0.0
erecy	TCG	S	A	0.0	0.626619603822	0.0833333333333	0.025641025641	0.897435897436	0.132203389831	0.0406779661017	4887.0	1.00682593857	30.0	0.0	0.0
erecy	TCT	S	A	0.0	0.626619603822	0.285714285714	0.0446428571429	0.839285714286	0.379661016949	0.0406779661017	4887.0	0.916666666667	29.0	0.0	0.0
erecy	AGT	S	A	0.0	0.626619603822	0.0666666666667	0.0277777777778	0.666666666667	0.122033898305	0.0406779661017	4887.0	0.583021223471	9.0	0.0	0.0
erecy	TCC	S	A	0.0	0.626619603822	0.0769230769231	0.0232558139535	0.837209302326	0.145762711864	0.0406779661017	4887.0	0.686253934942	31.0	0.0	0.0
erecy	TCA	S	A	0.0	0.626619603822	0.181818181818	0.0952380952381	0.738095238095	0.142372881356	0.0406779661017	4887.0	0.900107411386	28.0	0.0	0.0
yarli	TCG	S	A	1.0	0.345770116156	0.333333333333	0.0923076923077	0.676923076923	0.182584269663	0.0786516853933	6117.0	0.752591568763	30.0	0.0	0.0
yarli	TCT	S	A	1.0	0.345770116156	0.352941176471	0.0925925925926	0.648148148148	0.303370786517	0.0786516853933	6117.0	0.742761225346	29.0	0.0	0.0
yarli	AGT	S	A	1.0	0.345770116156	0.454545454545	0.15625	0.53125	0.0898876404494	0.0786516853933	6117.0	0.687230989957	9.0	0.0	0.0
yarli	AGC	S	A	1.0	0.345770116156	0.0833333333333	0.0357142857143	0.571428571429	0.0786516853933	0.0786516853933	6117.0	0.391304347826	11.0	0.0	0.0
yarli	TCC	S	A	1.0	0.345770116156	0.214285714286	0.0594059405941	0.70297029703	0.283707865169	0.0786516853933	6117.0	0.742336739227	31.0	0.0	0.0
picpa	TCG	S	A	0.0	0.0829989907534	0.0714285714286	0.0294117647059	0.794117647059	0.099706744868	0.058651026393	5902.0	0.889328063241	30.0	0.0	0.0
picpa	TCT	S	A	0.0	0.0829989907534	0.428571428571	0.111111111111	0.688888888889	0.263929618768	0.058651026393	5902.0	0.864756158874	29.0	0.0	0.0
picpa	AGC	S	A	0.0	0.0829989907534	0.230769230769	0.111111111111	0.555555555556	0.0791788856305	0.058651026393	5902.0	0.561643835616	11.0	0.0	0.0
picpa	TCC	S	A	0.0	0.0829989907534	0.133333333333	0.0333333333333	0.8	0.175953079179	0.058651026393	5902.0	0.758982035928	31.0	0.0	0.0
picpa	TCA	S	A	0.0	0.0829989907534	0.285714285714	0.0506329113924	0.708860759494	0.231671554252	0.058651026393	5902.0	0.712656784493	28.0	0.0	0.0
sacce	TCG	S	A	0.0	0.654732590598	0.272727272727	0.0909090909091	0.757575757576	0.0929577464789	0.0394366197183	6163.0	0.950684931507	30.0	0.0	0.0
sacce	TCT	S	A	0.0	0.654732590598	0.285714285714	0.0408163265306	0.816326530612	0.276056338028	0.0394366197183	6163.0	0.861559760037	29.0	0.0	0.0
sacce	AGT	S	A	0.0	0.654732590598	0.0588235294118	0.0166666666667	0.65	0.169014084507	0.0394366197183	6163.0	0.415653495441	9.0	0.0	0.0
sacce	AGC	S	A	0.0	0.654732590598	0.0714285714286	0.0294117647059	0.676470588235	0.0957746478873	0.0394366197183	6163.0	0.635638297872	11.0	0.0	0.0
sacce	TCC	S	A	0.0	0.654732590598	0.1875	0.0555555555556	0.851851851852	0.152112676056	0.0394366197183	6163.0	0.994176372712	31.0	0.0	0.0
sacce	TCA	S	A	0.0	0.654732590598	0.125	0.0263157894737	0.855263157895	0.214084507042	0.0394366197183	6163.0	0.857733175915	28.0	0.0	0.0
ashgo	TCG	S	A	1.0	0.835888631303	0.25	0.0444444444444	0.9	0.264705882353	0.0352941176471	6151.0	1.04047976012	30.0	0.0	0.0
ashgo	TCT	S	A	1.0	0.835888631303	0.0666666666667	0.0327868852459	0.83606557377	0.179411764706	0.0352941176471	6151.0	0.891851851852	29.0	0.0	0.0
ashgo	AGT	S	A	1.0	0.835888631303	0.0769230769231	0.0357142857143	0.75	0.0823529411765	0.0352941176471	6151.0	0.640132669983	9.0	0.0	0.0
ashgo	TCC	S	A	1.0	0.835888631303	0.214285714286	0.041095890411	0.890410958904	0.214705882353	0.0352941176471	6151.0	0.943592887799	31.0	0.0	0.0
ashgo	TCA	S	A	1.0	0.835888631303	0.142857142857	0.0555555555556	0.694444444444	0.105882352941	0.0352941176471	6151.0	0.649432534678	28.0	0.0	0.0
debha	TCG	S	A	0.0	0.409194004412	0.1875	0.0506329113924	0.822784810127	0.221288515406	0.0448179271709	6165.0	0.878117913832	30.0	0.0	0.0
debha	TCT	S	A	0.0	0.409194004412	0.2	0.0357142857143	0.809523809524	0.235294117647	0.0448179271709	6165.0	0.955961331901	29.0	0.0	0.0
debha	AGT	S	A	0.0	0.409194004412	0.0666666666667	0.02	0.76	0.140056022409	0.0448179271709	6165.0	0.617998163453	9.0	0.0	0.0
debha	AGC	S	A	0.0	0.409194004412	0.2	0.111111111111	0.5	0.0504201680672	0.0448179271709	6165.0	0.44080604534	11.0	0.0	0.0
debha	TCC	S	A	0.0	0.409194004412	0.111111111111	0.0243902439024	0.878048780488	0.114845938375	0.0448179271709	6165.0	1.06024096386	31.0	0.0	0.0
debha	TCA	S	A	0.0	0.409194004412	0.333333333333	0.0588235294118	0.729411764706	0.238095238095	0.0448179271709	6165.0	0.797225186766	28.0	0.0	0.0
kazaf	TCG	S	A	0.0	0.703040844406	0.0714285714286	0.0277777777778	0.777777777778	0.102564102564	0.048433048433	6137.0	0.797752808989	30.0	0.0	0.0
kazaf	TCT	S	A	0.0	0.703040844406	0.235294117647	0.0752688172043	0.795698924731	0.264957264957	0.048433048433	6137.0	0.939835031538	29.0	0.0	0.0
kazaf	AGT	S	A	0.0	0.703040844406	0.25	0.0625	0.578125	0.182336182336	0.048433048433	6137.0	0.477769936486	9.0	0.0	0.0
kazaf	TCC	S	A	0.0	0.703040844406	0.0625	0.0222222222222	0.8	0.128205128205	0.048433048433	6137.0	0.805194805195	31.0	0.0	0.0
kazaf	TCA	S	A	0.0	0.703040844406	0.1875	0.0416666666667	0.802083333333	0.273504273504	0.048433048433	6137.0	0.844770468528	28.0	0.0	0.0
wican	TCG	S	A	0.0	0.0914246059509	0.166666666667	0.222222222222	0.555555555556	0.0285714285714	0.0634920634921	5128.0	0.60396039604	30.0	0.0	0.002
wican	TCT	S	A	0.0	0.0914246059509	0.230769230769	0.0337078651685	0.876404494382	0.28253968254	0.0634920634921	5128.0	0.970262096774	29.0	0.0	0.0
wican	AGT	S	A	0.0	0.0914246059509	0.142857142857	0.05	0.833333333333	0.190476190476	0.0634920634921	5128.0	0.708333333333	9.0	0.0	0.0
wican	AGC	S	A	0.0	0.0914246059509	0.5	0.142857142857	0.571428571429	0.0222222222222	0.0634920634921	5128.0	0.837662337662	11.0	0.0	0.001
wican	TCC	S	A	0.0	0.0914246059509	0.0833333333333	0.0333333333333	0.8	0.0952380952381	0.0634920634921	5128.0	0.905120481928	31.0	0.0	0.0
wican	TCA	S	A	0.0	0.0914246059509	0.285714285714	0.0833333333333	0.75	0.380952380952	0.0634920634921	5128.0	0.877245508982	28.0	0.0	0.0
cantro	TCT	S	A	0.0	0.668156651028	0.333333333333	0.0714285714286	0.785714285714	0.272727272727	0.038961038961	5377.0	0.931914893617	29.0	0.0	0.0
cantro	AGT	S	A	0.0	0.668156651028	0.0666666666667	0.0151515151515	0.742424242424	0.214285714286	0.038961038961	5377.0	0.600135777325	9.0	0.0	0.0
cantro	TCC	S	A	0.0	0.668156651028	0.0909090909091	0.0285714285714	0.8	0.113636363636	0.038961038961	5377.0	0.85101010101	31.0	0.0	0.0
cantro	TCA	S	A	0.0	0.668156651028	0.235294117647	0.0416666666667	0.78125	0.311688311688	0.038961038961	5377.0	0.808391608392	28.0	0.0	0.0
picme	TCG	S	A	0.0	0.956254160077	0.4375	0.108108108108	0.635135135135	0.182266009852	0.0862068965517	6082.0	0.810583283223	30.0	0.0	0.0
picme	TCT	S	A	0.0	0.956254160077	0.357142857143	0.0721649484536	0.639175257732	0.238916256158	0.0862068965517	6082.0	0.674906716418	29.0	0.0	0.0
picme	AGT	S	A	0.0	0.956254160077	0.214285714286	0.0754716981132	0.433962264151	0.130541871921	0.0862068965517	6082.0	0.298533218292	9.0	0.0	0.0
picme	AGC	S	A	0.0	0.956254160077	0.125	0.047619047619	0.47619047619	0.103448275862	0.0862068965517	6082.0	0.265864332604	11.0	0.0	0.0
picme	TCC	S	A	0.0	0.956254160077	0.357142857143	0.1	0.65	0.197044334975	0.0862068965517	6082.0	0.784632641615	31.0	0.0	0.0
picme	TCA	S	A	0.0	0.956254160077	0.142857142857	0.1	0.6	0.147783251232	0.0862068965517	6082.0	0.6395173454	28.0	0.0	0.0
lodelo	TCG	S	A	0.0	0.397307363441	0.1875	0.05	0.816666666667	0.191693290735	0.0287539936102	5494.0	0.918979744936	30.0	0.0	0.0
lodelo	TCT	S	A	0.0	0.397307363441	0.230769230769	0.0612244897959	0.714285714286	0.156549520767	0.0287539936102	5494.0	0.895359417652	29.0	0.0	0.0
lodelo	TCC	S	A	0.0	0.397307363441	0.0833333333333	0.03125	0.8125	0.102236421725	0.0287539936102	5494.0	0.766016713092	31.0	0.0	0.0
lodelo	TCA	S	A	0.0	0.397307363441	0.125	0.0253164556962	0.79746835443	0.252396166134	0.0287539936102	5494.0	0.801014656144	28.0	0.0	0.0