### Random Forest prediction
genome	codon	ori_aa	rea_aa	fitch	Fisher pval	Gene frac	N. rea	N. used	Cod. count	Sub. count	G. len	codon_lik	id	prediction
Paracentrotus	TCG	S	A	0.0	0.0479705189494	0.666666666667	0.666666666667	0.333333333333	0.024	0.096	1926.0	2.18620689655	30.0	0.0
Paracentrotus	TCT	S	A	0.0	0.0479705189494	0.166666666667	0.0652173913043	0.5	0.368	0.096	1926.0	0.49979105725	29.0	0.0
Paracentrotus	AGC	S	A	0.0	0.0479705189494	0.166666666667	0.142857142857	0.714285714286	0.056	0.096	1926.0	1.02586206897	11.0	0.0
Paracentrotus	TCC	S	A	0.0	0.0479705189494	0.555555555556	0.166666666667	0.5	0.24	0.096	1926.0	0.847005208333	31.0	0.0
Paracentrotus	TCA	S	A	0.0	0.0479705189494	0.111111111111	0.0285714285714	0.714285714286	0.28	0.096	1926.0	0.555247084953	28.0	0.0
Caenorhabditis	TCG	S	A	0.0	0.338318871841	0.333333333333	0.25	0.0	0.0327868852459	0.139344262295	1865.0	0.361386138614	30.0	0.0
Caenorhabditis	TCT	S	A	0.0	0.338318871841	0.6	0.170212765957	0.36170212766	0.385245901639	0.139344262295	1865.0	0.664606510095	29.0	0.0
Caenorhabditis	AGT	S	A	0.0	0.338318871841	0.272727272727	0.0882352941176	0.264705882353	0.27868852459	0.139344262295	1865.0	0.189419795222	9.0	0.0
Caenorhabditis	AGC	S	A	0.0	0.338318871841	0.666666666667	0.666666666667	0.333333333333	0.0245901639344	0.139344262295	1865.0	1.87943262411	11.0	0.0
Caenorhabditis	TCC	S	A	0.0	0.338318871841	0.5	0.333333333333	0.333333333333	0.0245901639344	0.139344262295	1865.0	1.34838709677	31.0	0.0
Caenorhabditis	TCA	S	A	0.0	0.338318871841	0.2	0.0645161290323	0.290322580645	0.254098360656	0.139344262295	1865.0	0.242749054224	28.0	0.0
Physcomitrella_patens	TCT	S	A	0.0	0.525439273884	0.111111111111	0.0212765957447	0.978723404255	0.3671875	0.015625	1926.0	0.809603340292	29.0	0.0
Physcomitrella_patens	TCC	S	A	0.0	0.525439273884	0.142857142857	0.0833333333333	0.916666666667	0.09375	0.015625	1926.0	1.0667752443	31.0	0.0
Schistosoma	TCG	S	A	0.0	0.886717958381	0.2	0.0833333333333	0.166666666667	0.0857142857143	0.1	1800.0	-0.0179153094463	30.0	0.0
Schistosoma	TCT	S	A	0.0	0.886717958381	0.2	0.102040816327	0.285714285714	0.35	0.1	1800.0	0.197457290425	29.0	0.0
Schistosoma	AGT	S	A	0.0	0.886717958381	0.333333333333	0.0816326530612	0.34693877551	0.35	0.1	1800.0	0.154856687898	9.0	0.0
Schistosoma	TCA	S	A	0.0	0.886717958381	0.4	0.153846153846	0.384615384615	0.185714285714	0.1	1800.0	0.549274255157	28.0	0.0
Fasciola	TCG	S	A	0.0	0.95017240112	0.166666666667	0.125	0.25	0.0559440559441	0.13986013986	1825.0	0.0313253012048	30.0	0.0
Fasciola	TCT	S	A	0.0	0.95017240112	0.5	0.152777777778	0.347222222222	0.503496503497	0.13986013986	1825.0	0.421521035599	29.0	0.0
Fasciola	AGT	S	A	0.0	0.95017240112	0.5	0.127659574468	0.340425531915	0.328671328671	0.13986013986	1825.0	0.315079689416	9.0	0.0
Fasciola	TCC	S	A	0.0	0.95017240112	0.166666666667	0.125	0.375	0.0559440559441	0.13986013986	1825.0	0.109452736318	31.0	0.0
Fasciola	TCA	S	A	0.0	0.95017240112	0.25	0.166666666667	0.166666666667	0.041958041958	0.13986013986	1825.0	0.0846394984326	28.0	0.0
Dunaliella_salina	TCT	S	A	0.0	0.291414173509	0.166666666667	0.0333333333333	0.6	0.30612244898	0.0714285714286	1392.0	0.578226857888	29.0	0.0
Dunaliella_salina	AGT	S	A	0.0	0.291414173509	0.428571428571	0.0697674418605	0.674418604651	0.438775510204	0.0714285714286	1392.0	0.614666666667	9.0	0.0
Dunaliella_salina	AGC	S	A	0.0	0.291414173509	0.166666666667	0.1	0.7	0.102040816327	0.0714285714286	1392.0	0.750503018109	11.0	0.0
Dunaliella_salina	TCA	S	A	0.0	0.291414173509	0.25	0.2	0.4	0.102040816327	0.0714285714286	1392.0	1.07528957529	28.0	0.0
Patiria	TCG	S	A	0.0	0.264954050924	0.4	0.222222222222	0.444444444444	0.0731707317073	0.138211382114	1926.0	0.917570498915	30.0	0.0
Patiria	TCT	S	A	0.0	0.264954050924	0.416666666667	0.184210526316	0.526315789474	0.308943089431	0.138211382114	1926.0	1.01180891036	29.0	0.0
Patiria	AGT	S	A	0.0	0.264954050924	0.25	0.2	0.6	0.0406504065041	0.138211382114	1926.0	0.716535433071	9.0	0.0
Patiria	AGC	S	A	0.0	0.264954050924	0.333333333333	0.2	0.5	0.0813008130081	0.138211382114	1926.0	0.823182711198	11.0	0.0
Patiria	TCC	S	A	0.0	0.264954050924	0.444444444444	0.108108108108	0.648648648649	0.30081300813	0.138211382114	1926.0	0.842894056848	31.0	0.0
Patiria	TCA	S	A	0.0	0.264954050924	0.142857142857	0.0416666666667	0.75	0.19512195122	0.138211382114	1926.0	0.825061025224	28.0	0.0
Chaetosphaeridium_globosum	TCT	S	A	2.0	0.380165270078	0.2	0.0487804878049	0.951219512195	0.3203125	0.015625	1930.0	0.899811853246	29.0	0.0
Mesostigma_viride	TCT	S	A	7.0	0.0521253085098	0.0909090909091	0.02	0.94	0.390625	0.03125	1873.0	0.903200624512	29.0	0.0
Mesostigma_viride	AGT	S	A	7.0	0.0521253085098	0.111111111111	0.0263157894737	0.921052631579	0.296875	0.03125	1873.0	0.827831386491	9.0	0.0
Mesostigma_viride	TCC	S	A	7.0	0.0521253085098	0.4	0.285714285714	0.571428571429	0.0546875	0.03125	1873.0	1.23976608187	31.0	0.0
Pseudendoclonium_akinetum	TCG	S	A	0.0	0.887437844691	0.166666666667	0.111111111111	0.777777777778	0.06	0.1	1930.0	0.985010706638	30.0	0.0
Pseudendoclonium_akinetum	TCT	S	A	0.0	0.887437844691	0.272727272727	0.115384615385	0.846153846154	0.173333333333	0.1	1930.0	1.10151515152	29.0	0.0
Pseudendoclonium_akinetum	AGT	S	A	0.0	0.887437844691	0.363636363636	0.127659574468	0.574468085106	0.313333333333	0.1	1930.0	0.824252355592	9.0	0.0
Pseudendoclonium_akinetum	AGC	S	A	0.0	0.887437844691	0.181818181818	0.0769230769231	0.5	0.173333333333	0.1	1930.0	0.42242703533	11.0	0.0
Pseudendoclonium_akinetum	TCA	S	A	0.0	0.887437844691	0.333333333333	0.09375	0.75	0.213333333333	0.1	1930.0	0.671807526218	28.0	0.0
Lumbricus	TCT	S	A	0.0	0.041616253453	0.272727272727	0.0857142857143	0.457142857143	0.277777777778	0.047619047619	1920.0	0.461669505963	29.0	0.0
Lumbricus	AGC	S	A	0.0	0.041616253453	0.25	0.285714285714	0.428571428571	0.0555555555556	0.047619047619	1920.0	1.0737704918	11.0	0.0
Lumbricus	TCC	S	A	0.0	0.041616253453	0.111111111111	0.037037037037	0.444444444444	0.214285714286	0.047619047619	1920.0	0.301994301994	31.0	0.0
Halocynthia	TCG	S	A	0.0	0.657802238955	0.25	0.166666666667	0.5	0.0434782608696	0.115942028986	1893.0	1.22222222222	30.0	0.0
Halocynthia	TCT	S	A	0.0	0.657802238955	0.5	0.12	0.56	0.36231884058	0.115942028986	1893.0	0.769627279937	29.0	0.0
Halocynthia	AGT	S	A	0.0	0.657802238955	0.363636363636	0.0847457627119	0.406779661017	0.427536231884	0.115942028986	1893.0	0.31098572851	9.0	0.0
Halocynthia	TCA	S	A	0.0	0.657802238955	0.5	0.235294117647	0.411764705882	0.123188405797	0.115942028986	1893.0	0.839306358382	28.0	0.0
Limulus	TCT	S	A	0.0	0.0950995071434	0.3	0.0816326530612	0.551020408163	0.374045801527	0.0992366412214	1919.0	0.505980861244	29.0	0.0
Limulus	AGT	S	A	0.0	0.0950995071434	0.2	0.111111111111	0.444444444444	0.0687022900763	0.0992366412214	1919.0	0.713362068966	9.0	0.0
Limulus	TCC	S	A	0.0	0.0950995071434	0.444444444444	0.25	0.375	0.18320610687	0.0992366412214	1919.0	0.961196443007	31.0	0.0
Limulus	TCA	S	A	0.0	0.0950995071434	0.181818181818	0.047619047619	0.619047619048	0.320610687023	0.0992366412214	1919.0	0.689671144048	28.0	0.0
Bracteacoccus_aerius	TCT	S	A	0.0	0.165325717331	0.25	0.230769230769	0.538461538462	0.116071428571	0.0803571428571	1789.0	1.04431314623	29.0	0.0
Bracteacoccus_aerius	AGT	S	A	0.0	0.165325717331	0.222222222222	0.0454545454545	0.704545454545	0.392857142857	0.0803571428571	1789.0	0.599912739965	9.0	0.0
Bracteacoccus_aerius	AGC	S	A	0.0	0.165325717331	0.222222222222	0.0888888888889	0.711111111111	0.401785714286	0.0803571428571	1789.0	0.848667239897	11.0	0.0
Pycnococcus_provasolii	TCT	S	A	1.0	0.71223216544	0.333333333333	0.0714285714286	0.803571428571	0.427480916031	0.0381679389313	1930.0	0.876133984648	29.0	0.0
Pycnococcus_provasolii	TCA	S	A	1.0	0.71223216544	0.166666666667	0.0625	0.6875	0.12213740458	0.0381679389313	1930.0	0.747002398082	28.0	0.0
Polytoma_uvella	AGT	S	A	0.0	0.63526356659	0.166666666667	0.111111111111	0.444444444444	0.0978260869565	0.0434782608696	1394.0	0.191873589165	9.0	0.0
Polytoma_uvella	AGC	S	A	0.0	0.63526356659	0.2	0.0384615384615	0.769230769231	0.282608695652	0.0434782608696	1394.0	0.555390334572	11.0	0.0
Polytoma_uvella	TCC	S	A	0.0	0.63526356659	0.285714285714	0.0444444444444	0.755555555556	0.489130434783	0.0434782608696	1394.0	0.83568677792	31.0	0.0
Axinella	TCG	S	A	0.0	0.817941766852	0.111111111111	0.0588235294118	0.882352941176	0.137096774194	0.0564516129032	1924.0	0.983777520278	30.0	0.0
Axinella	TCT	S	A	0.0	0.817941766852	0.1	0.0263157894737	0.815789473684	0.306451612903	0.0564516129032	1924.0	0.796373056995	29.0	0.0
Axinella	AGT	S	A	0.0	0.817941766852	0.2	0.0714285714286	0.75	0.225806451613	0.0564516129032	1924.0	0.776779543884	9.0	0.0
Axinella	TCA	S	A	0.0	0.817941766852	0.375	0.103448275862	0.793103448276	0.233870967742	0.0564516129032	1924.0	0.872483221477	28.0	0.0
Prototheca_wickerhamii	TCT	S	A	1.0	0.837442944066	0.2	0.05	0.9	0.333333333333	0.0333333333333	1924.0	0.953726254262	29.0	0.0
Prototheca_wickerhamii	AGT	S	A	1.0	0.837442944066	0.0909090909091	0.0243902439024	0.926829268293	0.341666666667	0.0333333333333	1924.0	0.91678554446	9.0	0.0
Prototheca_wickerhamii	TCA	S	A	1.0	0.837442944066	0.0909090909091	0.037037037037	0.888888888889	0.225	0.0333333333333	1924.0	0.736571008094	28.0	0.0
Terebratulina	TCT	S	A	0.0	0.448884148524	0.181818181818	0.0714285714286	0.47619047619	0.333333333333	0.0634920634921	1915.0	0.483796296296	29.0	0.0
Terebratulina	AGC	S	A	0.0	0.448884148524	0.2	0.166666666667	0.5	0.047619047619	0.0634920634921	1915.0	0.706666666667	11.0	0.0
Terebratulina	TCC	S	A	0.0	0.448884148524	0.0909090909091	0.0217391304348	0.565217391304	0.365079365079	0.0634920634921	1915.0	0.429419245443	31.0	0.0
Terebratulina	TCA	S	A	0.0	0.448884148524	0.272727272727	0.115384615385	0.576923076923	0.206349206349	0.0634920634921	1915.0	0.651806302844	28.0	0.0
Chlorokybus_atmophyticus	TCA	S	A	0.0	0.599999956843	0.0909090909091	0.0333333333333	0.966666666667	0.243902439024	0.00813008130081	1930.0	0.874675324675	28.0	0.0
Bfloridae	TCG	S	A	2.0	0.771215578984	0.2	0.125	0.75	0.0987654320988	0.0864197530864	1192.0	0.879356568365	30.0	0.0
Bfloridae	TCT	S	A	2.0	0.771215578984	0.142857142857	0.05	0.8	0.246913580247	0.0864197530864	1192.0	0.785575048733	29.0	0.0
Bfloridae	AGT	S	A	2.0	0.771215578984	0.142857142857	0.117647058824	0.411764705882	0.20987654321	0.0864197530864	1192.0	0.326364692218	9.0	0.0
Bfloridae	TCA	S	A	2.0	0.771215578984	0.25	0.130434782609	0.565217391304	0.283950617284	0.0864197530864	1192.0	0.583194675541	28.0	0.0
Katharina	TCT	S	A	0.0	0.267017230887	0.181818181818	0.0377358490566	0.754716981132	0.445378151261	0.0588235294118	1917.0	0.807532956685	29.0	0.0
Katharina	AGT	S	A	0.0	0.267017230887	0.166666666667	0.0833333333333	0.5	0.100840336134	0.0588235294118	1917.0	0.384742951907	9.0	0.0
Katharina	AGC	S	A	0.0	0.267017230887	0.166666666667	0.111111111111	0.222222222222	0.0756302521008	0.0588235294118	1917.0	0.0407725321888	11.0	0.0
Katharina	TCC	S	A	0.0	0.267017230887	0.166666666667	0.1	0.7	0.0840336134454	0.0588235294118	1917.0	0.712031558185	31.0	0.0
Katharina	TCA	S	A	0.0	0.267017230887	0.222222222222	0.0645161290323	0.451612903226	0.260504201681	0.0588235294118	1917.0	0.332501559576	28.0	0.0
Geodia	TCG	S	A	0.0	0.151472334673	0.25	0.285714285714	0.714285714286	0.0538461538462	0.0615384615385	1925.0	1.39660056657	30.0	0.0
Geodia	TCT	S	A	0.0	0.151472334673	0.25	0.063829787234	0.829787234043	0.361538461538	0.0615384615385	1925.0	0.8791300711	29.0	0.0
Geodia	AGT	S	A	0.0	0.151472334673	0.111111111111	0.0322580645161	0.806451612903	0.238461538462	0.0615384615385	1925.0	0.696305572949	9.0	0.0
Geodia	AGC	S	A	0.0	0.151472334673	0.25	0.166666666667	0.5	0.0461538461538	0.0615384615385	1925.0	0.990476190476	11.0	0.0
Geodia	TCA	S	A	0.0	0.151472334673	0.1	0.03125	0.8125	0.246153846154	0.0615384615385	1925.0	0.760340632603	28.0	0.0
Metridium	TCT	S	A	0.0	0.90157960323	0.333333333333	0.1	0.82	0.416666666667	0.075	1928.0	0.870145154963	29.0	0.0
Metridium	AGT	S	A	0.0	0.90157960323	0.111111111111	0.04	0.76	0.208333333333	0.075	1928.0	0.75	9.0	0.0
Metridium	AGC	S	A	0.0	0.90157960323	0.25	0.142857142857	0.857142857143	0.0583333333333	0.075	1928.0	1.04347826087	11.0	0.0
Metridium	TCC	S	A	0.0	0.90157960323	0.166666666667	0.0833333333333	0.75	0.1	0.075	1928.0	0.973466003317	31.0	0.0
Metridium	TCA	S	A	0.0	0.90157960323	0.111111111111	0.0625	0.875	0.133333333333	0.075	1928.0	0.996441281139	28.0	0.0
Chlamydomonas_reinhardtii	AGT	S	A	0.0	0.478046588735	0.285714285714	0.09375	0.59375	0.340425531915	0.0531914893617	1389.0	0.667076923077	9.0	0.0
Chlamydomonas_reinhardtii	AGC	S	A	0.0	0.478046588735	0.285714285714	0.0689655172414	0.655172413793	0.308510638298	0.0531914893617	1389.0	0.622368421053	11.0	0.0
Acropora	TCG	S	A	0.0	0.873764266175	0.111111111111	0.0434782608696	0.826086956522	0.181102362205	0.0787401574803	1926.0	0.740150880134	30.0	0.0
Acropora	TCT	S	A	0.0	0.873764266175	0.363636363636	0.0980392156863	0.78431372549	0.40157480315	0.0787401574803	1926.0	0.906455353692	29.0	0.0
Acropora	AGT	S	A	0.0	0.873764266175	0.181818181818	0.107142857143	0.678571428571	0.220472440945	0.0787401574803	1926.0	0.63649122807	9.0	0.0
Acropora	TCC	S	A	0.0	0.873764266175	0.142857142857	0.0909090909091	0.636363636364	0.0866141732283	0.0787401574803	1926.0	0.810434782609	31.0	0.0
Marchantia_polymorpha	AGT	S	A	0.0	0.48034118397	0.111111111111	0.0357142857143	0.964285714286	0.224	0.016	1930.0	1.04041811847	9.0	0.0
Marchantia_polymorpha	TCC	S	A	0.0	0.48034118397	0.111111111111	0.05	0.95	0.16	0.016	1930.0	0.999029126214	31.0	0.0
Trichinella	TCT	S	A	0.0	0.615665208615	0.444444444444	0.172413793103	0.344827586207	0.221374045802	0.145038167939	1883.0	0.499335989376	29.0	0.0
Trichinella	AGT	S	A	0.0	0.615665208615	0.111111111111	0.05	0.4	0.152671755725	0.145038167939	1883.0	0.0583173996176	9.0	0.0
Trichinella	AGC	S	A	0.0	0.615665208615	0.166666666667	0.0769230769231	0.307692307692	0.0992366412214	0.145038167939	1883.0	0.142640364188	11.0	0.0
Trichinella	TCC	S	A	0.0	0.615665208615	0.375	0.190476190476	0.333333333333	0.160305343511	0.145038167939	1883.0	0.518072289157	31.0	0.0
Trichinella	TCA	S	A	0.0	0.615665208615	0.444444444444	0.216216216216	0.486486486486	0.282442748092	0.145038167939	1883.0	0.972177635099	28.0	0.0
Bracteacoccus_minor	TCT	S	A	0.0	0.301109690682	0.285714285714	0.105263157895	0.368421052632	0.191919191919	0.0606060606061	1686.0	0.363	29.0	0.0
Bracteacoccus_minor	AGT	S	A	0.0	0.301109690682	0.222222222222	0.05	0.675	0.40404040404	0.0606060606061	1686.0	0.59390125847	9.0	0.0
Bracteacoccus_minor	AGC	S	A	0.0	0.301109690682	0.125	0.0344827586207	0.724137931034	0.292929292929	0.0606060606061	1686.0	0.492084432718	11.0	0.0
Bracteacoccus_minor	TCC	S	A	0.0	0.301109690682	0.125	0.0909090909091	0.636363636364	0.111111111111	0.0606060606061	1686.0	0.330948121646	31.0	0.0
Chromochloris_zofingiensis	TCT	S	A	0.0	0.0779408637894	0.333333333333	0.0882352941176	0.323529411765	0.34	0.07	1522.0	0.309604519774	29.0	0.0
Chromochloris_zofingiensis	AGT	S	A	0.0	0.0779408637894	0.3	0.0545454545455	0.563636363636	0.55	0.07	1522.0	0.453898184407	9.0	0.0
Chromochloris_zofingiensis	TCC	S	A	0.0	0.0779408637894	1.0	1.0	0.0	0.01	0.07	1522.0	1.76785714286	31.0	0.0
Balanoglossus	TCG	S	A	0.0	0.0822867713429	0.4	0.428571428571	0.571428571429	0.0530303030303	0.0681818181818	1926.0	1.63294797688	30.0	0.0
Balanoglossus	TCT	S	A	0.0	0.0822867713429	0.111111111111	0.04	0.72	0.189393939394	0.0681818181818	1926.0	0.546982429335	29.0	0.0
Balanoglossus	AGT	S	A	0.0	0.0822867713429	0.166666666667	0.125	0.75	0.0606060606061	0.0681818181818	1926.0	0.862980769231	9.0	0.0
Balanoglossus	AGC	S	A	0.0	0.0822867713429	0.1	0.0555555555556	0.666666666667	0.136363636364	0.0681818181818	1926.0	0.428263214671	11.0	0.0
Balanoglossus	TCC	S	A	0.0	0.0822867713429	0.181818181818	0.05	0.575	0.30303030303	0.0681818181818	1926.0	0.608232445521	31.0	0.0
Balanoglossus	TCA	S	A	0.0	0.0822867713429	0.0909090909091	0.0294117647059	0.735294117647	0.257575757576	0.0681818181818	1926.0	0.779768786127	28.0	0.0
Drosophila	TCT	S	A	0.0	0.700648876839	0.545454545455	0.111111111111	0.5	0.482142857143	0.0892857142857	1919.0	0.521373766898	29.0	0.0
Drosophila	TCA	S	A	0.0	0.700648876839	0.444444444444	0.1	0.65	0.357142857143	0.0892857142857	1919.0	0.876089060987	28.0	0.0
Myxine	TCG	S	A	0.0	0.220736329609	0.5	0.5	0.25	0.0239520958084	0.11377245509	1919.0	1.71296296296	30.0	0.0
Myxine	TCT	S	A	0.0	0.220736329609	0.181818181818	0.0769230769231	0.487179487179	0.233532934132	0.11377245509	1919.0	0.550702811245	29.0	0.0
Myxine	AGT	S	A	0.0	0.220736329609	0.166666666667	0.142857142857	0.428571428571	0.0419161676647	0.11377245509	1919.0	0.448369565217	9.0	0.0
Myxine	AGC	S	A	0.0	0.220736329609	0.5	0.176470588235	0.411764705882	0.101796407186	0.11377245509	1919.0	0.671296296296	11.0	0.0
Myxine	TCC	S	A	0.0	0.220736329609	0.25	0.075	0.525	0.239520958084	0.11377245509	1919.0	0.402559055118	31.0	0.0
Myxine	TCA	S	A	0.0	0.220736329609	0.363636363636	0.116666666667	0.6	0.359281437126	0.11377245509	1919.0	0.644633507853	28.0	0.0
Ciona	TCT	S	A	0.0	0.628272898982	0.583333333333	0.140845070423	0.380281690141	0.422619047619	0.142857142857	1891.0	0.605125378892	29.0	0.0
Ciona	AGT	S	A	0.0	0.628272898982	0.25	0.0952380952381	0.547619047619	0.25	0.142857142857	1891.0	0.577849860982	9.0	0.0
Ciona	AGC	S	A	0.0	0.628272898982	0.25	0.25	0.5	0.0238095238095	0.142857142857	1891.0	1.1619047619	11.0	0.0
Ciona	TCC	S	A	0.0	0.628272898982	0.333333333333	0.166666666667	0.333333333333	0.0714285714286	0.142857142857	1891.0	0.717868338558	31.0	0.0
Ciona	TCA	S	A	0.0	0.628272898982	0.25	0.184210526316	0.473684210526	0.22619047619	0.142857142857	1891.0	0.729089952656	28.0	0.0
Epigonichthys	TCT	S	A	0.0	0.456553178078	0.333333333333	0.12	0.66	0.434782608696	0.104347826087	1918.0	0.808518952716	29.0	0.0
Epigonichthys	AGT	S	A	0.0	0.456553178078	0.333333333333	0.181818181818	0.363636363636	0.095652173913	0.104347826087	1918.0	0.580530973451	9.0	0.0
Epigonichthys	AGC	S	A	0.0	0.456553178078	0.125	0.0769230769231	0.769230769231	0.113043478261	0.104347826087	1918.0	0.625194401244	11.0	0.0
Epigonichthys	TCA	S	A	0.0	0.456553178078	0.285714285714	0.166666666667	0.555555555556	0.15652173913	0.104347826087	1918.0	0.919037199125	28.0	0.0
Daphnia	TCG	S	A	0.0	0.734636283522	0.142857142857	0.111111111111	0.777777777778	0.0737704918033	0.114754098361	1916.0	1.01498929336	30.0	0.0
Daphnia	TCT	S	A	0.0	0.734636283522	0.333333333333	0.0980392156863	0.549019607843	0.418032786885	0.114754098361	1916.0	0.486181393538	29.0	0.0
Daphnia	AGT	S	A	0.0	0.734636283522	0.1	0.125	0.3125	0.131147540984	0.114754098361	1916.0	0.362745098039	9.0	0.0
Daphnia	TCC	S	A	0.0	0.734636283522	0.285714285714	0.153846153846	0.538461538462	0.106557377049	0.114754098361	1916.0	0.862804878049	31.0	0.0
Daphnia	TCA	S	A	0.0	0.734636283522	0.444444444444	0.173913043478	0.565217391304	0.188524590164	0.114754098361	1916.0	0.92170212766	28.0	0.0
Homo	TCG	S	A	0.0	0.16714344894	0.333333333333	0.333333333333	0.333333333333	0.0234375	0.078125	1920.0	0.968944099379	30.0	0.0
Homo	TCT	S	A	0.0	0.16714344894	0.333333333333	0.133333333333	0.666666666667	0.1171875	0.078125	1920.0	0.775949367089	29.0	0.0
Homo	AGT	S	A	0.0	0.16714344894	0.166666666667	0.166666666667	0.166666666667	0.046875	0.078125	1920.0	0.0970873786408	9.0	0.0
Homo	AGC	S	A	0.0	0.16714344894	0.125	0.047619047619	0.571428571429	0.1640625	0.078125	1920.0	0.5	11.0	0.0
Homo	TCC	S	A	0.0	0.16714344894	0.3	0.0697674418605	0.674418604651	0.3359375	0.078125	1920.0	0.622995877233	31.0	0.0
Homo	TCA	S	A	0.0	0.16714344894	0.2	0.05	0.65	0.3125	0.078125	1920.0	0.647030185005	28.0	0.0
Blanceolatum	TCT	S	A	2.0	0.743929641954	0.222222222222	0.0882352941176	0.676470588235	0.447368421053	0.0789473684211	1187.0	0.607865818392	29.0	0.0
Blanceolatum	AGT	S	A	2.0	0.743929641954	0.142857142857	0.117647058824	0.529411764706	0.223684210526	0.0789473684211	1187.0	0.39446366782	9.0	0.0
Blanceolatum	TCC	S	A	2.0	0.743929641954	0.333333333333	0.2	0.8	0.0657894736842	0.0789473684211	1187.0	1.26070038911	31.0	0.0
Saccoglossus	TCT	S	A	0.0	0.443050623646	0.3	0.0612244897959	0.632653061224	0.352517985612	0.0719424460432	1924.0	0.571485463959	29.0	0.0
Saccoglossus	AGT	S	A	0.0	0.443050623646	0.25	0.105263157895	0.842105263158	0.136690647482	0.0719424460432	1924.0	0.914228052472	9.0	0.0
Saccoglossus	AGC	S	A	0.0	0.443050623646	0.2	0.125	0.5	0.0575539568345	0.0719424460432	1924.0	0.699731903485	11.0	0.0
Saccoglossus	TCC	S	A	0.0	0.443050623646	0.375	0.130434782609	0.478260869565	0.165467625899	0.0719424460432	1924.0	0.470288624788	31.0	0.0
Saccoglossus	TCA	S	A	0.0	0.443050623646	0.0909090909091	0.0263157894737	0.605263157895	0.273381294964	0.0719424460432	1924.0	0.511546184739	28.0	0.0
Nephroselmis_olivacea	TCT	S	A	0.0	0.4323426664	0.2	0.046511627907	0.953488372093	0.346774193548	0.0322580645161	1929.0	0.925638686131	29.0	0.0
Nephroselmis_olivacea	TCA	S	A	0.0	0.4323426664	0.222222222222	0.0869565217391	0.913043478261	0.185483870968	0.0322580645161	1929.0	0.961705831158	28.0	0.0

### Alignment improvement:
