### Random Forest prediction
genome	codon	ori_aa	rea_aa	fitch	Fisher_pval	Gene_frac	N._rea	N._used	Cod._count	Sub._count	G._len	codon_lik	id	prediction	probability
SpombA	ACA	T	I	0.0	0.166761182129	0.5	0.130434782609	0.565217391304	0.383333333333	0.0666666666667	1424.0	-0.0248036378669	12.0	0.0	0.0
SpombA	ACT	T	I	0.0	0.166761182129	0.166666666667	0.0277777777778	0.694444444444	0.6	0.0666666666667	1424.0	-0.793381759483	13.0	0.0	0.0
WmucoA	ACA	T	I	0.0	0.734939667523	0.0909090909091	0.0196078431373	0.843137254902	0.515151515152	0.010101010101	2246.0	-0.834910408697	12.0	0.0	0.0
CgallA	ACA	T	I	0.0	0.82049172299	0.166666666667	0.027397260274	0.643835616438	0.623931623932	0.034188034188	2247.0	-0.692959770115	12.0	0.0	0.0
CgallA	ACT	T	I	0.0	0.82049172299	0.181818181818	0.0454545454545	0.727272727273	0.376068376068	0.034188034188	2247.0	-0.890276301807	13.0	0.0	0.0
CgigaA	ACC	T	I	0.0	0.786516780227	0.111111111111	0.0232558139535	0.860465116279	0.447916666667	0.0104166666667	2002.0	-0.708655705996	15.0	0.0	0.0
CsantA	ACA	T	I	0.0	0.81766227471	0.0769230769231	0.0178571428571	0.625	0.474576271186	0.0254237288136	2220.0	-0.78213592233	12.0	0.0	0.0
CsantA	ACT	T	I	0.0	0.81766227471	0.181818181818	0.037037037037	0.685185185185	0.457627118644	0.0254237288136	2220.0	-0.486424870466	13.0	0.0	0.0
WpijpA	ACA	T	I	0.0	0.635593220339	0.142857142857	0.0204081632653	0.857142857143	0.720588235294	0.0147058823529	1429.0	-0.735834155972	12.0	0.0	0.0
BarxA	ACA	T	I	0.0	0.71875	1.0	0.0666666666667	0.533333333333	0.6	0.04	434.0	-0.62	12.0	0.0	0.048
CsubhA	ACG	T	I	0.0	0.175257699925	0.0909090909091	0.047619047619	0.809523809524	0.190909090909	0.00909090909091	2244.0	-0.600660066007	14.0	0.0	0.0
CsubhB	ACG	T	I	0.0	0.175257699925	0.0909090909091	0.047619047619	0.809523809524	0.190909090909	0.00909090909091	2244.0	-0.600660066007	14.0	0.0	0.0
OanguA	ACC	T	I	0.0	0.163776841733	0.333333333333	0.166666666667	0.666666666667	0.0508474576271	0.0423728813559	2248.0	-0.283227848101	15.0	0.0	0.0
OanguA	ACA	T	I	0.0	0.163776841733	0.3	0.0588235294118	0.745098039216	0.432203389831	0.0423728813559	2248.0	-0.640724727198	12.0	0.0	0.0
OanguA	ACT	T	I	0.0	0.163776841733	0.0909090909091	0.0166666666667	0.766666666667	0.508474576271	0.0423728813559	2248.0	-0.916956353805	13.0	0.0	0.0
CalaiA	ACT	T	I	0.0	0.739130434783	0.1	0.0188679245283	0.88679245283	0.535353535354	0.010101010101	2056.0	-0.863879532395	13.0	0.0	0.0
CblacA	ACT	T	I	0.0	0.666666666667	1.0	0.0666666666667	0.866666666667	0.681818181818	0.0454545454545	434.0	-0.708914493633	13.0	0.0	0.04
CnorvA	ACA	T	I	0.0	0.719512098282	0.0909090909091	0.0178571428571	0.803571428571	0.549019607843	0.00980392156863	2249.0	-0.78359546088	12.0	0.0	0.0
MstarA	ACA	T	I	0.0	0.120689655172	0.2	0.0363636363636	0.745454545455	0.5	0.0181818181818	2249.0	-0.966199347033	12.0	0.0	0.0
NbaciA	ACT	T	I	0.0	0.666666666667	0.166666666667	0.025	0.875	0.615384615385	0.0153846153846	1428.0	-0.638942307692	13.0	0.0	0.0
CbohiA	ACT	T	I	0.0	0.217171717172	0.1	0.0222222222222	0.933333333333	0.436893203883	0.00970873786408	2250.0	-0.782107843137	13.0	0.0	0.0
LstarA	ACT	T	I	0.0	0.692857036815	0.125	0.0185185185185	0.777777777778	0.574468085106	0.0106382978723	1834.0	-0.801778136997	13.0	0.0	0.0
CphanA	ACA	T	I	0.0	0.194602257268	0.307692307692	0.0493827160494	0.679012345679	0.698275862069	0.0344827586207	2247.0	-0.685248041775	12.0	0.0	0.0
CglabA	ACT	T	I	0.0	0.745901639344	0.2	0.03125	0.9375	0.463768115942	0.0144927536232	1413.0	-0.625899280576	13.0	0.0	0.0
ScryoA	ACA	T	I	0.0	0.347271014435	0.428571428571	0.103448275862	0.620689655172	0.420289855072	0.0579710144928	1424.0	-0.499008592201	12.0	0.0	0.0
ScryoA	ACT	T	I	0.0	0.347271014435	0.166666666667	0.027027027027	0.621621621622	0.536231884058	0.0579710144928	1424.0	-0.351435221102	13.0	0.0	0.0
CsakeA	ACT	T	I	0.0	0.217821710393	0.1	0.0227272727273	0.931818181818	0.407407407407	0.00925925925926	2207.0	-0.822480812082	13.0	0.0	0.0
HuvarA	ACA	T	I	0.0	0.282787098559	0.6	0.190476190476	0.52380952381	0.362068965517	0.103448275862	1361.0	-0.207617278216	12.0	0.0	0.0
HuvarA	ACT	T	I	0.0	0.282787098559	0.333333333333	0.0571428571429	0.485714285714	0.603448275862	0.103448275862	1361.0	-0.293956795187	13.0	0.0	0.0
CzempA	ACA	T	I	0.0	0.384343390228	0.333333333333	0.0625	0.65625	0.484848484848	0.030303030303	1428.0	-0.600541842264	12.0	0.0	0.0
CmetaB	ACT	T	I	0.0	0.752475162066	0.0833333333333	0.02	0.98	0.490196078431	0.00980392156863	2250.0	-0.75595105673	13.0	0.0	0.0
CmetaC	ACT	T	I	0.0	0.752475162066	0.0833333333333	0.02	0.98	0.490196078431	0.00980392156863	2250.0	-0.75595105673	13.0	0.0	0.0
CmetaA	ACT	T	I	0.0	0.752475162066	0.0833333333333	0.02	0.98	0.490196078431	0.00980392156863	2250.0	-0.75595105673	13.0	0.0	0.0
CmetaF	ACT	T	I	0.0	0.752475162066	0.0833333333333	0.02	0.98	0.490196078431	0.00980392156863	2250.0	-0.75595105673	13.0	0.0	0.0
CfrijA	ACA	T	I	0.0	0.252525175802	0.0909090909091	0.0222222222222	0.955555555556	0.432692307692	0.00961538461538	2249.0	-0.77619047619	12.0	0.0	0.0
CmetaD	ACT	T	I	0.0	0.752475162066	0.0833333333333	0.02	0.98	0.490196078431	0.00980392156863	2250.0	-0.75595105673	13.0	0.0	0.0
CmetaE	ACT	T	I	0.0	0.752475162066	0.0833333333333	0.02	0.98	0.490196078431	0.00980392156863	2250.0	-0.75595105673	13.0	0.0	0.0
PpastA	ACA	T	I	0.0	0.778115337559	0.25	0.0459770114943	0.83908045977	0.81308411215	0.0373831775701	2248.0	-0.559604307538	12.0	0.0	0.0
SjapoA	ACC	T	I	0.0	0.0476190311784	0.5	0.2	0.6	0.0704225352113	0.0140845070423	1423.0	-0.38446969697	15.0	0.0	0.0
MmagnB	ACA	T	I	0.0	0.704490675841	0.181818181818	0.0224719101124	0.730337078652	0.760683760684	0.017094017094	2249.0	-0.82313253012	12.0	0.0	0.0
MmagnA	ACA	T	I	0.0	0.704490675841	0.181818181818	0.0222222222222	0.722222222222	0.769230769231	0.017094017094	2249.0	-0.829845422117	12.0	0.0	0.0
CcoryA	ACT	T	I	0.0	0.734693785953	0.125	0.0188679245283	0.962264150943	0.519607843137	0.00980392156863	2250.0	-0.825822168088	13.0	0.0	0.0
CparaC	ACA	T	I	0.0	0.227722697073	0.0909090909091	0.0222222222222	0.955555555556	0.436893203883	0.00970873786408	2250.0	-0.841445783133	12.0	0.0	0.0
CparaB	ACA	T	I	0.0	0.227722697073	0.0909090909091	0.0222222222222	0.955555555556	0.436893203883	0.00970873786408	2250.0	-0.841445783133	12.0	0.0	0.0
CparaE	ACA	T	I	0.0	0.227722697073	0.0909090909091	0.0222222222222	0.955555555556	0.436893203883	0.00970873786408	2250.0	-0.841445783133	12.0	0.0	0.0
CparaD	ACA	T	I	0.0	0.227722697073	0.0909090909091	0.0222222222222	0.955555555556	0.436893203883	0.00970873786408	2250.0	-0.841445783133	12.0	0.0	0.0
CparaF	ACA	T	I	0.0	0.227722697073	0.0909090909091	0.0222222222222	0.955555555556	0.436893203883	0.00970873786408	2250.0	-0.841445783133	12.0	0.0	0.0
MtetrA	ACA	T	I	0.0	0.40588232857	0.0909090909091	0.015873015873	0.650793650794	0.533898305085	0.0169491525424	2248.0	-0.738846216702	12.0	0.0	0.0
MtetrA	ACG	T	I	0.0	0.40588232857	0.142857142857	0.0588235294118	0.647058823529	0.14406779661	0.0169491525424	2248.0	-1.05350118017	14.0	0.0	0.0
CsuavA	ACA	T	I	0.0	0.676470476535	0.0769230769231	0.015625	0.84375	0.64	0.01	2250.0	-0.84166392634	12.0	0.0	0.0
PkluyA	ACA	T	I	0.0	0.731680731137	0.363636363636	0.0505050505051	0.808080808081	0.87610619469	0.0442477876106	2247.0	-0.605166051661	12.0	0.0	0.0
PcanaA	ACA	T	I	0.0	0.690476190476	0.0833333333333	0.0169491525424	0.864406779661	0.59	0.01	2250.0	-0.871497412101	12.0	0.0	0.0
YlipoB	ACA	T	I	0.0	0.819100545436	0.166666666667	0.0285714285714	0.657142857143	0.598290598291	0.034188034188	2247.0	-0.829153366773	12.0	0.0	0.0
YlipoB	ACT	T	I	0.0	0.819100545436	0.181818181818	0.0425531914894	0.68085106383	0.401709401709	0.034188034188	2247.0	-0.780835143616	13.0	0.0	0.0
YlipoA	ACA	T	I	0.0	0.819100545436	0.166666666667	0.0285714285714	0.657142857143	0.598290598291	0.034188034188	2247.0	-0.829153366773	12.0	0.0	0.0
YlipoA	ACT	T	I	0.0	0.819100545436	0.181818181818	0.0425531914894	0.68085106383	0.401709401709	0.034188034188	2247.0	-0.780835143616	13.0	0.0	0.0
CjadiA	ACT	T	I	0.0	0.156976744186	0.1	0.0285714285714	0.742857142857	0.346534653465	0.00990099009901	2250.0	-0.64339314845	13.0	0.0	0.0
AgossB	ACT	T	I	0.0	0.65	0.142857142857	0.0208333333333	0.854166666667	0.695652173913	0.0144927536232	1427.0	-0.865763792073	13.0	0.0	0.0
NdelpA	ACT	T	I	0.0	0.728813559322	0.166666666667	0.0285714285714	0.885714285714	0.507246376812	0.0144927536232	1412.0	-0.88361831219	13.0	0.0	0.0
CalimA	ACA	T	I	0.0	0.0349327638846	0.0833333333333	0.0119047619048	0.690476190476	0.730434782609	0.0347826086957	2247.0	-0.876189268045	12.0	0.0	0.0
CalimA	ACT	T	I	0.0	0.0349327638846	0.3	0.0967741935484	0.645161290323	0.269565217391	0.0347826086957	2247.0	-0.51062215478	13.0	0.0	0.0
CchauA	ACA	T	I	0.0	0.727722678272	0.1	0.0172413793103	0.931034482759	0.547169811321	0.00943396226415	2250.0	-0.8770208901	12.0	0.0	0.0
BcaliA	ACA	T	I	0.0	0.746987951807	0.1	0.02	0.82	0.5	0.01	2250.0	-0.79757677042	12.0	0.0	0.0
SoctoA	ACA	T	I	0.0	0.796607307907	0.142857142857	0.0384615384615	0.692307692308	0.393939393939	0.0454545454545	1425.0	-0.59667896679	12.0	0.0	0.0
SoctoA	ACT	T	I	0.0	0.796607307907	0.333333333333	0.0512820512821	0.615384615385	0.590909090909	0.0454545454545	1425.0	-0.451028403526	13.0	0.0	0.0
CvartA	ACT	T	I	0.0	0.247058823529	0.1	0.0188679245283	0.77358490566	0.524752475248	0.00990099009901	2250.0	-0.76094625441	13.0	0.0	0.0
CbuenA	ACT	T	I	0.0	0.64	0.0909090909091	0.012987012987	0.922077922078	0.706422018349	0.00917431192661	2248.0	-0.865819827712	13.0	0.0	0.0
CdefoA	ACA	T	I	0.0	0.474879957022	0.166666666667	0.025641025641	0.666666666667	0.661016949153	0.0338983050847	2247.0	-0.760955094288	12.0	0.0	0.0
CdefoA	ACT	T	I	0.0	0.474879957022	0.181818181818	0.0512820512821	0.666666666667	0.330508474576	0.0338983050847	2247.0	-0.783945091018	13.0	0.0	0.0
LkluyF	ACT	T	I	0.0	0.2	0.2	0.0416666666667	0.958333333333	0.369230769231	0.0153846153846	1429.0	-0.748887990295	13.0	0.0	0.0
LkluyE	ACT	T	I	0.0	0.2	0.2	0.0416666666667	0.958333333333	0.369230769231	0.0153846153846	1429.0	-0.748887990295	13.0	0.0	0.0
LkluyD	ACT	T	I	0.0	0.2	0.2	0.0416666666667	0.958333333333	0.369230769231	0.0153846153846	1429.0	-0.762232106753	13.0	0.0	0.0
LkluyC	ACT	T	I	0.0	0.2	0.2	0.0416666666667	0.958333333333	0.369230769231	0.0153846153846	1429.0	-0.748887990295	13.0	0.0	0.0
LkluyA	ACT	T	I	0.0	0.2	0.2	0.0416666666667	0.958333333333	0.369230769231	0.0153846153846	1429.0	-0.748887990295	13.0	0.0	0.0
CorthB	ACA	T	I	0.0	0.232673190414	0.111111111111	0.0212765957447	0.936170212766	0.456310679612	0.00970873786408	2250.0	-0.731278538813	12.0	0.0	0.0
CorthC	ACA	T	I	0.0	0.237623683754	0.111111111111	0.0208333333333	0.9375	0.466019417476	0.00970873786408	2250.0	-0.714476912782	12.0	0.0	0.0
CorthA	ACA	T	I	0.0	0.232673190414	0.111111111111	0.0212765957447	0.936170212766	0.456310679612	0.00970873786408	2250.0	-0.731278538813	12.0	0.0	0.0
ClusiA	ACA	T	I	0.0	0.215686203428	0.111111111111	0.0238095238095	0.97619047619	0.392523364486	0.00934579439252	2250.0	-0.730928905034	12.0	0.0	0.0
CsalmA	ACA	T	I	0.0	0.791988158937	0.1	0.027027027027	0.648648648649	0.336363636364	0.0272727272727	2153.0	-0.968032786885	12.0	0.0	0.0
CsalmA	ACT	T	I	0.0	0.791988158937	0.2	0.0285714285714	0.628571428571	0.636363636364	0.0272727272727	2153.0	-0.798442219043	13.0	0.0	0.0
BcustA	ACA	T	I	0.0	0.555986103422	0.363636363636	0.0655737704918	0.704918032787	0.512605042017	0.0504201680672	2247.0	-0.610276544896	12.0	0.0	0.0
BcustA	ACT	T	I	0.0	0.555986103422	0.111111111111	0.0344827586207	0.758620689655	0.487394957983	0.0504201680672	2247.0	-0.638699630134	13.0	0.0	0.0
CtheaA	ACT	T	I	0.0	0.69801969772	0.0833333333333	0.0161290322581	0.967741935484	0.601941747573	0.00970873786408	2250.0	-0.802804401846	13.0	0.0	0.0
AgossA	ACT	T	I	0.0	0.641666666667	0.142857142857	0.0204081632653	0.857142857143	0.710144927536	0.0144927536232	1427.0	-0.851259027913	13.0	0.0	0.0
MingeA	ACA	T	I	0.0	0.33488372093	0.2	0.0298507462687	0.746268656716	0.603603603604	0.018018018018	2249.0	-0.786097099622	12.0	0.0	0.0
ScastA	ACA	T	I	0.0	0.732758528423	0.142857142857	0.0263157894737	0.789473684211	0.575757575758	0.0151515151515	1426.0	-0.825909900738	12.0	0.0	0.0