### Random Forest prediction
genome	codon	ori_aa	rea_aa	fitch	Fisher_pval	Gene_frac	N._rea	N._used	Cod._count	Sub._count	G._len	codon_lik	id	prediction	probability
Schistosoma	TCT	S	H	0.0	0.686411119751	0.125	0.0263157894737	0.368421052632	0.395833333333	0.0208333333333	1325.0	-1.02635135135	29.0	0.0	0.0
Schistosoma	TCA	S	H	0.0	0.686411119751	0.125	0.0588235294118	0.529411764706	0.177083333333	0.0208333333333	1325.0	-0.870090634441	28.0	0.0	0.0
Fasciola	TCT	S	H	0.0	0.36382976838	0.3	0.0576923076923	0.384615384615	0.52	0.03	1332.0	-0.893032384691	29.0	0.0	0.0
Trichobilharzia_regenti	TCT	S	H	0.0	0.353623176397	0.125	0.027027027027	0.567567567568	0.37	0.03	1324.0	-0.9125	29.0	0.0	0.0
Trichobilharzia_regenti	TCG	S	H	0.0	0.353623176397	0.5	0.166666666667	0.333333333333	0.06	0.03	1324.0	-0.194805194805	30.0	0.0	0.0
Trichobilharzia_regenti	AGT	S	H	0.0	0.353623176397	0.111111111111	0.0222222222222	0.333333333333	0.45	0.03	1324.0	-1.07692307692	9.0	0.0	0.0
Versteria_mustelae	TCT	S	H	0.0	0.348156539348	0.0909090909091	0.0188679245283	0.377358490566	0.5	0.0377358490566	1328.0	-1.19031476998	29.0	0.0	0.0
Versteria_mustelae	TCG	S	H	0.0	0.348156539348	0.166666666667	0.142857142857	0.285714285714	0.0660377358491	0.0377358490566	1328.0	-0.392727272727	30.0	0.0	0.0
Versteria_mustelae	AGT	S	H	0.0	0.348156539348	0.222222222222	0.0540540540541	0.405405405405	0.349056603774	0.0377358490566	1328.0	-0.692307692308	9.0	0.0	0.0
Haplorchis_taichui	TCT	S	H	0.0	0.346218478111	0.125	0.0232558139535	0.348837209302	0.494252873563	0.0229885057471	1320.0	-1.18664281455	29.0	0.0	0.003
Haplorchis_taichui	TCA	S	H	0.0	0.346218478111	0.25	0.25	0.25	0.0459770114943	0.0229885057471	1320.0	0.866242038217	28.0	0.0	0.0
Echinococcus_equinus	TCT	S	H	0.0	0.847324620534	0.2	0.0487804878049	0.439024390244	0.488095238095	0.0595238095238	1331.0	-1.00252047889	29.0	0.0	0.0
Echinococcus_equinus	TCG	S	H	0.0	0.847324620534	0.2	0.125	0.5	0.0952380952381	0.0595238095238	1331.0	-0.459119496855	30.0	0.0	0.0
Echinococcus_equinus	AGT	S	H	0.0	0.847324620534	0.285714285714	0.0869565217391	0.521739130435	0.27380952381	0.0595238095238	1331.0	-0.274944567627	9.0	0.0	0.0
Taenia_crassiceps	TCT	S	H	0.0	0.78242365878	0.181818181818	0.0454545454545	0.318181818182	0.427184466019	0.0388349514563	1333.0	-0.886217008798	29.0	0.0	0.0
Taenia_crassiceps	AGT	S	H	0.0	0.78242365878	0.111111111111	0.0277777777778	0.472222222222	0.349514563107	0.0388349514563	1333.0	-0.792492917847	9.0	0.0	0.0
Taenia_crassiceps	TCA	S	H	0.0	0.78242365878	0.25	0.0666666666667	0.666666666667	0.145631067961	0.0388349514563	1333.0	-0.723076923077	28.0	0.0	0.0
Tetrancistrum_nebulosi	TCC	S	H	0.0	0.0694444300589	0.2	0.125	0.25	0.0879120879121	0.010989010989	1333.0	-0.665594855305	31.0	0.0	0.0
Benedenia_hoshinai	TCT	S	H	0.0	0.646651103891	0.3	0.0566037735849	0.433962264151	0.469026548673	0.0442477876106	1333.0	-0.733847637416	29.0	0.0	0.0
Benedenia_hoshinai	AGT	S	H	0.0	0.646651103891	0.111111111111	0.030303030303	0.424242424242	0.29203539823	0.0442477876106	1333.0	-1.10542635659	9.0	0.0	0.0
Benedenia_hoshinai	TCA	S	H	0.0	0.646651103891	0.25	0.142857142857	0.428571428571	0.0619469026549	0.0442477876106	1333.0	-0.247232472325	28.0	0.0	0.0
Caenorhabditis	TCT	S	H	0.0	0.79687492987	0.111111111111	0.0434782608696	0.521739130435	0.396551724138	0.0172413793103	1346.0	-1.02362204724	29.0	0.0	0.0