### Random Forest prediction
genome	codon	ori_aa	rea_aa	fitch	Fisher_pval	Gene_frac	N._rea	N._used	Cod._count	Sub._count	G._len	codon_lik	id	prediction	probability	clad_valid	trans_valid
candub	CTG	L	A	0.0	0.00139664756249	0.142857142857	0.111111111111	0.111111111111	0.0116883116883	0.0012987012987	6160.0	0.258706467662	54.0	0.0	0.004	0	0
zygro	CTT	L	A	0.0	0.374039914425	0.0666666666667	0.010101010101	0.909090909091	0.138655462185	0.00140056022409	6158.0	-0.931754874652	53.0	0.0	0.0	0	0
ogapa	CTG	L	A	0.0	0.235395831931	0.0588235294118	0.005	0.91	0.265957446809	0.00797872340426	6151.0	-0.963467211255	54.0	0.0	0.0	0	0
ogapa	CTC	L	A	0.0	0.235395831931	0.125	0.025641025641	0.871794871795	0.155585106383	0.00797872340426	6151.0	-0.896443923408	55.0	0.0	0.0	0	0
ogapa	TTA	L	A	0.0	0.235395831931	0.0666666666667	0.0188679245283	0.88679245283	0.0704787234043	0.00797872340426	6151.0	-0.88281938326	20.0	0.0	0.0	0	0
ogapa	TTG	L	A	0.0	0.235395831931	0.0588235294118	0.0049504950495	0.886138613861	0.268617021277	0.00797872340426	6151.0	-0.972612041648	22.0	0.0	0.0	0	0
canta	TTG	L	A	0.0	0.740151425438	0.0588235294118	0.00268096514745	0.916890080429	0.506793478261	0.00135869565217	6108.0	-0.969579444916	22.0	0.0	0.0	0	0
cybja	CTT	L	A	0.0	0.238912176134	0.0666666666667	0.00813008130081	0.886178861789	0.172027972028	0.0041958041958	5899.0	-0.922961854899	53.0	0.0	0.0	0	0
cybja	CTG	L	A	0.0	0.238912176134	0.0625	0.00884955752212	0.920353982301	0.158041958042	0.0041958041958	5899.0	-0.947958366693	54.0	0.0	0.0	0	0
cybja	CTA	L	A	0.0	0.238912176134	0.0625	0.0161290322581	0.967741935484	0.0867132867133	0.0041958041958	5899.0	-0.925199709513	52.0	0.0	0.0	0	0
meygui	CTG	L	A	0.0	0.000777604708201	0.0909090909091	0.0666666666667	0.0	0.0203527815468	0.00135685210312	5676.0	0.289940828402	54.0	0.0	0.043	0	0
pacta	CTT	L	A	0.0	8.89436866547e-08	0.0625	0.0149253731343	0.89552238806	0.0975254730713	0.00582241630277	5806.0	-0.854741089442	53.0	0.0	0.399	0	0
pacta	CTG	L	A	0.0	8.89436866547e-08	0.6	0.428571428571	0.142857142857	0.0101892285298	0.00582241630277	5806.0	0.934210526316	54.0	1.0	0.951	1	0
klula	CTA	L	A	2.0	0.174851162989	0.0588235294118	0.00847457627119	0.898305084746	0.159891598916	0.00135501355014	6161.0	-0.941039565555	52.0	0.0	0.0	0	0
canalb	CTG	L	A	0.0	5.90951148856e-06	0.25	0.2	0.1	0.013037809648	0.0026075619296	6161.0	0.464601769912	54.0	0.0	0.303	0	0
cangla	CTT	L	A	5.0	0.00798712275939	0.0588235294118	0.00909090909091	0.790909090909	0.153417015342	0.00278940027894	6142.0	-0.916317991632	53.0	0.0	0.061	0	0
cangla	CTC	L	A	5.0	0.00798712275939	0.111111111111	0.0322580645161	0.806451612903	0.0432357043236	0.00278940027894	6142.0	-0.915279878971	55.0	0.0	0.062	0	0
yarli	CTG	L	A	1.0	0.72215524479	0.0588235294118	0.00647249190939	0.864077669903	0.425619834711	0.00275482093664	6117.0	-0.969053934571	54.0	0.0	0.0	0	0
picpa	CTT	L	A	0.0	0.820515866203	0.0625	0.00751879699248	0.857142857143	0.184722222222	0.00555555555556	5902.0	-0.917964693666	53.0	0.0	0.0	0	0
picpa	CTG	L	A	0.0	0.820515866203	0.0625	0.00869565217391	0.895652173913	0.159722222222	0.00555555555556	5902.0	-0.958185404339	54.0	0.0	0.0	0	0
picpa	TTG	L	A	0.0	0.820515866203	0.125	0.0109289617486	0.890710382514	0.254166666667	0.00555555555556	5902.0	-0.933116232465	22.0	0.0	0.0	0	0
ashgo	CTA	L	A	4.0	0.601714640085	0.0625	0.0106382978723	0.872340425532	0.12600536193	0.00268096514745	6151.0	-0.96260320544	52.0	0.0	0.056	0	0
ashgo	TTG	L	A	4.0	0.601714640085	0.0625	0.00471698113208	0.938679245283	0.28418230563	0.00268096514745	6151.0	-0.967581586341	22.0	0.0	0.052	0	0
debha	CTT	L	A	0.0	0.00103613458025	0.0666666666667	0.0103092783505	0.938144329897	0.127799736495	0.00263504611331	6165.0	-0.975143403442	53.0	0.0	0.043	0	0
debha	CTG	L	A	0.0	0.00103613458025	0.166666666667	0.125	0.125	0.0105401844532	0.00263504611331	6165.0	0.429378531073	54.0	0.0	0.047	0	0
kazaf	CTA	L	A	0.0	0.349397565403	0.0625	0.00900900900901	0.855855855856	0.147802929427	0.00133155792277	6137.0	-0.986793231531	52.0	0.0	0.0	0	0
wican	CTT	L	A	0.0	0.208188130754	0.1	0.0126582278481	0.936708860759	0.128246753247	0.00162337662338	5128.0	-0.884032634033	53.0	0.0	0.0	0	0
cantro	CTG	L	A	0.0	0.00170357692461	0.25	0.166666666667	0.166666666667	0.00952380952381	0.0015873015873	5377.0	0.56204379562	54.0	0.0	0.004	0	0
picme	CTT	L	A	0.0	0.828704384181	0.133333333333	0.0188679245283	0.839622641509	0.153623188406	0.00869565217391	6082.0	-0.882886776145	53.0	0.0	0.0	0	0
picme	CTA	L	A	0.0	0.828704384181	0.0625	0.0123456790123	0.79012345679	0.117391304348	0.00869565217391	6082.0	-0.954468802698	52.0	0.0	0.0	0	0
picme	TTA	L	A	0.0	0.828704384181	0.0714285714286	0.00847457627119	0.85593220339	0.171014492754	0.00869565217391	6082.0	-0.94513618677	20.0	0.0	0.0	0	0
picme	TTG	L	A	0.0	0.828704384181	0.125	0.0082304526749	0.855967078189	0.352173913043	0.00869565217391	6082.0	-0.95624650903	22.0	0.0	0.0	0	0
lodelo	CTG	L	A	0.0	0.00286642882448	0.25	0.166666666667	0.166666666667	0.00925925925926	0.00308641975309	5494.0	0.664179104478	54.0	0.0	0.004	0	0
lodelo	TTA	L	A	0.0	0.00286642882448	0.0588235294118	0.0077519379845	0.891472868217	0.199074074074	0.00308641975309	5494.0	-0.959497206704	20.0	0.0	0.001	0	0

### Alignment improvement:
CTG	Ala	2.00e-01


### Prediction Prob. range for Positive :[ 0.951 - 0.951 ]

