### Random Forest prediction
genome	codon	ori_aa	rea_aa	fitch	Fisher pval	Gene frac	N. rea	N. used	Cod. count	Sub. count	G. len	codon_lik	id	prediction
LmeyeA	GCA	A	S	0.0	0.618650246438	0.333333333333	0.0833333333333	0.833333333333	0.349514563107	0.0679611650485	1456.0	1.04219409283	44.0	0.0
LmeyeA	GCT	A	S	0.0	0.618650246438	0.5	0.0615384615385	0.861538461538	0.631067961165	0.0679611650485	1456.0	1.03579277865	45.0	0.0
SpombA	GCA	A	S	0.0	0.279428462137	0.5	0.130434782609	0.434782608696	0.225490196078	0.117647058824	1452.0	0.501978021978	44.0	0.0
SpombA	GCT	A	S	0.0	0.279428462137	0.666666666667	0.114285714286	0.6	0.686274509804	0.117647058824	1452.0	0.885538641686	45.0	0.0
SpombA	GCG	A	S	0.0	0.279428462137	0.25	0.25	0.0	0.0392156862745	0.117647058824	1452.0	0.384615384615	46.0	0.0
SpastA	GCA	A	S	0.0	0.748448712004	0.6	0.113636363636	0.818181818182	0.458333333333	0.09375	1456.0	1.18538160018	44.0	0.0
SpastA	GCT	A	S	0.0	0.748448712004	0.333333333333	0.0833333333333	0.8125	0.5	0.09375	1456.0	1.04223549488	45.0	0.0
AacerA	GCA	A	S	2.0	0.765413533835	0.5	0.125	0.875	0.333333333333	0.125	643.0	1.33251533742	44.0	0.0
AacerA	GCT	A	S	2.0	0.765413533835	0.5	0.125	0.6875	0.666666666667	0.125	643.0	0.946029776675	45.0	0.0
CmetaD	GCA	A	S	0.0	0.317471631677	0.142857142857	0.0384615384615	0.807692307692	0.185714285714	0.0142857142857	2101.0	0.998714102015	44.0	0.0
CmetaD	GCT	A	S	0.0	0.317471631677	0.0833333333333	0.00970873786408	0.932038834951	0.735714285714	0.0142857142857	2101.0	0.970037032881	45.0	0.0
CgigaA	GCA	A	S	0.0	0.0962226118455	0.333333333333	0.153846153846	0.692307692308	0.105691056911	0.0487804878049	1879.0	1.12449799197	44.0	0.0
CgigaA	GCC	A	S	0.0	0.0962226118455	0.2	0.0588235294118	0.852941176471	0.276422764228	0.0487804878049	1879.0	0.846009389671	47.0	0.0
CgigaA	GCT	A	S	0.0	0.0962226118455	0.111111111111	0.0153846153846	0.8	0.528455284553	0.0487804878049	1879.0	0.910106737825	45.0	0.0
CgigaA	GCG	A	S	0.0	0.0962226118455	0.142857142857	0.0909090909091	0.818181818182	0.0894308943089	0.0487804878049	1879.0	1.24532453245	46.0	0.0
CsantA	GCA	A	S	0.0	0.722698819341	0.555555555556	0.131578947368	0.684210526316	0.322033898305	0.101694915254	2073.0	0.994121105232	44.0	0.0
CsantA	GCC	A	S	0.0	0.722698819341	0.142857142857	0.05	0.85	0.169491525424	0.101694915254	2073.0	1.00794100964	47.0	0.0
CsantA	GCT	A	S	0.0	0.722698819341	0.5	0.109090909091	0.690909090909	0.466101694915	0.101694915254	2073.0	0.921203438395	45.0	0.0
CtropB	GCA	A	S	0.0	0.822760561648	0.125	0.04	0.96	0.189393939394	0.0378787878788	2101.0	1.12544964029	44.0	0.0
CtropB	GCT	A	S	0.0	0.822760561648	0.363636363636	0.0533333333333	0.88	0.568181818182	0.0378787878788	2101.0	1.06750536975	45.0	0.0
CtropA	GCA	A	S	0.0	0.80589385348	0.125	0.037037037037	0.962962962963	0.204545454545	0.0378787878788	2101.0	1.12068230277	44.0	0.0
CtropA	GCT	A	S	0.0	0.80589385348	0.363636363636	0.0526315789474	0.881578947368	0.575757575758	0.0378787878788	2101.0	1.06721039118	45.0	0.0
WpijpA	GCA	A	S	0.0	0.275579941234	0.142857142857	0.0263157894737	0.921052631579	0.395833333333	0.0520833333333	1456.0	0.932638331997	44.0	0.0
WpijpA	GCC	A	S	0.0	0.275579941234	0.2	0.142857142857	0.714285714286	0.0729166666667	0.0520833333333	1456.0	1.15812591508	47.0	0.0
WpijpA	GCT	A	S	0.0	0.275579941234	0.5	0.06	0.86	0.520833333333	0.0520833333333	1456.0	0.994086460033	45.0	0.0
BarxA	GCA	A	S	1.0	0.296618357488	1.0	0.333333333333	0.6	0.5	0.233333333333	442.0	1.64637305699	44.0	0.0
BarxA	GCT	A	S	1.0	0.296618357488	1.0	0.133333333333	0.733333333333	0.5	0.233333333333	442.0	1.23121761658	45.0	0.0
CoxycA	GCA	A	S	0.0	0.35185179431	1.0	0.111111111111	0.888888888889	0.272727272727	0.030303030303	442.0	1.34665226782	44.0	0.0
CsubhA	GCC	A	S	2.0	0.242732708811	0.272727272727	0.0384615384615	0.858974358974	0.557142857143	0.0357142857143	2098.0	1.06331687482	47.0	0.0
CsubhA	GCT	A	S	2.0	0.242732708811	0.222222222222	0.111111111111	0.833333333333	0.128571428571	0.0357142857143	2098.0	1.12465181058	45.0	0.0
CsubhB	GCC	A	S	2.0	0.242732708811	0.272727272727	0.0384615384615	0.858974358974	0.557142857143	0.0357142857143	2098.0	1.06331687482	47.0	0.0
CsubhB	GCT	A	S	2.0	0.242732708811	0.222222222222	0.111111111111	0.833333333333	0.128571428571	0.0357142857143	2098.0	1.12465181058	45.0	0.0
OanguA	GCT	A	S	0.0	0.399130501489	0.181818181818	0.0253164556962	0.860759493671	0.585185185185	0.0148148148148	2101.0	0.876516464471	45.0	0.0
SarboA	GCA	A	S	0.0	0.691487708301	0.666666666667	0.108108108108	0.837837837838	0.393617021277	0.0851063829787	1456.0	1.1883346961	44.0	0.0
SarboA	GCT	A	S	0.0	0.691487708301	0.333333333333	0.0754716981132	0.849056603774	0.563829787234	0.0851063829787	1456.0	1.04112763082	45.0	0.0
CcastA	GCA	A	S	0.0	0.319883591391	0.428571428571	0.142857142857	0.771428571429	0.35	0.08	1455.0	1.08628704242	44.0	0.0
CcastA	GCT	A	S	0.0	0.319883591391	0.333333333333	0.0491803278689	0.83606557377	0.61	0.08	1455.0	1.00819397993	45.0	0.0
KtherA	GCA	A	S	0.0	0.0463048693157	0.5	0.108108108108	0.756756756757	0.359223300971	0.0679611650485	1456.0	0.998627504804	44.0	0.0
KtherA	GCC	A	S	0.0	0.0463048693157	0.333333333333	0.25	0.5	0.0388349514563	0.0679611650485	1456.0	0.806701030928	47.0	0.0
KtherA	GCT	A	S	0.0	0.0463048693157	0.333333333333	0.0322580645161	0.903225806452	0.601941747573	0.0679611650485	1456.0	1.01002465078	45.0	0.0
CblacA	GCT	A	S	0.0	0.574074074074	1.0	0.037037037037	0.814814814815	0.771428571429	0.0285714285714	442.0	1.04931605472	45.0	0.0
CnorvA	GCA	A	S	0.0	0.887872239187	0.272727272727	0.0545454545455	0.890909090909	0.401459854015	0.0510948905109	2101.0	1.10584092792	44.0	0.0
CnorvA	GCT	A	S	0.0	0.887872239187	0.272727272727	0.0540540540541	0.837837837838	0.540145985401	0.0510948905109	2101.0	0.910124280085	45.0	0.0
CviswA	GCA	A	S	0.0	0.811137949322	0.111111111111	0.0227272727273	0.863636363636	0.335877862595	0.0152671755725	2101.0	0.961625852058	44.0	0.0
CviswA	GCT	A	S	0.0	0.811137949322	0.0909090909091	0.013698630137	0.917808219178	0.557251908397	0.0152671755725	2101.0	0.996833940161	45.0	0.0
MstarA	GCA	A	S	0.0	0.564355078569	0.222222222222	0.0697674418605	0.837209302326	0.358333333333	0.0583333333333	2101.0	0.88758526603	44.0	0.0
MstarA	GCT	A	S	0.0	0.564355078569	0.363636363636	0.0519480519481	0.805194805195	0.641666666667	0.0583333333333	2101.0	0.916617733412	45.0	0.0
NbaciA	GCA	A	S	0.0	0.225823205734	0.4	0.111111111111	0.722222222222	0.195652173913	0.0434782608696	1455.0	0.958049886621	44.0	0.0
NbaciA	GCT	A	S	0.0	0.225823205734	0.166666666667	0.0281690140845	0.845070422535	0.771739130435	0.0434782608696	1455.0	0.925920598389	45.0	0.0
KmarxA	GCA	A	S	0.0	0.451979411013	1.0	0.142857142857	0.857142857143	0.194444444444	0.0833333333333	442.0	1.10972222222	44.0	0.0
KmarxA	GCT	A	S	0.0	0.451979411013	1.0	0.08	0.88	0.694444444444	0.0833333333333	442.0	1.17987567988	45.0	0.0
LstarA	GCA	A	S	0.0	0.649066419978	0.25	0.0571428571429	0.742857142857	0.304347826087	0.0782608695652	1779.0	0.756105398458	44.0	0.0
LstarA	GCT	A	S	0.0	0.649066419978	0.4	0.1	0.7	0.608695652174	0.0782608695652	1779.0	0.960135708227	45.0	0.0
MfariA	GCG	A	S	0.0	0.0084745733453	0.5	0.5	0.5	0.015503875969	0.0077519379845	2101.0	2.03553299492	46.0	0.0
MfariB	GCA	A	S	0.0	0.128115635792	0.333333333333	0.063829787234	0.808510638298	0.356060606061	0.030303030303	2101.0	0.978545887962	44.0	0.0
MfariB	GCT	A	S	0.0	0.128115635792	0.0909090909091	0.0121951219512	0.926829268293	0.621212121212	0.030303030303	2101.0	0.934963947406	45.0	0.0
CalaiA	GCT	A	S	0.0	0.396332280406	0.5	0.08	0.86	0.77519379845	0.062015503876	1905.0	1.18009370358	45.0	0.0
LanspB	GCA	A	S	0.0	0.723402145904	0.4	0.0833333333333	0.805555555556	0.349514563107	0.0679611650485	1456.0	1.00338983051	44.0	0.0
LanspB	GCT	A	S	0.0	0.723402145904	0.666666666667	0.0655737704918	0.868852459016	0.592233009709	0.0679611650485	1456.0	1.06753376688	45.0	0.0
CphanA	GCA	A	S	0.0	0.167751243653	0.0909090909091	0.0666666666667	0.711111111111	0.296052631579	0.0921052631579	2100.0	0.855452027197	44.0	0.0
CphanA	GCC	A	S	0.0	0.167751243653	0.5	0.5	0.5	0.0263157894737	0.0921052631579	2100.0	2.57983193277	47.0	0.0
CphanA	GCT	A	S	0.0	0.167751243653	0.454545454545	0.0882352941176	0.696078431373	0.671052631579	0.0921052631579	2100.0	0.900122891297	45.0	0.0
LanspA	GCA	A	S	0.0	0.22071185745	0.4	0.0882352941176	0.794117647059	0.336633663366	0.039603960396	1456.0	0.94838326906	44.0	0.0
LanspA	GCT	A	S	0.0	0.22071185745	0.166666666667	0.016393442623	0.918032786885	0.60396039604	0.039603960396	1456.0	1.00771294433	45.0	0.0
CsojaA	GCA	A	S	0.0	0.846778433956	0.166666666667	0.0333333333333	0.833333333333	0.322580645161	0.0430107526882	1435.0	1.03665480427	44.0	0.0
CsojaA	GCT	A	S	0.0	0.846778433956	0.375	0.0526315789474	0.912280701754	0.612903225806	0.0430107526882	1435.0	1.1250281595	45.0	0.0
CglabA	GCA	A	S	0.0	0.404206021499	0.333333333333	0.1	0.825	0.434782608696	0.0652173913043	1439.0	1.11697827185	44.0	0.0
CglabA	GCT	A	S	0.0	0.404206021499	0.166666666667	0.04	0.86	0.54347826087	0.0652173913043	1439.0	0.975575005089	45.0	0.0
ScryoA	GCA	A	S	0.0	0.946044861678	0.333333333333	0.09375	0.625	0.32	0.09	1454.0	0.55716120745	44.0	0.0
ScryoA	GCC	A	S	0.0	0.946044861678	0.2	0.125	0.625	0.08	0.09	1454.0	0.59793814433	47.0	0.0
ScryoA	GCT	A	S	0.0	0.946044861678	0.666666666667	0.0862068965517	0.51724137931	0.58	0.09	1454.0	0.713402790041	45.0	0.0
CneerA	GCT	A	S	0.0	0.781963950002	0.25	0.030612244898	0.908163265306	0.753846153846	0.0230769230769	2101.0	1.00543855589	45.0	0.0
CsakeA	GCA	A	S	0.0	0.173297956547	0.125	0.0196078431373	0.862745098039	0.392307692308	0.0230769230769	2065.0	0.936333699232	44.0	0.0
CsakeA	GCC	A	S	0.0	0.173297956547	0.25	0.2	0.8	0.0384615384615	0.0230769230769	2065.0	1.48695652174	47.0	0.0
CsakeA	GCT	A	S	0.0	0.173297956547	0.1	0.013698630137	0.890410958904	0.561538461538	0.0230769230769	2065.0	0.884810126582	45.0	0.0
HuvarA	GCA	A	S	0.0	0.482049474117	0.4	0.0740740740741	0.666666666667	0.303370786517	0.0561797752809	1397.0	0.698127340824	44.0	0.0
HuvarA	GCT	A	S	0.0	0.482049474117	0.333333333333	0.05	0.666666666667	0.674157303371	0.0561797752809	1397.0	0.768160217244	45.0	0.0
CjiufA	GCT	A	S	0.0	0.823801963914	0.25	0.0315789473684	0.915789473684	0.693430656934	0.021897810219	2080.0	1.00222386953	45.0	0.0
KlactA	GCA	A	S	0.0	0.340055928463	0.285714285714	0.0571428571429	0.885714285714	0.368421052632	0.0736842105263	1434.0	0.993923611111	44.0	0.0
KlactA	GCC	A	S	0.0	0.340055928463	0.5	0.333333333333	0.666666666667	0.0315789473684	0.0736842105263	1434.0	1.4	47.0	0.0
KlactA	GCT	A	S	0.0	0.340055928463	0.333333333333	0.0714285714286	0.803571428571	0.589473684211	0.0736842105263	1434.0	1.00949251552	45.0	0.0
CzempA	GCA	A	S	0.0	0.114591660077	0.333333333333	0.0540540540541	0.810810810811	0.44578313253	0.10843373494	1455.0	0.973582828839	44.0	0.0
CzempA	GCT	A	S	0.0	0.114591660077	0.666666666667	0.152173913043	0.586956521739	0.55421686747	0.10843373494	1455.0	1.10374639769	45.0	0.0
CmetaB	GCA	A	S	0.0	0.317471631677	0.142857142857	0.0384615384615	0.807692307692	0.185714285714	0.0142857142857	2101.0	0.998714102015	44.0	0.0
CmetaB	GCT	A	S	0.0	0.317471631677	0.0833333333333	0.00970873786408	0.932038834951	0.735714285714	0.0142857142857	2101.0	0.970037032881	45.0	0.0
CmetaC	GCA	A	S	0.0	0.317471631677	0.142857142857	0.0384615384615	0.807692307692	0.185714285714	0.0142857142857	2101.0	0.998714102015	44.0	0.0
CmetaC	GCT	A	S	0.0	0.317471631677	0.0833333333333	0.00970873786408	0.932038834951	0.735714285714	0.0142857142857	2101.0	0.970037032881	45.0	0.0
CmetaA	GCA	A	S	0.0	0.317471631677	0.142857142857	0.0384615384615	0.807692307692	0.185714285714	0.0142857142857	2101.0	0.998714102015	44.0	0.0
CmetaA	GCT	A	S	0.0	0.317471631677	0.0833333333333	0.00970873786408	0.932038834951	0.735714285714	0.0142857142857	2101.0	0.970037032881	45.0	0.0
CmetaF	GCA	A	S	0.0	0.317471631677	0.142857142857	0.0384615384615	0.807692307692	0.185714285714	0.0142857142857	2101.0	0.998714102015	44.0	0.0
CmetaF	GCT	A	S	0.0	0.317471631677	0.0833333333333	0.00970873786408	0.932038834951	0.735714285714	0.0142857142857	2101.0	0.970037032881	45.0	0.0
CfrijA	GCC	A	S	0.0	0.11967621563	0.333333333333	0.2	0.8	0.0390625	0.0234375	2101.0	1.74641148325	47.0	0.0
CfrijA	GCT	A	S	0.0	0.11967621563	0.166666666667	0.0210526315789	0.894736842105	0.7421875	0.0234375	2101.0	0.935023205998	45.0	0.0
CgallA	GCA	A	S	0.0	0.543539772451	0.166666666667	0.0925925925926	0.685185185185	0.364864864865	0.0878378378378	2101.0	0.846394984326	44.0	0.0
CgallA	GCC	A	S	0.0	0.543539772451	0.333333333333	0.166666666667	0.666666666667	0.0810810810811	0.0878378378378	2101.0	1.24415341441	47.0	0.0
CgallA	GCT	A	S	0.0	0.543539772451	0.4	0.075	0.7125	0.540540540541	0.0878378378378	2101.0	0.888504255012	45.0	0.0
CmetaE	GCA	A	S	0.0	0.317471631677	0.142857142857	0.0384615384615	0.807692307692	0.185714285714	0.0142857142857	2101.0	0.998714102015	44.0	0.0
CmetaE	GCT	A	S	0.0	0.317471631677	0.0833333333333	0.00970873786408	0.932038834951	0.735714285714	0.0142857142857	2101.0	0.970037032881	45.0	0.0
PpastA	GCA	A	S	0.0	0.349144705769	0.555555555556	0.0641025641026	0.807692307692	0.6	0.0461538461538	2101.0	0.949663949664	44.0	0.0
PpastA	GCT	A	S	0.0	0.349144705769	0.0909090909091	0.0196078431373	0.921568627451	0.392307692308	0.0461538461538	2101.0	0.925621773815	45.0	0.0
SjapoA	GCA	A	S	0.0	0.860855791151	0.333333333333	0.0769230769231	0.538461538462	0.16049382716	0.0864197530864	1450.0	0.847742922724	44.0	0.0
SjapoA	GCT	A	S	0.0	0.860855791151	0.833333333333	0.0952380952381	0.603174603175	0.777777777778	0.0864197530864	1450.0	0.827174623937	45.0	0.0
CalbiE	GCC	A	S	0.0	0.536871231027	0.25	0.0769230769231	0.923076923077	0.168831168831	0.025974025974	1101.0	1.19362363919	47.0	0.0
CalbiE	GCT	A	S	0.0	0.536871231027	0.166666666667	0.0208333333333	0.833333333333	0.623376623377	0.025974025974	1101.0	0.91095890411	45.0	0.0
CtetrA	GCA	A	S	0.0	0.570080925041	0.125	0.0434782608696	0.826086956522	0.1796875	0.0234375	2101.0	1.05226130653	44.0	0.0
CtetrA	GCT	A	S	0.0	0.570080925041	0.166666666667	0.0229885057471	0.908045977011	0.6796875	0.0234375	2101.0	1.00657808183	45.0	0.0
MmagnB	GCA	A	S	0.0	0.670054780209	0.333333333333	0.0816326530612	0.714285714286	0.385826771654	0.0551181102362	2101.0	0.793103448276	44.0	0.0
MmagnB	GCC	A	S	0.0	0.670054780209	0.111111111111	0.03125	0.84375	0.251968503937	0.0551181102362	2101.0	0.818003913894	47.0	0.0
MmagnB	GCT	A	S	0.0	0.670054780209	0.285714285714	0.0588235294118	0.823529411765	0.267716535433	0.0551181102362	2101.0	0.843192488263	45.0	0.0
MmagnA	GCA	A	S	0.0	0.645502459318	0.333333333333	0.0851063829787	0.702127659574	0.370078740157	0.0551181102362	2101.0	0.789694567498	44.0	0.0
MmagnA	GCC	A	S	0.0	0.645502459318	0.111111111111	0.03125	0.84375	0.251968503937	0.0551181102362	2101.0	0.818003913894	47.0	0.0
MmagnA	GCT	A	S	0.0	0.645502459318	0.285714285714	0.0571428571429	0.828571428571	0.275590551181	0.0551181102362	2101.0	0.833232261977	45.0	0.0
CparaA	GCT	A	S	0.0	0.611110976846	0.1	0.0125	0.95	0.769230769231	0.00961538461538	1659.0	1.01023325809	45.0	0.0
CcoryA	GCA	A	S	1.0	0.251354266962	0.2	0.046511627907	0.813953488372	0.298611111111	0.0208333333333	2101.0	0.805519731751	44.0	0.0
CcoryA	GCT	A	S	1.0	0.251354266962	0.0833333333333	0.0105263157895	0.842105263158	0.659722222222	0.0208333333333	2101.0	0.876712328767	45.0	0.0
CparaC	GCT	A	S	0.0	0.622047113605	0.0909090909091	0.00970873786408	0.922330097087	0.741007194245	0.00719424460432	2101.0	0.990234158251	45.0	0.0
CparaB	GCT	A	S	0.0	0.622047113605	0.0909090909091	0.00970873786408	0.922330097087	0.741007194245	0.00719424460432	2101.0	0.990234158251	45.0	0.0
CparaE	GCT	A	S	0.0	0.622047113605	0.0909090909091	0.00970873786408	0.922330097087	0.741007194245	0.00719424460432	2101.0	0.990234158251	45.0	0.0
CparaD	GCT	A	S	0.0	0.622047113605	0.0909090909091	0.00970873786408	0.922330097087	0.741007194245	0.00719424460432	2101.0	0.990234158251	45.0	0.0
CparaF	GCT	A	S	0.0	0.622047113605	0.0909090909091	0.00970873786408	0.922330097087	0.741007194245	0.00719424460432	2101.0	0.990234158251	45.0	0.0
MtetrA	GCC	A	S	0.0	0.279668855842	0.5	0.0983606557377	0.754098360656	0.469230769231	0.0615384615385	2100.0	0.834304584305	47.0	0.0
MtetrA	GCG	A	S	0.0	0.279668855842	0.111111111111	0.0833333333333	0.833333333333	0.184615384615	0.0615384615385	2100.0	1.08592132505	46.0	0.0
CsaraA	GCA	A	S	0.0	0.256410203294	0.111111111111	0.0243902439024	0.853658536585	0.317829457364	0.0077519379845	2101.0	0.974474873704	44.0	0.0
CsuavA	GCA	A	S	0.0	0.595784259665	0.2	0.0350877192982	0.912280701754	0.416058394161	0.0510948905109	2101.0	0.991377621007	44.0	0.0
CsuavA	GCT	A	S	0.0	0.595784259665	0.363636363636	0.0704225352113	0.802816901408	0.518248175182	0.0510948905109	2101.0	1.01092172762	45.0	0.0
PkluyA	GCA	A	S	0.0	0.17930789721	0.555555555556	0.12	0.786666666667	0.6	0.088	2101.0	1.1302785265	44.0	0.0
PkluyA	GCT	A	S	0.0	0.17930789721	0.1	0.027027027027	0.864864864865	0.296	0.088	2101.0	0.823978035387	45.0	0.0
PkluyA	GCG	A	S	0.0	0.17930789721	0.333333333333	0.2	0.6	0.04	0.088	2101.0	1.31830985915	46.0	0.0
PcanaA	GCA	A	S	0.0	0.884119501756	0.222222222222	0.0434782608696	0.847826086957	0.330935251799	0.0503597122302	2101.0	0.924987702902	44.0	0.0
PcanaA	GCT	A	S	0.0	0.884119501756	0.272727272727	0.0568181818182	0.840909090909	0.63309352518	0.0503597122302	2101.0	1.00827514869	45.0	0.0
YlipoB	GCA	A	S	0.0	0.726726323014	0.1	0.078431372549	0.705882352941	0.34	0.0866666666667	2100.0	0.882062780269	44.0	0.0
YlipoB	GCC	A	S	0.0	0.726726323014	0.2	0.166666666667	0.666666666667	0.04	0.0866666666667	2100.0	1.15324165029	47.0	0.0
YlipoB	GCT	A	S	0.0	0.726726323014	0.454545454545	0.0888888888889	0.7	0.6	0.0866666666667	2100.0	0.903599295243	45.0	0.0
YlipoA	GCA	A	S	0.0	0.726726323014	0.1	0.078431372549	0.705882352941	0.34	0.0866666666667	2100.0	0.882062780269	44.0	0.0
YlipoA	GCC	A	S	0.0	0.726726323014	0.2	0.166666666667	0.666666666667	0.04	0.0866666666667	2100.0	1.15324165029	47.0	0.0
YlipoA	GCT	A	S	0.0	0.726726323014	0.454545454545	0.0888888888889	0.7	0.6	0.0866666666667	2100.0	0.903599295243	45.0	0.0
CjadiA	GCA	A	S	0.0	0.628095917813	0.222222222222	0.0357142857143	0.910714285714	0.4	0.05	2100.0	1.02162269391	44.0	0.0
CjadiA	GCT	A	S	0.0	0.628095917813	0.363636363636	0.0617283950617	0.79012345679	0.578571428571	0.05	2100.0	0.942434682745	45.0	0.0
AgossB	GCT	A	S	3.0	0.675339366516	0.166666666667	0.0444444444444	0.888888888889	0.789473684211	0.0350877192982	1456.0	1.01158827539	45.0	0.0
NdelpA	GCT	A	S	0.0	0.215836361	0.166666666667	0.0816326530612	0.857142857143	0.563218390805	0.0459770114943	1439.0	1.12616147016	45.0	0.0
LelonA	GCA	A	S	0.0	0.183999950283	0.111111111111	0.0232558139535	0.813953488372	0.316176470588	0.00735294117647	2101.0	0.951336359052	44.0	0.0
LkluyF	GCA	A	S	0.0	0.138577750829	0.4	0.04	0.86	0.485436893204	0.0776699029126	1456.0	0.869928644241	44.0	0.0
LkluyF	GCC	A	S	0.0	0.138577750829	0.5	0.333333333333	0.666666666667	0.0291262135922	0.0776699029126	1456.0	1.56164383562	47.0	0.0
LkluyF	GCT	A	S	0.0	0.138577750829	0.428571428571	0.1	0.84	0.485436893204	0.0776699029126	1456.0	1.20431859849	45.0	0.0
CalimA	GCA	A	S	0.0	0.570753363375	0.222222222222	0.142857142857	0.666666666667	0.278145695364	0.0927152317881	2100.0	1.09150498165	44.0	0.0
CalimA	GCT	A	S	0.0	0.570753363375	0.545454545455	0.0808080808081	0.686868686869	0.655629139073	0.0927152317881	2100.0	0.895151936906	45.0	0.0
BcaliA	GCA	A	S	0.0	0.223009976488	0.1	0.0172413793103	0.913793103448	0.423357664234	0.0583941605839	2101.0	0.970746728253	44.0	0.0
BcaliA	GCT	A	S	0.0	0.223009976488	0.545454545455	0.0933333333333	0.8	0.547445255474	0.0583941605839	2101.0	1.05690072639	45.0	0.0
SoctoA	GCA	A	S	0.0	0.93551381914	0.5	0.125	0.541666666667	0.235294117647	0.117647058824	1454.0	0.832835820896	44.0	0.0
SoctoA	GCT	A	S	0.0	0.93551381914	0.666666666667	0.12676056338	0.549295774648	0.696078431373	0.117647058824	1454.0	0.762738853503	45.0	0.0
LkluyB	GCC	A	S	0.0	0.00962243069541	1.0	1.0	0.0	0.0285714285714	0.0857142857143	442.0	2.90291262136	47.0	0.0
LkluyB	GCT	A	S	0.0	0.00962243069541	1.0	0.117647058824	0.764705882353	0.485714285714	0.0857142857143	442.0	1.24728726442	45.0	0.0
CdefoA	GCA	A	S	0.0	0.966442278536	0.166666666667	0.0892857142857	0.642857142857	0.373333333333	0.0866666666667	2100.0	0.778685177624	44.0	0.0
CdefoA	GCC	A	S	0.0	0.966442278536	0.2	0.125	0.875	0.0533333333333	0.0866666666667	2100.0	1.31085043988	47.0	0.0
CdefoA	GCT	A	S	0.0	0.966442278536	0.4	0.0843373493976	0.710843373494	0.553333333333	0.0866666666667	2100.0	0.936167285734	45.0	0.0
LdasiA	GCA	A	S	0.0	0.389901123516	0.5	0.131578947368	0.789473684211	0.376237623762	0.0792079207921	1456.0	1.15185481719	44.0	0.0
LdasiA	GCT	A	S	0.0	0.389901123516	0.333333333333	0.05	0.866666666667	0.594059405941	0.0792079207921	1456.0	0.980655014424	45.0	0.0
LkluyE	GCA	A	S	0.0	0.340398650048	0.4	0.0392156862745	0.862745098039	0.495145631068	0.0776699029126	1456.0	0.870806709265	44.0	0.0
LkluyE	GCT	A	S	0.0	0.340398650048	0.428571428571	0.12	0.82	0.485436893204	0.0776699029126	1456.0	1.24607863109	45.0	0.0
LkluyD	GCA	A	S	0.0	0.276872488113	0.4	0.0408163265306	0.877551020408	0.485148514851	0.0792079207921	1456.0	0.898026998962	44.0	0.0
LkluyD	GCT	A	S	0.0	0.276872488113	0.428571428571	0.117647058824	0.823529411765	0.50495049505	0.0792079207921	1456.0	1.23056943057	45.0	0.0
LkluyC	GCA	A	S	0.0	0.138577750829	0.4	0.04	0.86	0.485436893204	0.0776699029126	1456.0	0.869928644241	44.0	0.0
LkluyC	GCC	A	S	0.0	0.138577750829	0.5	0.333333333333	0.666666666667	0.0291262135922	0.0776699029126	1456.0	1.56164383562	47.0	0.0
LkluyC	GCT	A	S	0.0	0.138577750829	0.428571428571	0.1	0.84	0.485436893204	0.0776699029126	1456.0	1.20431859849	45.0	0.0
CvartA	GCA	A	S	0.0	0.874235479646	0.2	0.0384615384615	0.923076923077	0.382352941176	0.0441176470588	2101.0	0.917021276596	44.0	0.0
CvartA	GCT	A	S	0.0	0.874235479646	0.4	0.0512820512821	0.846153846154	0.573529411765	0.0441176470588	2101.0	1.04362870468	45.0	0.0
LkluyA	GCA	A	S	0.0	0.138577750829	0.4	0.04	0.86	0.485436893204	0.0776699029126	1456.0	0.869928644241	44.0	0.0
LkluyA	GCC	A	S	0.0	0.138577750829	0.5	0.333333333333	0.666666666667	0.0291262135922	0.0776699029126	1456.0	1.56164383562	47.0	0.0
LkluyA	GCT	A	S	0.0	0.138577750829	0.428571428571	0.1	0.84	0.485436893204	0.0776699029126	1456.0	1.20431859849	45.0	0.0
CorthB	GCT	A	S	0.0	0.586614030505	0.0833333333333	0.00877192982456	0.912280701754	0.820143884892	0.00719424460432	2101.0	0.940651313787	45.0	0.0
CorthC	GCT	A	S	0.0	0.582677021272	0.0833333333333	0.00869565217391	0.913043478261	0.827338129496	0.00719424460432	2101.0	0.940662650602	45.0	0.0
CorthA	GCT	A	S	0.0	0.582677021272	0.0833333333333	0.00869565217391	0.913043478261	0.827338129496	0.00719424460432	2101.0	0.943548387097	45.0	0.0
ClusiA	GCA	A	S	0.0	0.00693055917624	0.1	0.0227272727273	0.931818181818	0.330827067669	0.015037593985	2101.0	1.05355756792	44.0	0.0
ClusiA	GCG	A	S	0.0	0.00693055917624	0.25	0.25	0.25	0.0300751879699	0.015037593985	2101.0	1.19607843137	46.0	0.0
MguilA	GCA	A	S	0.0	0.112284061199	0.25	0.0392156862745	0.862745098039	0.389312977099	0.030534351145	2101.0	1.03729441742	44.0	0.0
MguilA	GCT	A	S	0.0	0.112284061199	0.0909090909091	0.0138888888889	0.986111111111	0.549618320611	0.030534351145	2101.0	1.02975154297	45.0	0.0
MguilA	GCG	A	S	0.0	0.112284061199	0.333333333333	0.333333333333	0.666666666667	0.0229007633588	0.030534351145	2101.0	1.71672354949	46.0	0.0
WmucoA	GCA	A	S	0.0	0.161792569759	0.3	0.063829787234	0.851063829787	0.333333333333	0.063829787234	2101.0	0.962482302973	44.0	0.0
WmucoA	GCC	A	S	0.0	0.161792569759	0.5	0.285714285714	0.714285714286	0.0496453900709	0.063829787234	2101.0	1.44526627219	47.0	0.0
WmucoA	GCT	A	S	0.0	0.161792569759	0.25	0.0470588235294	0.835294117647	0.602836879433	0.063829787234	2101.0	0.996186844614	45.0	0.0
ScereC	GCA	A	S	0.0	0.715166006877	0.666666666667	0.131578947368	0.763157894737	0.383838383838	0.10101010101	1456.0	1.14133048357	44.0	0.0
ScereC	GCT	A	S	0.0	0.715166006877	0.333333333333	0.0909090909091	0.818181818182	0.555555555556	0.10101010101	1456.0	1.09128090723	45.0	0.0
ScereA	GCA	A	S	0.0	0.817027465354	0.666666666667	0.128205128205	0.769230769231	0.393939393939	0.10101010101	1456.0	1.13624544982	44.0	0.0
ScereA	GCT	A	S	0.0	0.817027465354	0.333333333333	0.0925925925926	0.833333333333	0.545454545455	0.10101010101	1456.0	1.10713609691	45.0	0.0
ScereD	GCA	A	S	0.0	0.681191333106	0.666666666667	0.131578947368	0.815789473684	0.39175257732	0.0927835051546	1456.0	1.17713064387	44.0	0.0
ScereD	GCT	A	S	0.0	0.681191333106	0.333333333333	0.0754716981132	0.830188679245	0.546391752577	0.0927835051546	1456.0	1.06330824165	45.0	0.0
ScereE	GCA	A	S	0.0	0.681191333106	0.666666666667	0.128205128205	0.794871794872	0.397959183673	0.0918367346939	1456.0	1.1632440863	44.0	0.0
ScereE	GCT	A	S	0.0	0.681191333106	0.333333333333	0.0754716981132	0.830188679245	0.540816326531	0.0918367346939	1456.0	1.05984555985	45.0	0.0
DhansA	GCA	A	S	0.0	0.141443839744	0.111111111111	0.0222222222222	0.822222222222	0.333333333333	0.0222222222222	2101.0	0.8125	44.0	0.0
DhansA	GCC	A	S	0.0	0.141443839744	0.2	0.166666666667	0.833333333333	0.0444444444444	0.0222222222222	2101.0	1.38461538462	47.0	0.0
DhansA	GCT	A	S	0.0	0.141443839744	0.0909090909091	0.0119047619048	0.904761904762	0.622222222222	0.0222222222222	2101.0	0.967880085653	45.0	0.0
CsalmA	GCA	A	S	0.0	0.0608775347752	0.222222222222	0.0769230769231	0.730769230769	0.214876033058	0.0826446280992	2098.0	1.01377777778	44.0	0.0
CsalmA	GCC	A	S	0.0	0.0608775347752	0.25	0.125	0.125	0.0661157024793	0.0826446280992	2098.0	0.00753768844221	47.0	0.0
CsalmA	GCT	A	S	0.0	0.0608775347752	0.272727272727	0.0705882352941	0.764705882353	0.702479338843	0.0826446280992	2098.0	0.915494880546	45.0	0.0
CsalmA	GCG	A	S	0.0	0.0608775347752	0.5	0.5	0.5	0.0165289256198	0.0826446280992	2098.0	2.35175879397	46.0	0.0
LnothA	GCA	A	S	0.0	0.647134922891	0.333333333333	0.0857142857143	0.828571428571	0.339805825243	0.0679611650485	1456.0	1.03225806452	44.0	0.0
LnothA	GCT	A	S	0.0	0.647134922891	0.5	0.0615384615385	0.846153846154	0.631067961165	0.0679611650485	1456.0	1.03040275819	45.0	0.0
BcustA	GCA	A	S	0.0	0.925983134563	0.4	0.0943396226415	0.754716981132	0.445378151261	0.0840336134454	2101.0	0.953563021614	44.0	0.0
BcustA	GCT	A	S	0.0	0.925983134563	0.2	0.0819672131148	0.803278688525	0.512605042017	0.0840336134454	2101.0	1.14975664545	45.0	0.0
CtheaA	GCT	A	S	0.0	0.636718624576	0.0833333333333	0.00990099009901	0.910891089109	0.726618705036	0.00719424460432	2101.0	1.00181508792	45.0	0.0
AgossA	GCT	A	S	3.0	0.705882352941	0.166666666667	0.046511627907	0.883720930233	0.754385964912	0.0350877192982	1456.0	1.03492516037	45.0	0.0
MingeA	GCA	A	S	0.0	0.891031258137	0.222222222222	0.0540540540541	0.810810810811	0.296	0.064	2101.0	0.859116022099	44.0	0.0
MingeA	GCT	A	S	0.0	0.891031258137	0.363636363636	0.0714285714286	0.77380952381	0.672	0.064	2101.0	0.89350006871	45.0	0.0
ScastA	GCA	A	S	0.0	0.0761338835382	0.333333333333	0.0769230769231	0.884615384615	0.288888888889	0.0666666666667	1456.0	1.04325599685	44.0	0.0
ScastA	GCC	A	S	0.0	0.0761338835382	0.25	0.166666666667	0.5	0.0666666666667	0.0666666666667	1456.0	1.52413793103	47.0	0.0
ScastA	GCT	A	S	0.0	0.0761338835382	0.333333333333	0.0363636363636	0.890909090909	0.611111111111	0.0666666666667	1456.0	1.00147194112	45.0	0.0
ScastA	GCG	A	S	0.0	0.0761338835382	0.333333333333	0.333333333333	0.666666666667	0.0333333333333	0.0666666666667	1456.0	2.08362369338	46.0	0.0
CmaltA	GCA	A	S	0.0	0.498160351353	0.222222222222	0.047619047619	0.880952380952	0.3	0.0285714285714	2101.0	1.00053590568	44.0	0.0
CmaltA	GCT	A	S	0.0	0.498160351353	0.166666666667	0.0210526315789	0.915789473684	0.678571428571	0.0285714285714	2101.0	1.01149564376	45.0	0.0
CbohiA	GCA	A	S	0.0	0.799881820672	0.125	0.0277777777778	0.916666666667	0.248275862069	0.0275862068966	2101.0	1.02523659306	44.0	0.0
CbohiA	GCT	A	S	0.0	0.799881820672	0.25	0.0283018867925	0.839622641509	0.731034482759	0.0275862068966	2101.0	0.851333907057	45.0	0.0

### Alignment improvement:
