### Random Forest prediction
genome	codon	ori_aa	rea_aa	fitch	Fisher pval	Gene frac	N. rea	N. used	Cod. count	Sub. count	G. len	codon_lik	id	prediction
Paracentrotus	CTT	L	I	0.0	0.751256643758	0.181818181818	0.0384615384615	0.923076923077	0.18118466899	0.0243902439024	1784.0	1.95481727575	53.0	0.0
Paracentrotus	CTG	L	I	0.0	0.751256643758	0.1	0.0416666666667	0.916666666667	0.0836236933798	0.0243902439024	1784.0	1.96306818182	54.0	0.0
Paracentrotus	CTA	L	I	0.0	0.751256643758	0.153846153846	0.0204081632653	0.928571428571	0.341463414634	0.0243902439024	1784.0	1.85878661088	52.0	0.0
Paracentrotus	CTC	L	I	0.0	0.751256643758	0.125	0.0384615384615	0.884615384615	0.0905923344948	0.0243902439024	1784.0	2.01690507152	55.0	0.0
Paracentrotus	TTA	L	I	0.0	0.751256643758	0.0833333333333	0.015873015873	0.904761904762	0.219512195122	0.0243902439024	1784.0	1.63009234112	20.0	0.0
Andalucia	CTT	L	I	0.0	0.211012384609	0.333333333333	0.0833333333333	0.833333333333	0.314606741573	0.0411985018727	1783.0	1.90302782324	53.0	0.0
Andalucia	CTC	L	I	0.0	0.211012384609	0.1	0.0344827586207	0.896551724138	0.10861423221	0.0411985018727	1783.0	1.80094228504	55.0	0.0
Andalucia	TTA	L	I	0.0	0.211012384609	0.153846153846	0.0214285714286	0.907142857143	0.524344569288	0.0411985018727	1783.0	1.87013939839	20.0	0.0
Seculomonas	CTT	L	I	0.0	0.698940589498	0.166666666667	0.0338983050847	0.915254237288	0.225190839695	0.030534351145	1784.0	1.92840646651	53.0	0.0
Seculomonas	TTA	L	I	0.0	0.698940589498	0.153846153846	0.0405405405405	0.864864864865	0.564885496183	0.030534351145	1784.0	1.78773148148	20.0	0.0
Schistosoma	CTG	L	I	0.0	0.249283807466	0.2	0.142857142857	0.428571428571	0.0290456431535	0.0829875518672	1688.0	0.82380952381	54.0	0.0
Schistosoma	CTA	L	I	0.0	0.249283807466	0.166666666667	0.0833333333333	0.583333333333	0.0497925311203	0.0829875518672	1688.0	1.82386363636	52.0	0.0
Schistosoma	TTA	L	I	0.0	0.249283807466	0.583333333333	0.111111111111	0.533333333333	0.560165975104	0.0829875518672	1688.0	1.30109164763	20.0	0.0
Schistosoma	TTG	L	I	0.0	0.249283807466	0.25	0.047619047619	0.666666666667	0.261410788382	0.0829875518672	1688.0	1.50218340611	22.0	0.0
Fasciola	CTT	L	I	0.0	0.822364039427	0.333333333333	0.103448275862	0.48275862069	0.111111111111	0.088122605364	1701.0	1.27976190476	53.0	0.0
Fasciola	CTA	L	I	0.0	0.822364039427	0.25	0.166666666667	0.833333333333	0.0229885057471	0.088122605364	1701.0	2.21142857143	52.0	0.0
Fasciola	TTA	L	I	0.0	0.822364039427	0.363636363636	0.0689655172414	0.603448275862	0.222222222222	0.088122605364	1701.0	1.25279905716	20.0	0.0
Fasciola	TTG	L	I	0.0	0.822364039427	0.666666666667	0.0943396226415	0.622641509434	0.609195402299	0.088122605364	1701.0	1.38576939563	22.0	0.0
Patiria	CTT	L	I	0.0	0.0225742810506	0.0833333333333	0.0166666666667	0.95	0.215053763441	0.0322580645161	1784.0	1.80580865604	53.0	0.0
Patiria	CTG	L	I	0.0	0.0225742810506	0.375	0.1875	0.75	0.0573476702509	0.0322580645161	1784.0	2.1247311828	54.0	0.0
Patiria	CTA	L	I	0.0	0.0225742810506	0.230769230769	0.0337078651685	0.910112359551	0.318996415771	0.0322580645161	1784.0	1.95862335654	52.0	0.0
Patiria	CTC	L	I	0.0	0.0225742810506	0.125	0.037037037037	0.962962962963	0.0967741935484	0.0322580645161	1784.0	2.02763819095	55.0	0.0
Patiria	TTG	L	I	0.0	0.0225742810506	0.142857142857	0.04	0.96	0.089605734767	0.0322580645161	1784.0	1.81989247312	22.0	0.0
Lumbricus	CTT	L	I	0.0	0.181691941766	0.0909090909091	0.0185185185185	0.851851851852	0.198529411765	0.0367647058824	1781.0	1.70487650412	53.0	0.0
Lumbricus	CTG	L	I	0.0	0.181691941766	0.142857142857	0.166666666667	0.833333333333	0.0441176470588	0.0367647058824	1781.0	2.21652421652	54.0	0.0
Lumbricus	CTA	L	I	0.0	0.181691941766	0.307692307692	0.047619047619	0.880952380952	0.308823529412	0.0367647058824	1781.0	1.84765784114	52.0	0.0
Lumbricus	TTA	L	I	0.0	0.181691941766	0.166666666667	0.0294117647059	0.882352941176	0.25	0.0367647058824	1781.0	1.70831234257	20.0	0.0
Lumbricus	TTG	L	I	0.0	0.181691941766	0.111111111111	0.0588235294118	0.764705882353	0.0625	0.0367647058824	1781.0	1.95131845842	22.0	0.0
Halocynthia	CTT	L	I	0.0	0.1603574544	0.142857142857	0.0555555555556	0.611111111111	0.0689655172414	0.0459770114943	1746.0	1.25142857143	53.0	0.0
Halocynthia	CTC	L	I	0.0	0.1603574544	1.0	1.0	0.0	0.00383141762452	0.0459770114943	1746.0	2.93333333333	55.0	0.0
Halocynthia	TTA	L	I	0.0	0.1603574544	0.5	0.0434782608696	0.775362318841	0.528735632184	0.0459770114943	1746.0	1.5657340926	20.0	0.0
Halocynthia	TTG	L	I	0.0	0.1603574544	0.25	0.0434782608696	0.804347826087	0.352490421456	0.0459770114943	1746.0	1.77163015225	22.0	0.0
Limulus	CTT	L	I	0.0	0.645861456704	0.0909090909091	0.0227272727273	0.931818181818	0.170542635659	0.015503875969	1781.0	1.78560250391	53.0	0.0
Limulus	CTA	L	I	0.0	0.645861456704	0.1	0.0217391304348	0.913043478261	0.178294573643	0.015503875969	1781.0	1.80601503759	52.0	0.0
Limulus	CTC	L	I	0.0	0.645861456704	0.125	0.0357142857143	0.964285714286	0.108527131783	0.015503875969	1781.0	1.92874692875	55.0	0.0
Limulus	TTA	L	I	0.0	0.645861456704	0.0909090909091	0.00990099009901	0.910891089109	0.391472868217	0.015503875969	1781.0	1.86630654963	20.0	0.0
Caenorhabditis	CTT	L	I	0.0	0.192898045251	0.3	0.12	0.6	0.1	0.044	1755.0	1.27285129604	53.0	0.0
Caenorhabditis	CTA	L	I	0.0	0.192898045251	0.1	0.0588235294118	0.588235294118	0.068	0.044	1755.0	1.05443548387	52.0	0.0
Caenorhabditis	TTA	L	I	0.0	0.192898045251	0.333333333333	0.0368098159509	0.723926380368	0.652	0.044	1755.0	1.50464135021	20.0	0.0
Caenorhabditis	TTG	L	I	0.0	0.192898045251	0.1	0.0238095238095	0.761904761905	0.168	0.044	1755.0	1.79197379197	22.0	0.0
Axinella	TTA	L	I	0.0	0.644510953427	0.153846153846	0.0117647058824	0.952941176471	0.63670411985	0.0112359550562	1777.0	1.83457286432	20.0	0.0
Axinella	TTG	L	I	0.0	0.644510953427	0.0909090909091	0.0238095238095	0.904761904762	0.157303370787	0.0112359550562	1777.0	1.89683184403	22.0	0.0
Terebratulina	CTT	L	I	0.0	0.0422008942344	0.166666666667	0.0298507462687	0.865671641791	0.24907063197	0.0297397769517	1783.0	1.75409836066	53.0	0.0
Terebratulina	CTA	L	I	0.0	0.0422008942344	0.0833333333333	0.0103092783505	0.865979381443	0.360594795539	0.0297397769517	1783.0	1.76605504587	52.0	0.0
Terebratulina	CTC	L	I	0.0	0.0422008942344	0.0909090909091	0.02	0.9	0.185873605948	0.0297397769517	1783.0	1.91786447639	55.0	0.0
Terebratulina	TTA	L	I	0.0	0.0422008942344	0.181818181818	0.0967741935484	0.774193548387	0.115241635688	0.0297397769517	1783.0	1.64074479737	20.0	0.0
Terebratulina	TTG	L	I	0.0	0.0422008942344	0.25	0.25	0.75	0.0148698884758	0.0297397769517	1783.0	2.375	22.0	0.0
Jbahamiensis	CTT	L	I	0.0	0.766225825918	0.25	0.0493827160494	0.925925925926	0.309160305344	0.030534351145	1784.0	1.84163473819	53.0	0.0
Jbahamiensis	TTA	L	I	0.0	0.766225825918	0.153846153846	0.0350877192982	0.885964912281	0.435114503817	0.030534351145	1784.0	1.91978449566	20.0	0.0
Bfloridae	CTT	L	I	0.0	0.967127010271	0.125	0.0333333333333	0.933333333333	0.138888888889	0.037037037037	1085.0	1.89955357143	53.0	0.0
Bfloridae	CTA	L	I	0.0	0.967127010271	0.222222222222	0.0571428571429	0.914285714286	0.162037037037	0.037037037037	1085.0	1.87583572111	52.0	0.0
Bfloridae	TTA	L	I	0.0	0.967127010271	0.2	0.0352941176471	0.894117647059	0.393518518519	0.037037037037	1085.0	1.82266982622	20.0	0.0
Bfloridae	TTG	L	I	0.0	0.967127010271	0.222222222222	0.0416666666667	0.958333333333	0.222222222222	0.037037037037	1085.0	2.07703081232	22.0	0.0
Katharina	CTT	L	I	0.0	0.735263362556	0.0909090909091	0.027027027027	0.945945945946	0.128919860627	0.0313588850174	1781.0	1.89617486339	53.0	0.0
Katharina	CTA	L	I	0.0	0.735263362556	0.125	0.0222222222222	0.911111111111	0.156794425087	0.0313588850174	1781.0	1.7393258427	52.0	0.0
Katharina	CTC	L	I	0.0	0.735263362556	0.166666666667	0.05	0.85	0.0696864111498	0.0313588850174	1781.0	2.06688963211	55.0	0.0
Katharina	TTA	L	I	0.0	0.735263362556	0.230769230769	0.027027027027	0.905405405405	0.515679442509	0.0313588850174	1781.0	1.82573478361	20.0	0.0
Katharina	TTG	L	I	0.0	0.735263362556	0.25	0.0555555555556	0.888888888889	0.12543554007	0.0313588850174	1781.0	2.03797468354	22.0	0.0
Geodia	CTT	L	I	0.0	0.341360962692	0.111111111111	0.0434782608696	0.869565217391	0.0861423220974	0.0187265917603	1780.0	1.84970238095	53.0	0.0
Geodia	TTA	L	I	0.0	0.341360962692	0.0769230769231	0.0114942528736	0.948275862069	0.651685393258	0.0187265917603	1780.0	1.84201218314	20.0	0.0
Geodia	TTG	L	I	0.0	0.341360962692	0.166666666667	0.047619047619	0.880952380952	0.157303370787	0.0187265917603	1780.0	1.93608414239	22.0	0.0
Metridium	CTT	L	I	0.0	0.053904326718	0.0909090909091	0.0512820512821	0.897435897436	0.142857142857	0.018315018315	1783.0	1.88792354474	53.0	0.0
Metridium	CTA	L	I	0.0	0.053904326718	0.0909090909091	0.0357142857143	0.892857142857	0.102564102564	0.018315018315	1783.0	1.68880688807	52.0	0.0
Metridium	CTC	L	I	0.0	0.053904326718	0.166666666667	0.111111111111	0.777777777778	0.032967032967	0.018315018315	1783.0	1.92748091603	55.0	0.0
Metridium	TTA	L	I	0.0	0.053904326718	0.0833333333333	0.00666666666667	0.966666666667	0.549450549451	0.018315018315	1783.0	1.88751431844	20.0	0.0
Acropora	CTT	L	I	0.0	0.0414568038326	0.181818181818	0.0526315789474	0.894736842105	0.138686131387	0.029197080292	1781.0	1.9	53.0	0.0
Acropora	CTG	L	I	0.0	0.0414568038326	0.166666666667	0.111111111111	0.888888888889	0.0328467153285	0.029197080292	1781.0	1.77985074627	54.0	0.0
Acropora	CTC	L	I	0.0	0.0414568038326	0.2	0.166666666667	0.833333333333	0.021897810219	0.029197080292	1781.0	2.09550561798	55.0	0.0
Acropora	TTA	L	I	0.0	0.0414568038326	0.153846153846	0.034188034188	0.923076923077	0.42700729927	0.029197080292	1781.0	1.86411455289	20.0	0.0
Trichinella	CTT	L	I	0.0	0.329947173426	0.25	0.107142857143	0.5	0.108527131783	0.0697674418605	1759.0	1.03627569528	53.0	0.0
Trichinella	CTG	L	I	0.0	0.329947173426	0.5	0.25	0.75	0.015503875969	0.0697674418605	1759.0	2.49166666667	54.0	0.0
Trichinella	CTA	L	I	0.0	0.329947173426	0.444444444444	0.0843373493976	0.698795180723	0.321705426357	0.0697674418605	1759.0	1.73168689828	52.0	0.0
Trichinella	TTA	L	I	0.0	0.329947173426	0.333333333333	0.0571428571429	0.685714285714	0.271317829457	0.0697674418605	1759.0	1.3954968184	20.0	0.0
Trichinella	TTG	L	I	0.0	0.329947173426	0.5	0.0652173913043	0.695652173913	0.178294573643	0.0697674418605	1759.0	1.4019033675	22.0	0.0
Balanoglossus	CTG	L	I	0.0	0.0819496226868	0.0909090909091	0.0416666666667	0.958333333333	0.0792079207921	0.036303630363	1784.0	1.92582025678	54.0	0.0
Balanoglossus	CTA	L	I	0.0	0.0819496226868	0.5	0.0786516853933	0.85393258427	0.293729372937	0.036303630363	1784.0	1.98647081562	52.0	0.0
Balanoglossus	CTC	L	I	0.0	0.0819496226868	0.166666666667	0.0215053763441	0.956989247312	0.306930693069	0.036303630363	1784.0	1.89518205223	55.0	0.0
Balanoglossus	TTG	L	I	0.0	0.0819496226868	0.125	0.0714285714286	0.928571428571	0.046204620462	0.036303630363	1784.0	2.0023923445	22.0	0.0
Reclinomonas	CTT	L	I	0.0	0.777843021874	0.25	0.0441176470588	0.882352941176	0.255639097744	0.0338345864662	1784.0	1.81601621896	53.0	0.0
Reclinomonas	TTA	L	I	0.0	0.777843021874	0.333333333333	0.0331491712707	0.911602209945	0.68045112782	0.0338345864662	1784.0	1.87561343903	20.0	0.0
Drosophila	TTA	L	I	0.0	0.751895170928	0.416666666667	0.0205761316872	0.917695473251	0.874100719424	0.0179856115108	1783.0	1.86969356199	20.0	0.0
Jlibera	CTT	L	I	0.0	0.955357005027	0.222222222222	0.0444444444444	0.888888888889	0.164233576642	0.043795620438	1784.0	2.0424382716	53.0	0.0
Jlibera	CTA	L	I	0.0	0.955357005027	0.111111111111	0.0243902439024	0.951219512195	0.149635036496	0.043795620438	1784.0	1.91395154553	52.0	0.0
Jlibera	TTA	L	I	0.0	0.955357005027	0.461538461538	0.0542168674699	0.843373493976	0.605839416058	0.043795620438	1784.0	1.92086330935	20.0	0.0
Myxine	CTA	L	I	0.0	0.183845096405	0.272727272727	0.0689655172414	0.827586206897	0.210144927536	0.0217391304348	1783.0	1.81967213115	52.0	0.0
Myxine	CTC	L	I	0.0	0.183845096405	0.1	0.0217391304348	0.847826086957	0.166666666667	0.0217391304348	1783.0	1.80511662904	55.0	0.0
Myxine	TTA	L	I	0.0	0.183845096405	0.0833333333333	0.0117647058824	0.882352941176	0.307971014493	0.0217391304348	1783.0	1.71862509992	20.0	0.0
Ciona	CTT	L	I	1.0	0.160269625386	0.181818181818	0.0645161290323	0.741935483871	0.128630705394	0.0539419087137	1767.0	1.21978021978	53.0	0.0
Ciona	CTG	L	I	1.0	0.160269625386	0.5	0.5	0.5	0.00829875518672	0.0539419087137	1767.0	1.91379310345	54.0	0.0
Ciona	CTA	L	I	1.0	0.160269625386	0.3	0.0909090909091	0.787878787879	0.136929460581	0.0539419087137	1767.0	1.65195071869	52.0	0.0
Ciona	TTA	L	I	1.0	0.160269625386	0.153846153846	0.0352112676056	0.774647887324	0.589211618257	0.0539419087137	1767.0	1.48451862603	20.0	0.0
Ciona	TTG	L	I	1.0	0.160269625386	0.25	0.0740740740741	0.740740740741	0.112033195021	0.0539419087137	1767.0	1.4804045512	22.0	0.0
Epigonichthys	CTA	L	I	0.0	0.969195350438	0.0909090909091	0.0238095238095	0.904761904762	0.146853146853	0.0244755244755	1783.0	1.89894907033	52.0	0.0
Epigonichthys	TTA	L	I	0.0	0.969195350438	0.230769230769	0.032	0.92	0.437062937063	0.0244755244755	1783.0	1.89538714992	20.0	0.0
Epigonichthys	TTG	L	I	0.0	0.969195350438	0.181818181818	0.037037037037	0.962962962963	0.188811188811	0.0244755244755	1783.0	1.96107972379	22.0	0.0
Daphnia	CTT	L	I	0.0	0.740273848063	0.181818181818	0.031746031746	0.952380952381	0.225	0.0392857142857	1783.0	1.92861035422	53.0	0.0
Daphnia	CTA	L	I	0.0	0.740273848063	0.25	0.0588235294118	0.862745098039	0.182142857143	0.0392857142857	1783.0	1.82582380632	52.0	0.0
Daphnia	TTA	L	I	0.0	0.740273848063	0.333333333333	0.0449438202247	0.898876404494	0.317857142857	0.0392857142857	1783.0	1.92892625143	20.0	0.0
Daphnia	TTG	L	I	0.0	0.740273848063	0.181818181818	0.0645161290323	0.838709677419	0.110714285714	0.0392857142857	1783.0	1.73093681917	22.0	0.0
Homo	CTT	L	I	0.0	0.530838402382	0.0909090909091	0.0357142857143	0.892857142857	0.1	0.0178571428571	1782.0	1.8029375765	53.0	0.0
Homo	CTA	L	I	0.0	0.530838402382	0.333333333333	0.0307692307692	0.907692307692	0.464285714286	0.0178571428571	1782.0	1.86422356973	52.0	0.0
Blanceolatum	CTT	L	I	0.0	0.511286635956	0.166666666667	0.0588235294118	0.882352941176	0.0794392523364	0.0327102803738	1083.0	1.90980392157	53.0	0.0
Blanceolatum	CTA	L	I	0.0	0.511286635956	0.111111111111	0.025	0.925	0.18691588785	0.0327102803738	1083.0	1.7481234362	52.0	0.0
Blanceolatum	TTA	L	I	0.0	0.511286635956	0.4	0.0555555555556	0.877777777778	0.420560747664	0.0327102803738	1083.0	1.86646773592	20.0	0.0
Saccoglossus	CTT	L	I	0.0	0.926170076791	0.272727272727	0.0315789473684	0.894736842105	0.318791946309	0.0302013422819	1784.0	1.90060997488	53.0	0.0
Saccoglossus	CTA	L	I	0.0	0.926170076791	0.153846153846	0.037037037037	0.925925925926	0.181208053691	0.0302013422819	1784.0	1.96516782774	52.0	0.0
Saccoglossus	CTC	L	I	0.0	0.926170076791	0.0909090909091	0.0227272727273	0.931818181818	0.147651006711	0.0302013422819	1784.0	1.87615384615	55.0	0.0
Saccoglossus	TTA	L	I	0.0	0.926170076791	0.2	0.025	0.925	0.268456375839	0.0302013422819	1784.0	1.81089193825	20.0	0.0
Saccoglossus	TTG	L	I	0.0	0.926170076791	0.2	0.0555555555556	0.944444444444	0.0604026845638	0.0302013422819	1784.0	1.99607072692	22.0	0.0

### Alignment improvement:
