### Random Forest prediction
genome	codon	ori_aa	rea_aa	fitch	Fisher_pval	Gene_frac	N._rea	N._used	Cod._count	Sub._count	G._len	codon_lik	id	prediction	probability
SpombA	ACT	T	G	0.0	0.674999887792	0.166666666667	0.0277777777778	0.694444444444	0.6	0.0166666666667	1424.0	-1.58972289481	13.0	0.0	0.0
CgallA	ACA	T	G	0.0	0.7	0.0833333333333	0.013698630137	0.643835616438	0.623931623932	0.00854700854701	2247.0	-1.91594827586	12.0	0.0	0.0
CsantA	ACT	T	G	0.0	0.746666579202	0.0909090909091	0.0185185185185	0.685185185185	0.457627118644	0.00847457627119	2220.0	-1.95606217617	13.0	0.0	0.0
OanguA	ACA	T	G	0.0	0.776190398919	0.1	0.0196078431373	0.745098039216	0.432203389831	0.0169491525424	2248.0	-1.86390776199	12.0	0.0	0.0
OanguA	ACT	T	G	0.0	0.776190398919	0.0909090909091	0.0166666666667	0.766666666667	0.508474576271	0.0169491525424	2248.0	-1.64387794515	13.0	0.0	0.0
MstarA	ACA	T	G	0.0	0.426920062696	0.2	0.0363636363636	0.745454545455	0.5	0.0272727272727	2249.0	-1.57441905128	12.0	0.0	0.0
MstarA	ACT	T	G	0.0	0.426920062696	0.1	0.0181818181818	0.8	0.5	0.0272727272727	2249.0	-1.87764227642	13.0	0.0	0.0
NbaciA	ACA	T	G	0.0	0.175925925926	0.142857142857	0.04	0.72	0.384615384615	0.0153846153846	1428.0	-1.2949863972	12.0	0.0	0.0
CcastA	ACA	T	G	0.0	0.221153846154	0.166666666667	0.0384615384615	0.846153846154	0.426229508197	0.016393442623	1428.0	-1.69852941176	12.0	0.0	0.0
CphanA	ACT	T	G	0.0	0.15625	0.111111111111	0.0285714285714	0.685714285714	0.301724137931	0.00862068965517	2247.0	-1.66576637407	13.0	0.0	0.0
HuvarA	ACT	T	G	0.0	0.689655172414	0.166666666667	0.0285714285714	0.485714285714	0.603448275862	0.0172413793103	1361.0	-1.80530489472	13.0	0.0	0.0
PpastA	ACA	T	G	0.0	0.593406593407	0.0833333333333	0.0114942528736	0.83908045977	0.81308411215	0.00934579439252	2248.0	-1.98372151265	12.0	0.0	0.0
MmagnB	ACA	T	G	0.0	0.372042836882	0.181818181818	0.0224719101124	0.730337078652	0.760683760684	0.025641025641	2249.0	-1.66903614458	12.0	0.0	0.0
MmagnB	ACT	T	G	0.0	0.372042836882	0.1	0.0384615384615	0.692307692308	0.222222222222	0.025641025641	2249.0	-1.85708136031	13.0	0.0	0.0
MmagnA	ACA	T	G	0.0	0.361968655377	0.181818181818	0.0222222222222	0.722222222222	0.769230769231	0.025641025641	2249.0	-1.64577883472	12.0	0.0	0.0
MmagnA	ACT	T	G	0.0	0.361968655377	0.1	0.0384615384615	0.730769230769	0.222222222222	0.025641025641	2249.0	-1.95910460611	13.0	0.0	0.0
MtetrA	ACC	T	G	0.0	0.307934322356	0.2	0.111111111111	0.777777777778	0.0762711864407	0.0254237288136	2248.0	-1.51439790576	15.0	0.0	0.0
MtetrA	ACA	T	G	0.0	0.307934322356	0.0909090909091	0.015873015873	0.650793650794	0.533898305085	0.0254237288136	2248.0	-1.71939859454	12.0	0.0	0.0
MtetrA	ACT	T	G	0.0	0.307934322356	0.111111111111	0.0344827586207	0.827586206897	0.245762711864	0.0254237288136	2248.0	-1.73728503476	13.0	0.0	0.0
CsuavA	ACA	T	G	0.0	0.676470476535	0.0769230769231	0.015625	0.84375	0.64	0.01	2250.0	-1.832785268	12.0	0.0	0.0
YlipoB	ACA	T	G	0.0	0.70253164557	0.0833333333333	0.0142857142857	0.657142857143	0.598290598291	0.00854700854701	2247.0	-1.79632162943	12.0	0.0	0.0
YlipoA	ACA	T	G	0.0	0.70253164557	0.0833333333333	0.0142857142857	0.657142857143	0.598290598291	0.00854700854701	2247.0	-1.79632162943	12.0	0.0	0.0
CalimA	ACA	T	G	0.0	0.626582278481	0.0833333333333	0.0119047619048	0.690476190476	0.730434782609	0.00869565217391	2247.0	-1.85576557148	12.0	0.0	0.0
CchauA	ACG	T	G	0.0	0.0346534568006	0.25	0.2	0.8	0.0471698113208	0.00943396226415	2250.0	-0.69623059867	14.0	0.0	0.001
CdefoA	ACA	T	G	0.0	0.668749885635	0.0833333333333	0.0128205128205	0.666666666667	0.661016949153	0.00847457627119	2247.0	-1.87871387871	12.0	0.0	0.0
CsalmA	ACA	T	G	0.0	0.510816235625	0.2	0.0540540540541	0.648648648649	0.336363636364	0.0363636363636	2153.0	-1.43333333333	12.0	0.0	0.0
CsalmA	ACT	T	G	0.0	0.510816235625	0.2	0.0285714285714	0.628571428571	0.636363636364	0.0363636363636	2153.0	-1.64218725163	13.0	0.0	0.0
MingeA	ACA	T	G	0.0	0.415396952686	0.1	0.0149253731343	0.746268656716	0.603603603604	0.027027027027	2249.0	-1.85450819672	12.0	0.0	0.0
MingeA	ACT	T	G	0.0	0.415396952686	0.2	0.0454545454545	0.772727272727	0.396396396396	0.027027027027	2249.0	-1.57585139319	13.0	0.0	0.0