### Random Forest prediction
genome	codon	ori_aa	rea_aa	fitch	Fisher pval	Gene frac	N. rea	N. used	Cod. count	Sub. count	G. len	codon_lik	id	prediction
Paracentrotus	CTT	L	I	0.0	0.671348768058	0.222222222222	0.0454545454545	0.931818181818	0.209523809524	0.0142857142857	1436.0	2.00782013685	53.0	0.0
Paracentrotus	CTA	L	I	0.0	0.671348768058	0.0833333333333	0.0128205128205	0.961538461538	0.371428571429	0.0142857142857	1436.0	1.92787418655	52.0	0.0
Schistosoma	CTG	L	I	0.0	0.552401928525	0.2	0.125	0.375	0.0446927374302	0.072625698324	1278.0	0.5	54.0	0.0
Schistosoma	CTA	L	I	0.0	0.552401928525	0.166666666667	0.111111111111	0.666666666667	0.0502793296089	0.072625698324	1278.0	2.15887850467	52.0	0.0
Schistosoma	TTA	L	I	0.0	0.552401928525	0.545454545455	0.09	0.58	0.558659217877	0.072625698324	1278.0	1.34705882353	20.0	0.0
Schistosoma	TTG	L	I	0.0	0.552401928525	0.222222222222	0.0454545454545	0.636363636364	0.245810055866	0.072625698324	1278.0	1.50238777459	22.0	0.0
Fasciola	CTT	L	I	0.0	0.86235542903	0.333333333333	0.130434782609	0.565217391304	0.116161616162	0.0959595959596	1341.0	1.42115027829	53.0	0.0
Fasciola	TTA	L	I	0.0	0.86235542903	0.3	0.0769230769231	0.666666666667	0.19696969697	0.0959595959596	1341.0	1.35913978495	20.0	0.0
Fasciola	TTG	L	I	0.0	0.86235542903	0.5	0.102362204724	0.622047244094	0.641414141414	0.0959595959596	1341.0	1.40880503145	22.0	0.0
Patiria	CTT	L	I	0.0	0.382058746904	0.1	0.0208333333333	0.979166666667	0.212389380531	0.0265486725664	1534.0	1.99021352313	53.0	0.0
Patiria	CTG	L	I	0.0	0.382058746904	0.142857142857	0.0909090909091	0.909090909091	0.0486725663717	0.0265486725664	1534.0	1.97328244275	54.0	0.0
Patiria	CTA	L	I	0.0	0.382058746904	0.153846153846	0.0277777777778	0.930555555556	0.318584070796	0.0265486725664	1534.0	1.94394752534	52.0	0.0
Patiria	CTC	L	I	0.0	0.382058746904	0.111111111111	0.037037037037	0.962962962963	0.119469026549	0.0265486725664	1534.0	1.9874411303	55.0	0.0
Patiria	TTG	L	I	0.0	0.382058746904	0.142857142857	0.0454545454545	0.954545454545	0.0973451327434	0.0265486725664	1534.0	1.96332046332	22.0	0.0
Lumbricus	CTG	L	I	0.0	0.184437918012	0.166666666667	0.111111111111	0.888888888889	0.0418604651163	0.0372093023256	1525.0	2.27777777778	54.0	0.0
Lumbricus	CTA	L	I	0.0	0.184437918012	0.333333333333	0.0547945205479	0.945205479452	0.339534883721	0.0372093023256	1525.0	2.00761124122	52.0	0.0
Lumbricus	TTA	L	I	0.0	0.184437918012	0.166666666667	0.037037037037	0.888888888889	0.251162790698	0.0372093023256	1525.0	1.76224328594	20.0	0.0
Lumbricus	TTG	L	I	0.0	0.184437918012	0.166666666667	0.1	0.7	0.046511627907	0.0372093023256	1525.0	2.00884955752	22.0	0.0
Halocynthia	CTT	L	I	0.0	0.0256675091628	0.166666666667	0.0714285714286	0.642857142857	0.0714285714286	0.0357142857143	1418.0	1.47272727273	53.0	0.0
Halocynthia	CTC	L	I	0.0	0.0256675091628	1.0	1.0	0.0	0.00510204081633	0.0357142857143	1418.0	3.04	55.0	0.0
Halocynthia	TTA	L	I	0.0	0.0256675091628	0.0909090909091	0.00990099009901	0.811881188119	0.515306122449	0.0357142857143	1418.0	1.63602173005	20.0	0.0
Halocynthia	TTG	L	I	0.0	0.0256675091628	0.333333333333	0.0571428571429	0.842857142857	0.357142857143	0.0357142857143	1418.0	1.87212121212	22.0	0.0
Limulus	CTA	L	I	0.0	0.178134226486	0.111111111111	0.0277777777778	0.944444444444	0.169811320755	0.00943396226415	1521.0	1.90666666667	52.0	0.0
Limulus	CTC	L	I	0.0	0.178134226486	0.125	0.0384615384615	0.961538461538	0.122641509434	0.00943396226415	1521.0	2.0347107438	55.0	0.0
Caenorhabditis	CTT	L	I	0.0	0.151754019621	0.428571428571	0.166666666667	0.666666666667	0.0891089108911	0.0643564356436	1433.0	1.65581395349	53.0	0.0
Caenorhabditis	TTA	L	I	0.0	0.151754019621	0.416666666667	0.0534351145038	0.732824427481	0.648514851485	0.0643564356436	1433.0	1.67057291667	20.0	0.0
Caenorhabditis	TTG	L	I	0.0	0.151754019621	0.0909090909091	0.0277777777778	0.833333333333	0.178217821782	0.0643564356436	1433.0	1.85458879619	22.0	0.0
Caenorhabditis	CTA	L	I	0.0	0.151754019621	0.222222222222	0.133333333333	0.533333333333	0.0742574257426	0.0643564356436	1433.0	1.0888252149	52.0	0.0
Axinella	CTT	L	I	0.0	0.212971360906	0.1	0.037037037037	0.888888888889	0.131067961165	0.0194174757282	1523.0	1.88467614534	53.0	0.0
Axinella	TTA	L	I	0.0	0.212971360906	0.0833333333333	0.00793650793651	0.960317460317	0.611650485437	0.0194174757282	1523.0	1.87614523244	20.0	0.0
Axinella	TTG	L	I	0.0	0.212971360906	0.2	0.0588235294118	0.882352941176	0.165048543689	0.0194174757282	1523.0	2.05452292441	22.0	0.0
Terebratulina	CTC	L	I	0.0	0.00149994710046	0.1	0.0243902439024	0.926829268293	0.195238095238	0.0238095238095	1487.0	1.85832471562	55.0	0.0
Terebratulina	TTA	L	I	0.0	0.00149994710046	0.25	0.12	0.8	0.119047619048	0.0238095238095	1487.0	1.8322147651	20.0	0.0
Terebratulina	TTG	L	I	0.0	0.00149994710046	0.333333333333	0.333333333333	0.666666666667	0.0142857142857	0.0238095238095	1487.0	2.68571428571	22.0	0.0
Bfloridae	CTT	L	I	0.0	0.717584785184	0.142857142857	0.0434782608696	0.95652173913	0.140243902439	0.0365853658537	875.0	1.93260473588	53.0	0.0
Bfloridae	CTA	L	I	0.0	0.717584785184	0.222222222222	0.0714285714286	0.928571428571	0.170731707317	0.0365853658537	875.0	1.93846153846	52.0	0.0
Bfloridae	TTA	L	I	0.0	0.717584785184	0.1	0.016393442623	0.967213114754	0.371951219512	0.0365853658537	875.0	1.96041666667	20.0	0.0
Bfloridae	TTG	L	I	0.0	0.717584785184	0.25	0.0512820512821	0.948717948718	0.237804878049	0.0365853658537	875.0	2.13080168776	22.0	0.0
Katharina	TTA	L	I	0.0	0.88127789363	0.25	0.0267857142857	0.955357142857	0.51376146789	0.0183486238532	1515.0	1.96792890263	20.0	0.0
Katharina	TTG	L	I	0.0	0.88127789363	0.142857142857	0.0344827586207	0.931034482759	0.133027522936	0.0183486238532	1515.0	2.08801213961	22.0	0.0
Geodia	CTT	L	I	0.0	0.419453839732	0.142857142857	0.0625	0.8125	0.0765550239234	0.0287081339713	1524.0	1.93403693931	53.0	0.0
Geodia	TTA	L	I	0.0	0.419453839732	0.230769230769	0.0222222222222	0.933333333333	0.645933014354	0.0287081339713	1524.0	1.86938646426	20.0	0.0
Geodia	TTG	L	I	0.0	0.419453839732	0.2	0.0625	0.84375	0.153110047847	0.0287081339713	1524.0	1.95	22.0	0.0
Metridium	CTT	L	I	0.0	0.149731055325	0.1	0.0571428571429	0.885714285714	0.160550458716	0.0275229357798	1534.0	1.90048543689	53.0	0.0
Metridium	CTA	L	I	0.0	0.149731055325	0.111111111111	0.047619047619	0.904761904762	0.0963302752294	0.0275229357798	1534.0	1.78496868476	52.0	0.0
Metridium	CTC	L	I	0.0	0.149731055325	0.2	0.125	0.75	0.0366972477064	0.0275229357798	1534.0	1.95698924731	55.0	0.0
Metridium	TTA	L	I	0.0	0.149731055325	0.181818181818	0.0166666666667	0.975	0.550458715596	0.0275229357798	1534.0	2.01211689237	20.0	0.0
Acropora	CTT	L	I	0.0	0.111040738351	0.25	0.0666666666667	0.9	0.140186915888	0.0373831775701	1532.0	1.91631205674	53.0	0.0
Acropora	CTG	L	I	0.0	0.111040738351	0.25	0.125	0.75	0.0373831775701	0.0373831775701	1532.0	1.82474226804	54.0	0.0
Acropora	CTC	L	I	0.0	0.111040738351	0.25	0.2	0.8	0.0233644859813	0.0373831775701	1532.0	2.21367521368	55.0	0.0
Acropora	TTA	L	I	0.0	0.111040738351	0.153846153846	0.0348837209302	0.906976744186	0.401869158879	0.0373831775701	1532.0	1.88473053892	20.0	0.0
Acropora	TTG	L	I	0.0	0.111040738351	0.1	0.0142857142857	0.957142857143	0.327102803738	0.0373831775701	1532.0	1.96253071253	22.0	0.0
Trichinella	CTT	L	I	0.0	0.742341912585	0.142857142857	0.0625	0.5	0.0893854748603	0.0670391061453	1259.0	0.613577023499	53.0	0.0
Trichinella	TTA	L	I	0.0	0.742341912585	0.6	0.105263157895	0.736842105263	0.31843575419	0.0670391061453	1259.0	1.64259395726	20.0	0.0
Trichinella	TTG	L	I	0.0	0.742341912585	0.2	0.05	0.8	0.111731843575	0.0670391061453	1259.0	1.60917030568	22.0	0.0
Trichinella	CTA	L	I	0.0	0.742341912585	0.333333333333	0.0606060606061	0.742424242424	0.368715083799	0.0670391061453	1259.0	1.70787956438	52.0	0.0
Balanoglossus	CTA	L	I	0.0	0.104504374152	0.363636363636	0.0597014925373	0.910447761194	0.271255060729	0.0242914979757	1534.0	2.02118100128	52.0	0.0
Balanoglossus	CTC	L	I	0.0	0.104504374152	0.0909090909091	0.0131578947368	0.973684210526	0.307692307692	0.0242914979757	1534.0	1.93640967923	55.0	0.0
Balanoglossus	TTG	L	I	0.0	0.104504374152	0.166666666667	0.111111111111	0.888888888889	0.0364372469636	0.0242914979757	1534.0	1.96759259259	22.0	0.0
Drosophila	TTA	L	I	0.0	0.381963511718	0.25	0.0154639175258	0.958762886598	0.858407079646	0.0176991150442	1523.0	1.90719155487	20.0	0.0
Drosophila	CTA	L	I	0.0	0.381963511718	0.142857142857	0.0769230769231	0.923076923077	0.0575221238938	0.0176991150442	1523.0	2.02657807309	52.0	0.0
Myxine	CTA	L	I	0.0	0.0480958289911	0.2	0.0833333333333	0.8125	0.219178082192	0.0228310502283	1533.0	1.88067675868	52.0	0.0
Myxine	CTC	L	I	0.0	0.0480958289911	0.1	0.027027027027	0.864864864865	0.168949771689	0.0228310502283	1533.0	1.83867141163	55.0	0.0
Ciona	CTT	L	I	1.0	0.298040416159	0.111111111111	0.0434782608696	0.826086956522	0.117346938776	0.0459183673469	1411.0	1.65321100917	53.0	0.0
Ciona	CTG	L	I	1.0	0.298040416159	0.333333333333	0.333333333333	0.666666666667	0.015306122449	0.0459183673469	1411.0	2.33823529412	54.0	0.0
Ciona	CTA	L	I	1.0	0.298040416159	0.222222222222	0.0740740740741	0.777777777778	0.137755102041	0.0459183673469	1411.0	1.59447004608	52.0	0.0
Ciona	TTA	L	I	1.0	0.298040416159	0.181818181818	0.0347826086957	0.808695652174	0.586734693878	0.0459183673469	1411.0	1.61487236404	20.0	0.0
Ciona	TTG	L	I	1.0	0.298040416159	0.125	0.0434782608696	0.695652173913	0.117346938776	0.0459183673469	1411.0	1.46168224299	22.0	0.0
Saccoglossus	CTT	L	I	0.0	0.8916733799	0.0909090909091	0.0133333333333	0.973333333333	0.309917355372	0.0206611570248	1532.0	1.97896532121	53.0	0.0
Saccoglossus	CTA	L	I	0.0	0.8916733799	0.0833333333333	0.0232558139535	0.953488372093	0.177685950413	0.0206611570248	1532.0	1.85842472582	52.0	0.0
Saccoglossus	CTC	L	I	0.0	0.8916733799	0.1	0.03125	0.96875	0.132231404959	0.0206611570248	1532.0	2.12616201859	55.0	0.0
Saccoglossus	TTA	L	I	0.0	0.8916733799	0.181818181818	0.0277777777778	0.930555555556	0.297520661157	0.0206611570248	1532.0	1.8501783591	20.0	0.0
Daphnia	CTT	L	I	0.0	0.867862858358	0.1	0.0192307692308	0.942307692308	0.232142857143	0.0178571428571	1517.0	1.94257588187	53.0	0.0
Daphnia	TTA	L	I	0.0	0.867862858358	0.25	0.0416666666667	0.944444444444	0.321428571429	0.0178571428571	1517.0	2.01007109005	20.0	0.0
Homo	CTA	L	I	0.0	0.889583295212	0.166666666667	0.018691588785	0.971962616822	0.469298245614	0.00877192982456	1533.0	1.96022498996	52.0	0.0
Blanceolatum	CTA	L	I	0.0	0.823598367526	0.142857142857	0.0344827586207	0.931034482759	0.185897435897	0.025641025641	839.0	1.83898305085	52.0	0.0
Blanceolatum	TTA	L	I	0.0	0.823598367526	0.2	0.0454545454545	0.939393939394	0.423076923077	0.025641025641	839.0	1.98721227621	20.0	0.0
Epigonichthys	CTG	L	I	0.0	0.899848671779	0.111111111111	0.047619047619	0.952380952381	0.0889830508475	0.0254237288136	1522.0	2.04489795918	54.0	0.0
Epigonichthys	CTA	L	I	0.0	0.899848671779	0.111111111111	0.0277777777778	0.916666666667	0.152542372881	0.0254237288136	1522.0	1.91917973462	52.0	0.0
Epigonichthys	TTA	L	I	0.0	0.899848671779	0.166666666667	0.029702970297	0.940594059406	0.427966101695	0.0254237288136	1522.0	1.94741306192	20.0	0.0
Epigonichthys	TTG	L	I	0.0	0.899848671779	0.1	0.0208333333333	0.979166666667	0.203389830508	0.0254237288136	1522.0	2.02785030461	22.0	0.0

### Alignment improvement:
