### Random Forest prediction
genome	codon	ori_aa	rea_aa	fitch	Fisher_pval	Gene_frac	N._rea	N._used	Cod._count	Sub._count	G._len	codon_lik	id	prediction	probability
LmeyeA	AGA	R	K	0.0	0.00396865315109	0.285714285714	0.0588235294118	0.911764705882	1.0	0.0588235294118	1429.0	1.98473713963	8.0	0.0	0.01
SpombA	AGA	R	K	0.0	0.538461538462	0.142857142857	0.037037037037	0.851851851852	0.84375	0.03125	1424.0	1.72572643515	8.0	0.0	0.005
CgallA	AGA	R	K	0.0	0.000375923197671	0.25	0.0588235294118	0.901960784314	1.0	0.0588235294118	2247.0	1.99402347919	8.0	0.0	0.199
CgigaA	AGA	R	K	0.0	0.387755052719	0.142857142857	0.0714285714286	0.928571428571	0.28	0.02	2002.0	2.23136049193	8.0	0.0	0.006
CsantA	AGG	R	K	0.0	0.644949465132	0.2	0.1	0.8	0.217391304348	0.0434782608696	2220.0	2.0	10.0	0.0	0.003
CsantA	AGA	R	K	0.0	0.644949465132	0.111111111111	0.0526315789474	0.947368421053	0.413043478261	0.0434782608696	2220.0	2.16303162486	8.0	0.0	0.006
CtropB	CGT	R	K	2.0	0.74074065123	0.0909090909091	0.0357142857143	0.964285714286	0.518518518519	0.0185185185185	2250.0	2.08078431373	57.0	0.0	0.0
CtropA	CGT	R	K	2.0	0.74074065123	0.0909090909091	0.0357142857143	0.964285714286	0.518518518519	0.0185185185185	2250.0	2.08078431373	57.0	0.0	0.0
CsubhA	AGG	R	K	0.0	0.0660377195635	0.25	0.2	0.8	0.0847457627119	0.0169491525424	2244.0	2.66447368421	10.0	0.0	0.004
CsubhB	AGG	R	K	0.0	0.0660377195635	0.25	0.2	0.8	0.0847457627119	0.0169491525424	2244.0	2.66447368421	10.0	0.0	0.004
OanguA	CGT	R	K	0.0	0.197916612721	0.2	0.0666666666667	0.933333333333	0.3125	0.0208333333333	2248.0	2.09851551957	57.0	0.0	0.0
SarboA	AGA	R	K	0.0	0.00396865315109	0.285714285714	0.0606060606061	0.939393939394	1.0	0.0606060606061	1429.0	2.06282722513	8.0	0.0	0.01
KtherA	AGA	R	K	0.0	0.00396865315109	0.285714285714	0.0588235294118	0.911764705882	1.0	0.0588235294118	1429.0	1.98473713963	8.0	0.0	0.01
CviswA	CGT	R	K	6.0	0.254716899704	0.0909090909091	0.04	0.96	0.471698113208	0.0188679245283	2249.0	2.08528138528	57.0	0.0	0.059
MstarA	CGT	R	K	0.0	0.189999941307	0.111111111111	0.0588235294118	0.941176470588	0.326923076923	0.0192307692308	2249.0	2.12889165629	57.0	0.0	0.0
NbaciA	AGA	R	K	0.0	0.0838929677302	0.142857142857	0.0322580645161	0.967741935484	1.0	0.0322580645161	1428.0	2.03494124923	8.0	0.0	0.005
CtetrA	CGT	R	K	5.0	0.77272719426	0.0909090909091	0.04	0.96	0.446428571429	0.0357142857143	2249.0	2.08550855086	57.0	0.0	0.055
CtetrA	AGA	R	K	5.0	0.77272719426	0.1	0.0357142857143	0.928571428571	0.5	0.0357142857143	2249.0	2.05889057751	8.0	0.0	0.067
CbohiA	CGA	R	K	0.0	0.08420048473	0.5	0.5	0.5	0.0357142857143	0.0535714285714	2250.0	3.20930232558	56.0	0.0	0.038
CbohiA	CGT	R	K	0.0	0.08420048473	0.1	0.047619047619	0.928571428571	0.75	0.0535714285714	2250.0	2.11469072165	57.0	0.0	0.0
LstarA	AGA	R	K	0.0	0.778948145057	0.285714285714	0.0909090909091	0.909090909091	0.733333333333	0.0666666666667	1834.0	2.25666438824	8.0	0.0	0.006
MfariB	CGT	R	K	5.0	0.166666615518	0.125	0.0625	0.9375	0.290909090909	0.0181818181818	2250.0	2.17250495704	57.0	0.0	0.06
CcastA	AGA	R	K	0.0	0.00396865315109	0.285714285714	0.0588235294118	0.911764705882	1.0	0.0588235294118	1428.0	1.99971735444	8.0	0.0	0.01
LanspB	AGA	R	K	0.0	0.00396865315109	0.285714285714	0.0588235294118	0.911764705882	1.0	0.0588235294118	1429.0	1.98473713963	8.0	0.0	0.01
CphanA	AGA	R	K	0.0	0.000375923197671	0.25	0.0588235294118	0.901960784314	1.0	0.0588235294118	2247.0	1.99402347919	8.0	0.0	0.199
LanspA	AGA	R	K	0.0	0.00373510705646	0.285714285714	0.0606060606061	0.909090909091	1.0	0.0606060606061	1429.0	1.99359720605	8.0	0.0	0.01
CsojaA	CGT	R	K	0.0	0.70270260006	0.142857142857	0.0454545454545	0.954545454545	0.594594594595	0.027027027027	1498.0	2.06866288074	57.0	0.0	0.0
CglabA	AGA	R	K	0.0	0.0864787051713	0.142857142857	0.0294117647059	0.911764705882	1.0	0.0294117647059	1413.0	1.85350678733	8.0	0.0	0.005
ScryoA	CGT	R	K	0.0	0.0598290490091	1.0	1.0	0.0	0.0333333333333	0.0666666666667	1424.0	3.91262135922	57.0	0.0	0.191
ScryoA	AGA	R	K	0.0	0.0598290490091	0.142857142857	0.0416666666667	0.875	0.8	0.0666666666667	1424.0	1.86616362192	8.0	0.0	0.005
CneerA	CGT	R	K	4.0	0.185185185185	0.111111111111	0.05	0.95	0.37037037037	0.0185185185185	2249.0	2.09479452055	57.0	0.0	0.059
KlactA	AGA	R	K	0.0	0.00373510705646	0.285714285714	0.0606060606061	0.909090909091	1.0	0.0606060606061	1408.0	1.97583697234	8.0	0.0	0.011
CzempA	AGA	R	K	0.0	0.321428571429	0.166666666667	0.0952380952381	0.761904761905	0.677419354839	0.0645161290323	1428.0	1.82406982085	8.0	0.0	0.005
CfrijA	CGT	R	K	4.0	0.240740670411	0.1	0.0454545454545	0.954545454545	0.407407407407	0.0185185185185	2249.0	2.08370927318	57.0	0.0	0.059
PpastA	CGT	R	K	0.0	0.078431372549	0.2	0.125	0.875	0.156862745098	0.0196078431373	2248.0	2.21994535519	57.0	0.0	0.0
SjapoA	CGT	R	K	0.0	0.342227635913	0.25	0.2	0.8	0.15625	0.09375	1423.0	2.38178294574	57.0	0.0	0.0
SjapoA	AGA	R	K	0.0	0.342227635913	0.142857142857	0.0769230769231	0.807692307692	0.8125	0.09375	1423.0	1.88287292818	8.0	0.0	0.005
CalbiE	CGT	R	K	0.0	0.696428466619	0.166666666667	0.0588235294118	0.941176470588	0.607142857143	0.0357142857143	1183.0	2.14747589336	57.0	0.0	0.0
CalbiD	CGT	R	K	0.0	0.696078326442	0.1	0.0322580645161	0.967741935484	0.607843137255	0.0196078431373	2058.0	2.07994438651	57.0	0.0	0.0
CalbiC	CGT	R	K	1.0	0.69444433895	0.0909090909091	0.030303030303	0.969696969697	0.611111111111	0.0185185185185	2250.0	2.0625	57.0	0.0	0.0
CalbiB	CGT	R	K	2.0	0.69444433895	0.0909090909091	0.030303030303	0.969696969697	0.611111111111	0.0185185185185	2250.0	2.0625	57.0	0.0	0.0
CalbiA	CGT	R	K	0.0	0.696078326442	0.1	0.0322580645161	0.967741935484	0.607843137255	0.0196078431373	2058.0	2.07994438651	57.0	0.0	0.0
MmagnB	CGT	R	K	2.0	0.761568627451	0.111111111111	0.0526315789474	0.947368421053	0.365384615385	0.0384615384615	2249.0	2.11566951567	57.0	0.0	0.0
MmagnB	AGA	R	K	2.0	0.761568627451	0.0909090909091	0.030303030303	0.939393939394	0.634615384615	0.0384615384615	2249.0	2.00709699223	8.0	0.0	0.006
MmagnA	CGT	R	K	2.0	0.761568627451	0.111111111111	0.0526315789474	0.947368421053	0.365384615385	0.0384615384615	2249.0	2.11566951567	57.0	0.0	0.0
MmagnA	AGA	R	K	2.0	0.761568627451	0.0909090909091	0.030303030303	0.939393939394	0.634615384615	0.0384615384615	2249.0	2.00709699223	8.0	0.0	0.006
CcoryA	CGT	R	K	0.0	0.707521544042	0.181818181818	0.0625	0.916666666667	0.842105263158	0.0526315789474	2250.0	2.13898756661	57.0	0.0	0.0
MtetrA	CGT	R	K	0.0	0.779591760638	0.111111111111	0.0555555555556	0.944444444444	0.346153846154	0.0384615384615	2248.0	2.12054631829	57.0	0.0	0.0
MtetrA	AGA	R	K	0.0	0.779591760638	0.0909090909091	0.03125	0.90625	0.615384615385	0.0384615384615	2248.0	1.95802728227	8.0	0.0	0.006
CsaraA	CGT	R	K	6.0	0.231481407955	0.111111111111	0.0434782608696	0.95652173913	0.425925925926	0.0185185185185	2249.0	2.11685288641	57.0	0.0	0.059
CsuavA	CGT	R	K	2.0	0.751428571429	0.111111111111	0.047619047619	0.952380952381	0.411764705882	0.0392156862745	2250.0	2.09836875927	57.0	0.0	0.0
CsuavA	AGA	R	K	2.0	0.751428571429	0.1	0.0333333333333	0.933333333333	0.588235294118	0.0392156862745	2250.0	1.95671153147	8.0	0.0	0.006
PkluyA	CGT	R	K	0.0	0.23265301613	0.2	0.125	0.875	0.156862745098	0.0392156862745	2247.0	2.22024623803	57.0	0.0	0.0
PkluyA	AGA	R	K	0.0	0.23265301613	0.0909090909091	0.0243902439024	0.951219512195	0.803921568627	0.0392156862745	2247.0	1.96661409043	8.0	0.0	0.006
YlipoB	AGA	R	K	0.0	0.0003536513208	0.25	0.06	0.9	1.0	0.06	2247.0	1.98547897703	8.0	0.0	0.197
YlipoA	AGA	R	K	0.0	0.0003536513208	0.25	0.06	0.9	1.0	0.06	2247.0	1.98547897703	8.0	0.0	0.197
CjadiA	AGA	R	K	0.0	0.69387755102	0.1	0.0322580645161	0.935483870968	0.62	0.02	2250.0	1.9572230014	8.0	0.0	0.006
AgossB	AGA	R	K	3.0	0.0838929677302	0.142857142857	0.03125	0.9375	1.0	0.03125	1427.0	1.91596638655	8.0	0.0	0.07
NdelpA	AGA	R	K	0.0	0.0864787051713	0.142857142857	0.0294117647059	0.911764705882	1.0	0.0294117647059	1412.0	1.85350678733	8.0	0.0	0.005
LelonA	CGT	R	K	3.0	0.787878714643	0.1	0.0526315789474	0.894736842105	0.339285714286	0.0357142857143	2249.0	1.97124784359	57.0	0.0	0.055
LelonA	AGA	R	K	3.0	0.787878714643	0.0909090909091	0.0285714285714	0.971428571429	0.625	0.0357142857143	2249.0	2.06485812286	8.0	0.0	0.067
CalimA	AGA	R	K	0.0	0.000375923197671	0.25	0.0588235294118	0.901960784314	1.0	0.0588235294118	2247.0	1.99402347919	8.0	0.0	0.199
CchauA	CGT	R	K	0.0	0.835155065742	0.181818181818	0.075	0.9	0.701754385965	0.0526315789474	2250.0	2.16044074174	57.0	0.0	0.0
SoctoA	AGA	R	K	0.0	0.57264957265	0.142857142857	0.0714285714286	0.821428571429	0.933333333333	0.0666666666667	1425.0	1.88657328323	8.0	0.0	0.005
CvartA	CGT	R	K	2.0	0.748571428571	0.111111111111	0.0454545454545	0.954545454545	0.43137254902	0.0392156862745	2250.0	2.09329582747	57.0	0.0	0.0
CvartA	AGA	R	K	2.0	0.748571428571	0.1	0.0344827586207	0.931034482759	0.56862745098	0.0392156862745	2250.0	1.9549071618	8.0	0.0	0.006
CbuenA	AGA	R	K	1.0	0.712962962963	0.1	0.03125	0.9375	0.581818181818	0.0181818181818	2248.0	2.06889564336	8.0	0.0	0.004
CdefoA	AGA	R	K	0.0	0.000375923197671	0.25	0.0588235294118	0.901960784314	1.0	0.0588235294118	2247.0	1.99402347919	8.0	0.0	0.199
LdasiA	AGA	R	K	0.0	0.00396865315109	0.285714285714	0.0588235294118	0.911764705882	1.0	0.0588235294118	1429.0	1.98473713963	8.0	0.0	0.01
LkluyF	AGA	R	K	0.0	0.00396865315109	0.285714285714	0.0588235294118	0.911764705882	1.0	0.0588235294118	1429.0	1.98473713963	8.0	0.0	0.01
LkluyE	AGA	R	K	0.0	0.00396865315109	0.285714285714	0.0588235294118	0.911764705882	1.0	0.0588235294118	1429.0	1.98473713963	8.0	0.0	0.01
LkluyD	AGA	R	K	0.0	0.00396865315109	0.285714285714	0.0588235294118	0.911764705882	1.0	0.0588235294118	1429.0	1.98473713963	8.0	0.0	0.01
LkluyC	AGA	R	K	0.0	0.00396865315109	0.285714285714	0.0588235294118	0.911764705882	1.0	0.0588235294118	1429.0	1.98473713963	8.0	0.0	0.01
LkluyA	AGA	R	K	0.0	0.00396865315109	0.285714285714	0.0588235294118	0.911764705882	1.0	0.0588235294118	1429.0	1.98473713963	8.0	0.0	0.01
CdublA	CGT	R	K	0.0	0.686274401489	0.1	0.03125	0.96875	0.627450980392	0.0196078431373	2058.0	2.07718120805	57.0	0.0	0.0
SpastA	AGA	R	K	0.0	0.00396865315109	0.285714285714	0.0588235294118	0.911764705882	1.0	0.0588235294118	1429.0	1.98473713963	8.0	0.0	0.01
ScereC	AGA	R	K	0.0	0.00396865315109	0.285714285714	0.0588235294118	0.911764705882	1.0	0.0588235294118	1429.0	1.98473713963	8.0	0.0	0.01
ScereA	AGA	R	K	0.0	0.00396865315109	0.285714285714	0.0588235294118	0.911764705882	1.0	0.0588235294118	1429.0	1.98473713963	8.0	0.0	0.01
ScereD	AGA	R	K	0.0	0.00396865315109	0.285714285714	0.0588235294118	0.911764705882	1.0	0.0588235294118	1429.0	1.98473713963	8.0	0.0	0.01
ScereE	AGA	R	K	0.0	0.00396865315109	0.285714285714	0.0588235294118	0.911764705882	1.0	0.0588235294118	1429.0	1.98473713963	8.0	0.0	0.01
LnothA	AGA	R	K	0.0	0.00396865315109	0.285714285714	0.0588235294118	0.911764705882	1.0	0.0588235294118	1429.0	1.98473713963	8.0	0.0	0.01
BcustA	AGA	R	K	0.0	0.604166530004	0.0909090909091	0.0243902439024	0.90243902439	0.803921568627	0.0196078431373	2247.0	1.81576144835	8.0	0.0	0.006
AgossA	AGA	R	K	3.0	0.0838929677302	0.142857142857	0.03125	0.9375	1.0	0.03125	1427.0	1.91596638655	8.0	0.0	0.07
MingeA	CGT	R	K	0.0	0.294117647059	0.111111111111	0.0666666666667	0.933333333333	0.288461538462	0.0384615384615	2249.0	2.14935064935	57.0	0.0	0.0
MingeA	AGA	R	K	0.0	0.294117647059	0.1	0.027027027027	0.945945945946	0.711538461538	0.0384615384615	2249.0	2.00510817308	8.0	0.0	0.006
ScastA	AGA	R	K	0.0	0.0864787051713	0.142857142857	0.030303030303	0.939393939394	1.0	0.030303030303	1426.0	1.96273653566	8.0	0.0	0.005
CmaltA	CGT	R	K	2.0	0.12962962963	0.111111111111	0.0714285714286	0.928571428571	0.259259259259	0.0185185185185	2250.0	2.21759259259	57.0	0.0	0.0