### Random Forest prediction
genome	codon	ori_aa	rea_aa	fitch	Fisher pval	Gene frac	N. rea	N. used	Cod. count	Sub. count	G. len	codon_lik	id	prediction
LmeyeA	TTA	L	M	0.0	0.515383626285	0.285714285714	0.010152284264	0.959390862944	0.951690821256	0.00966183574879	1456.0	1.86123382361	20.0	0.0
SpombA	TTA	L	M	0.0	0.667673110336	0.428571428571	0.025641025641	0.692307692308	0.772277227723	0.0247524752475	1452.0	1.52229173527	20.0	0.0
SpombA	CTA	L	M	0.0	0.667673110336	0.2	0.0454545454545	0.772727272727	0.108910891089	0.0247524752475	1452.0	1.84203296703	52.0	0.0
SpastA	TTA	L	M	1.0	0.505434782609	0.142857142857	0.005	0.905	0.952380952381	0.0047619047619	1456.0	1.75439942705	20.0	0.0
AacerA	TTA	L	M	0.0	0.00906593406593	0.5	0.0277777777778	0.944444444444	0.782608695652	0.0217391304348	643.0	1.88475323959	20.0	0.0
CmetaD	TTA	L	M	0.0	0.556922923949	0.0833333333333	0.00338983050847	0.972881355932	0.885885885886	0.003003003003	2101.0	1.86601020571	20.0	0.0
CgigaA	CTC	L	M	0.0	0.817689467742	0.0909090909091	0.00934579439252	0.934579439252	0.361486486486	0.00337837837838	1879.0	1.84005578202	55.0	0.0
CsantA	CTT	L	M	0.0	0.949406103037	0.0909090909091	0.0178571428571	0.875	0.183006535948	0.0261437908497	2073.0	1.76664483737	53.0	0.0
CsantA	TTA	L	M	0.0	0.949406103037	0.0909090909091	0.016393442623	0.786885245902	0.199346405229	0.0261437908497	2073.0	1.787890625	20.0	0.0
CsantA	CTA	L	M	0.0	0.949406103037	0.166666666667	0.0322580645161	0.801075268817	0.607843137255	0.0261437908497	2073.0	1.69949014067	52.0	0.0
CtropB	CTC	L	M	0.0	0.130503131083	0.0909090909091	0.04	0.96	0.0753012048193	0.00301204819277	2101.0	1.9651500484	55.0	0.0
CtropA	CTC	L	M	0.0	0.133647785171	0.0909090909091	0.04	0.96	0.0753012048193	0.00301204819277	2101.0	1.96189097926	55.0	0.0
WpijpA	TTA	L	M	0.0	0.584615241202	0.142857142857	0.00581395348837	0.936046511628	0.830917874396	0.0048309178744	1456.0	1.81746031746	20.0	0.0
BarxA	TTA	L	M	0.0	0.552083333333	1.0	0.0925925925926	0.777777777778	0.981818181818	0.0909090909091	442.0	1.90374235336	20.0	0.0
CoxycA	TTA	L	M	0.0	0.629999872256	1.0	0.0243902439024	0.878048780488	0.732142857143	0.0178571428571	442.0	1.7820421701	20.0	0.0
CsubhA	CTG	L	M	0.0	0.909830177356	0.0909090909091	0.010752688172	0.89247311828	0.280966767372	0.00906344410876	2098.0	1.83521586345	54.0	0.0
CsubhA	CTA	L	M	0.0	0.909830177356	0.0909090909091	0.00840336134454	0.90756302521	0.359516616314	0.00906344410876	2098.0	1.78955351218	52.0	0.0
CsubhA	CTC	L	M	0.0	0.909830177356	0.0833333333333	0.0104166666667	0.885416666667	0.29003021148	0.00906344410876	2098.0	1.80277252678	55.0	0.0
CsubhB	CTG	L	M	0.0	0.909830177356	0.0909090909091	0.010752688172	0.89247311828	0.280966767372	0.00906344410876	2098.0	1.83521586345	54.0	0.0
CsubhB	CTA	L	M	0.0	0.909830177356	0.0909090909091	0.00840336134454	0.90756302521	0.359516616314	0.00906344410876	2098.0	1.78955351218	52.0	0.0
CsubhB	CTC	L	M	0.0	0.909830177356	0.0833333333333	0.0104166666667	0.885416666667	0.29003021148	0.00906344410876	2098.0	1.80277252678	55.0	0.0
OanguA	CTT	L	M	0.0	0.310013163055	0.0909090909091	0.0526315789474	0.684210526316	0.0579268292683	0.0182926829268	2101.0	1.6393659181	53.0	0.0
OanguA	TTA	L	M	0.0	0.310013163055	0.25	0.0174825174825	0.884615384615	0.871951219512	0.0182926829268	2101.0	1.77837640768	20.0	0.0
SarboA	TTA	L	M	0.0	0.513513345552	0.142857142857	0.00510204081633	0.913265306122	0.915887850467	0.00467289719626	1456.0	1.7675207431	20.0	0.0
CcastA	TTA	L	M	0.0	0.00950611888112	0.142857142857	0.00520833333333	0.911458333333	0.936585365854	0.00487804878049	1455.0	1.77315629499	20.0	0.0
KtherA	TTA	L	M	0.0	0.510126216449	0.285714285714	0.00990099009901	0.955445544554	0.961904761905	0.00952380952381	1456.0	1.8523159657	20.0	0.0
CblacA	TTA	L	M	0.0	0.537373004354	1.0	0.0363636363636	0.890909090909	0.948275862069	0.0344827586207	442.0	1.89689265537	20.0	0.0
CnorvA	TTA	L	M	0.0	0.00955170657157	0.0833333333333	0.0030959752322	0.931888544892	1.0	0.0030959752322	2101.0	1.80898632516	20.0	0.0
CviswA	TTA	L	M	0.0	0.525973862315	0.0833333333333	0.00327868852459	0.954098360656	0.95015576324	0.00311526479751	2101.0	1.82752244096	20.0	0.0
MstarA	TTA	L	M	0.0	0.467867023488	0.25	0.0197368421053	0.875	0.990228013029	0.0195439739414	2101.0	1.81015197099	20.0	0.0
NbaciA	TTA	L	M	1.0	0.502808988764	0.142857142857	0.00531914893617	0.936170212766	0.94472361809	0.00502512562814	1455.0	1.79163941574	20.0	0.0
LstarA	TTA	L	M	0.0	0.628023470394	0.2	0.00904977375566	0.873303167421	0.859922178988	0.00778210116732	1779.0	1.70076262599	20.0	0.0
MfariA	TTA	L	M	0.0	0.61590845156	0.166666666667	0.00714285714286	0.932142857143	0.877742946708	0.00626959247649	2101.0	1.80643402399	20.0	0.0
MfariB	TTA	L	M	2.0	0.542788216791	0.25	0.0121212121212	0.930303030303	0.979228486647	0.0118694362018	2101.0	1.84789999292	20.0	0.0
CalaiA	TTA	L	M	0.0	0.543217424655	0.2	0.0143884892086	0.935251798561	0.975438596491	0.0140350877193	1905.0	1.86199511715	20.0	0.0
LanspB	TTA	L	M	0.0	0.520458143287	0.285714285714	0.0102040816327	0.959183673469	0.937799043062	0.00956937799043	1456.0	1.86168878671	20.0	0.0
CphanA	TTA	L	M	0.0	0.587314233946	0.25	0.012987012987	0.850649350649	0.953560371517	0.0123839009288	2100.0	1.75838440748	20.0	0.0
LanspA	TTA	L	M	0.0	0.515074436485	0.428571428571	0.0146341463415	0.941463414634	0.949074074074	0.0138888888889	1456.0	1.85004746915	20.0	0.0
CsojaA	TTA	L	M	0.0	0.608695517074	0.125	0.00546448087432	0.978142076503	0.775423728814	0.00423728813559	1435.0	1.87672688629	20.0	0.0
CglabA	TTA	L	M	0.0	0.502717391304	0.142857142857	0.00512820512821	0.933333333333	0.975	0.005	1439.0	1.79465364214	20.0	0.0
ScryoA	CTT	L	M	0.0	0.301186099422	0.166666666667	0.047619047619	0.714285714286	0.101941747573	0.0242718446602	1454.0	1.63433559651	53.0	0.0
ScryoA	TTA	L	M	0.0	0.301186099422	0.285714285714	0.0147058823529	0.720588235294	0.660194174757	0.0242718446602	1454.0	1.55507608449	20.0	0.0
ScryoA	CTA	L	M	0.0	0.301186099422	0.333333333333	0.0526315789474	0.684210526316	0.184466019417	0.0242718446602	1454.0	1.65773414699	52.0	0.0
CneerA	TTA	L	M	0.0	0.594551142068	0.0833333333333	0.00373134328358	0.940298507463	0.809667673716	0.00302114803625	2101.0	1.82908995952	20.0	0.0
CsakeA	TTA	L	M	2.0	0.534189774621	0.181818181818	0.00961538461538	0.932692307692	0.978056426332	0.00940438871473	2065.0	1.82529895366	20.0	0.0
HuvarA	TTA	L	M	1.0	0.615345087986	0.5	0.0292397660819	0.74269005848	0.810426540284	0.0236966824645	1397.0	1.62992220227	20.0	0.0
CjiufA	TTA	L	M	0.0	0.576190329868	0.0833333333333	0.00363636363636	0.967272727273	0.843558282209	0.00306748466258	2080.0	1.86620262954	20.0	0.0
KlactA	TTA	L	M	2.0	0.510666436663	0.285714285714	0.010152284264	0.928934010152	0.989949748744	0.0100502512563	1434.0	1.81605021528	20.0	0.0
CzempA	TTA	L	M	0.0	0.569530295135	0.571428571429	0.0575916230366	0.732984293194	0.984536082474	0.0567010309278	1455.0	1.77327109823	20.0	0.0
CmetaB	TTA	L	M	0.0	0.556922923949	0.0833333333333	0.00338983050847	0.972881355932	0.885885885886	0.003003003003	2101.0	1.86601020571	20.0	0.0
CmetaC	TTA	L	M	0.0	0.556922923949	0.0833333333333	0.00338983050847	0.972881355932	0.885885885886	0.003003003003	2101.0	1.86601020571	20.0	0.0
CmetaA	TTA	L	M	0.0	0.556922923949	0.0833333333333	0.00338983050847	0.972881355932	0.885885885886	0.003003003003	2101.0	1.86601020571	20.0	0.0
CmetaF	TTA	L	M	0.0	0.556922923949	0.0833333333333	0.00338983050847	0.972881355932	0.885885885886	0.003003003003	2101.0	1.86601020571	20.0	0.0
CfrijA	TTA	L	M	0.0	0.547923166602	0.0833333333333	0.00334448160535	0.943143812709	0.90332326284	0.00302114803625	2101.0	1.83809561345	20.0	0.0
CgallA	TTA	L	M	0.0	0.327587556052	0.166666666667	0.0104529616725	0.850174216028	0.894080996885	0.01246105919	2101.0	1.75091919274	20.0	0.0
CgallA	TTG	L	M	0.0	0.327587556052	0.333333333333	0.1	0.9	0.0311526479751	0.01246105919	2101.0	2.22359550562	22.0	0.0
CmetaE	TTA	L	M	0.0	0.556922923949	0.0833333333333	0.00338983050847	0.972881355932	0.885885885886	0.003003003003	2101.0	1.86601020571	20.0	0.0
PpastA	TTA	L	M	1.0	0.539649524087	0.333333333333	0.0190476190476	0.904761904762	0.987460815047	0.0188087774295	2101.0	1.83441367118	20.0	0.0
SjapoA	CTT	L	M	0.0	0.8194315153	0.4	0.0487804878049	0.634146341463	0.188073394495	0.045871559633	1450.0	1.5399049287	53.0	0.0
SjapoA	TTA	L	M	0.0	0.8194315153	0.571428571429	0.0443037974684	0.645569620253	0.724770642202	0.045871559633	1450.0	1.50952813067	20.0	0.0
SjapoA	CTA	L	M	0.0	0.8194315153	0.166666666667	0.0625	0.6875	0.0733944954128	0.045871559633	1450.0	1.8549905838	52.0	0.0
CalbiE	TTA	L	M	0.0	0.628204999841	0.166666666667	0.00819672131148	0.94262295082	0.748466257669	0.00613496932515	1101.0	1.83016105417	20.0	0.0
CtetrA	TTA	L	M	0.0	0.606451477029	0.0833333333333	0.00389105058366	0.945525291829	0.788343558282	0.00306748466258	2101.0	1.81400647013	20.0	0.0
MmagnB	CTG	L	M	0.0	0.0259787530173	0.181818181818	0.0566037735849	0.849056603774	0.172638436482	0.0195439739414	2101.0	1.96505702499	54.0	0.0
MmagnB	CTA	L	M	0.0	0.0259787530173	0.0833333333333	0.00917431192661	0.899082568807	0.355048859935	0.0195439739414	2101.0	1.82728878728	52.0	0.0
MmagnB	CTC	L	M	0.0	0.0259787530173	0.2	0.1	0.9	0.0325732899023	0.0195439739414	2101.0	2.23293768546	55.0	0.0
MmagnB	TTA	L	M	0.0	0.0259787530173	0.166666666667	0.037037037037	0.777777777778	0.0879478827362	0.0195439739414	2101.0	1.64412542501	20.0	0.0
MmagnA	CTG	L	M	0.0	0.0604079145945	0.166666666667	0.0555555555556	0.851851851852	0.175324675325	0.0194805194805	2101.0	1.96140184703	54.0	0.0
MmagnA	CTA	L	M	0.0	0.0604079145945	0.166666666667	0.0183486238532	0.889908256881	0.353896103896	0.0194805194805	2101.0	1.85210974849	52.0	0.0
MmagnA	CTC	L	M	0.0	0.0604079145945	0.25	0.1	0.8	0.0324675324675	0.0194805194805	2101.0	2.12314540059	55.0	0.0
CcoryA	CTA	L	M	0.0	0.0575079695717	0.1	0.0277777777778	0.861111111111	0.105263157895	0.00292397660819	2101.0	1.79818394845	52.0	0.0
CparaC	TTA	L	M	0.0	0.555900467791	0.0833333333333	0.00340136054422	0.969387755102	0.888217522659	0.00302114803625	2101.0	1.86027496092	20.0	0.0
CparaB	TTA	L	M	0.0	0.555900467791	0.0833333333333	0.00340136054422	0.969387755102	0.888217522659	0.00302114803625	2101.0	1.86027496092	20.0	0.0
CparaE	TTA	L	M	0.0	0.555900467791	0.0833333333333	0.00340136054422	0.969387755102	0.888217522659	0.00302114803625	2101.0	1.86027496092	20.0	0.0
CparaD	TTA	L	M	0.0	0.555900467791	0.0833333333333	0.00340136054422	0.969387755102	0.888217522659	0.00302114803625	2101.0	1.86027496092	20.0	0.0
CparaF	TTA	L	M	0.0	0.555900467791	0.0833333333333	0.00340136054422	0.969387755102	0.888217522659	0.00302114803625	2101.0	1.86027496092	20.0	0.0
MtetrA	CTT	L	M	0.0	0.643557569415	0.0833333333333	0.0138888888889	0.805555555556	0.233009708738	0.0194174757282	2100.0	1.68926553672	53.0	0.0
MtetrA	CTG	L	M	0.0	0.643557569415	0.272727272727	0.036036036036	0.873873873874	0.359223300971	0.0194174757282	2100.0	1.91515288277	54.0	0.0
MtetrA	CTC	L	M	0.0	0.643557569415	0.0833333333333	0.0208333333333	0.875	0.155339805825	0.0194174757282	2100.0	1.73426765595	55.0	0.0
CsaraA	TTA	L	M	0.0	0.589576405531	0.0833333333333	0.00375939849624	0.943609022556	0.823529411765	0.0030959752322	2101.0	1.82222804032	20.0	0.0
CsuavA	TTA	L	M	2.0	0.101300547495	0.0833333333333	0.0034965034965	0.937062937063	0.928571428571	0.00649350649351	2101.0	1.8177157505	20.0	0.0
CsuavA	CTA	L	M	2.0	0.101300547495	0.166666666667	0.0833333333333	0.916666666667	0.038961038961	0.00649350649351	2101.0	2.10925925926	52.0	0.0
PkluyA	TTA	L	M	0.0	0.591702140673	0.333333333333	0.0166112956811	0.873754152824	0.961661341853	0.0159744408946	2101.0	1.7752668413	20.0	0.0
PcanaA	TTA	L	M	0.0	0.51369846224	0.0833333333333	0.00332225913621	0.940199335548	0.967845659164	0.0032154340836	2101.0	1.8236392639	20.0	0.0
YlipoB	TTA	L	M	0.0	0.663164829839	0.25	0.0136518771331	0.846416382253	0.91277258567	0.01246105919	2100.0	1.76002711108	20.0	0.0
YlipoA	TTA	L	M	0.0	0.663164829839	0.25	0.0136518771331	0.846416382253	0.91277258567	0.01246105919	2100.0	1.76002711108	20.0	0.0
CjadiA	TTA	L	M	0.0	0.505208162505	0.0833333333333	0.00332225913621	0.943521594684	0.990131578947	0.00328947368421	2100.0	1.83072003698	20.0	0.0
AgossB	TTA	L	M	0.0	0.532248271172	0.285714285714	0.0204081632653	0.897959183673	0.834042553191	0.0170212765957	1456.0	1.8048245614	20.0	0.0
NdelpA	TTA	L	M	0.0	0.508333163584	0.142857142857	0.00523560209424	0.921465968586	0.940886699507	0.00492610837438	1439.0	1.78600182492	20.0	0.0
LelonA	TTA	L	M	0.0	0.666134070035	0.0833333333333	0.00467289719626	0.971962616822	0.66253869969	0.0030959752322	2101.0	1.86414968999	20.0	0.0
LkluyF	TTA	L	M	0.0	0.00951625693894	0.142857142857	0.0049504950495	0.955445544554	0.966507177033	0.00478468899522	1456.0	1.84542091126	20.0	0.0
CalimA	TTA	L	M	0.0	0.612084494967	0.25	0.0133333333333	0.856666666667	0.934579439252	0.01246105919	2100.0	1.76609382988	20.0	0.0
BcaliA	TTA	L	M	1.0	0.498344370861	0.0833333333333	0.00311526479751	0.934579439252	0.996894409938	0.00310559006211	2101.0	1.81087004164	20.0	0.0
SoctoA	CTT	L	M	0.0	0.592088029035	0.166666666667	0.0384615384615	0.692307692308	0.126829268293	0.0243902439024	1454.0	1.66155660377	53.0	0.0
SoctoA	TTA	L	M	0.0	0.592088029035	0.428571428571	0.0246913580247	0.70987654321	0.790243902439	0.0243902439024	1454.0	1.571283548	20.0	0.0
CdefoA	TTA	L	M	0.0	0.667994007906	0.25	0.013698630137	0.849315068493	0.906832298137	0.0124223602484	2100.0	1.76332571291	20.0	0.0
LdasiA	TTA	L	M	0.0	0.510177748208	0.285714285714	0.01	0.96	0.956937799043	0.00956937799043	1456.0	1.86351759824	20.0	0.0
CpseuA	TTA	L	M	0.0	0.64814802667	1.0	0.025	0.925	0.701754385965	0.0175438596491	442.0	1.88902379796	20.0	0.0
LkluyE	TTA	L	M	0.0	0.502577319588	0.142857142857	0.00497512437811	0.955223880597	0.961722488038	0.00478468899522	1456.0	1.84496637457	20.0	0.0
LkluyD	TTA	L	M	0.0	0.507772020725	0.142857142857	0.00505050505051	0.954545454545	0.947368421053	0.00478468899522	1456.0	1.84487749406	20.0	0.0
LkluyC	TTA	L	M	0.0	0.00951625693894	0.142857142857	0.0049504950495	0.955445544554	0.966507177033	0.00478468899522	1456.0	1.84542091126	20.0	0.0
CvartA	TTA	L	M	2.0	0.56024325588	0.166666666667	0.00694444444444	0.9375	0.938110749186	0.00651465798046	2101.0	1.82607109562	20.0	0.0
LkluyA	TTA	L	M	0.0	0.00951625693894	0.142857142857	0.0049504950495	0.955445544554	0.966507177033	0.00478468899522	1456.0	1.84542091126	20.0	0.0
CorthB	TTA	L	M	0.0	0.556922923949	0.0833333333333	0.00337837837838	0.969594594595	0.88622754491	0.00299401197605	2101.0	1.85176386744	20.0	0.0
CorthC	TTA	L	M	0.0	0.555384461879	0.0833333333333	0.003367003367	0.969696969697	0.889221556886	0.00299401197605	2101.0	1.85174361202	20.0	0.0
CorthA	TTA	L	M	0.0	0.556922923949	0.0833333333333	0.00337837837838	0.969594594595	0.88622754491	0.00299401197605	2101.0	1.85573835481	20.0	0.0
ClusiA	TTA	L	M	0.0	0.511217779964	0.0833333333333	0.00306748466258	0.932515337423	0.978978978979	0.003003003003	2101.0	1.81167757245	20.0	0.0
MguilA	TTA	L	M	0.0	0.624444643806	0.166666666667	0.00704225352113	0.933098591549	0.871165644172	0.00613496932515	2101.0	1.82189896632	20.0	0.0
WmucoA	TTA	L	M	0.0	0.549319572292	0.0833333333333	0.00350877192982	0.926315789474	0.896226415094	0.00314465408805	2101.0	1.80711656442	20.0	0.0
ScereC	TTA	L	M	0.0	0.510752519257	0.142857142857	0.00505050505051	0.914141414141	0.929577464789	0.00469483568075	1456.0	1.76830905898	20.0	0.0
ScereA	TTA	L	M	0.0	0.510752519257	0.142857142857	0.00507614213198	0.918781725888	0.929245283019	0.00471698113208	1456.0	1.7761860272	20.0	0.0
ScereD	TTA	L	M	0.0	0.510752519257	0.142857142857	0.00505050505051	0.914141414141	0.920930232558	0.0046511627907	1456.0	1.76830905898	20.0	0.0
ScereE	TTA	L	M	1.0	0.508064346286	0.142857142857	0.00502512562814	0.914572864322	0.925581395349	0.0046511627907	1456.0	1.76927425987	20.0	0.0
DhansA	TTA	L	M	0.0	0.546989809472	0.166666666667	0.00946372239748	0.93690851735	0.963525835866	0.00911854103343	2101.0	1.82989824237	20.0	0.0
CsalmA	TTA	L	M	0.0	0.651546652776	0.166666666667	0.017667844523	0.791519434629	0.940199335548	0.0166112956811	2098.0	1.60345039544	20.0	0.0
LnothA	TTA	L	M	0.0	0.520251011759	0.285714285714	0.0100502512563	0.954773869347	0.943127962085	0.00947867298578	1456.0	1.86021726819	20.0	0.0
BcustA	TTA	L	M	0.0	0.644666054683	0.333333333333	0.0236486486486	0.864864864865	0.951768488746	0.0225080385852	2101.0	1.75802879291	20.0	0.0
CtheaA	TTA	L	M	0.0	0.546153689462	0.0833333333333	0.003300330033	0.970297029703	0.907185628743	0.00299401197605	2101.0	1.85420213589	20.0	0.0
AgossA	TTA	L	M	0.0	0.532248271172	0.285714285714	0.0204081632653	0.897959183673	0.834042553191	0.0170212765957	1456.0	1.8048245614	20.0	0.0
MingeA	TTA	L	M	0.0	0.462649175642	0.333333333333	0.0228013029316	0.86319218241	0.990322580645	0.0225806451613	2101.0	1.79056373484	20.0	0.0
ScastA	TTA	L	M	0.0	0.00950549450549	0.142857142857	0.00502512562814	0.874371859296	0.966019417476	0.00485436893204	1456.0	1.73857685594	20.0	0.0
CmaltA	TTA	L	M	1.0	0.890637039216	0.166666666667	0.0147058823529	0.946078431373	0.610778443114	0.0119760479042	2101.0	1.895434292	20.0	0.0
CmaltA	CTA	L	M	1.0	0.890637039216	0.0833333333333	0.0125	0.9125	0.239520958084	0.0119760479042	2101.0	1.81645385955	52.0	0.0
CbohiA	TTA	L	M	0.0	0.524115591326	0.0833333333333	0.0031847133758	0.93949044586	0.948640483384	0.00302114803625	2101.0	1.79509239171	20.0	0.0

### Alignment improvement:
