### Random Forest prediction
genome	codon	ori_aa	rea_aa	fitch	Fisher_pval	Gene_frac	N._rea	N._used	Cod._count	Sub._count	G._len	codon_lik	id	prediction	probability
Metaseiulus_occidentalis	AGG	R	P	0.0	0.0428571379249	0.333333333333	0.2	0.0	0.0833333333333	0.0166666666667	1280.0	-0.281914893617	10.0	0.0	0.0
Schistosoma	AGG	R	P	0.0	0.055555549162	0.111111111111	0.0588235294118	0.0	0.257575757576	0.0151515151515	1325.0	-1.04790419162	10.0	0.0	0.0
Fasciola	AGG	R	P	0.0	0.190476182256	0.142857142857	0.0833333333333	0.0	0.260869565217	0.0434782608696	1332.0	-0.914893617021	10.0	0.0	0.0
Fasciola	CGT	R	P	0.0	0.190476182256	0.142857142857	0.0454545454545	0.772727272727	0.478260869565	0.0434782608696	1332.0	-1.72664359862	57.0	0.0	0.0
Trichobilharzia_regenti	AGG	R	P	0.0	0.0185185121249	0.333333333333	0.25	0.0	0.0888888888889	0.0222222222222	1324.0	0.392405063291	10.0	0.0	0.0
Versteria_mustelae	AGG	R	P	0.0	0.0192307625913	0.25	0.142857142857	0.0	0.142857142857	0.0204081632653	1328.0	-0.715328467153	10.0	0.0	0.0
Haplorchis_taichui	AGG	R	P	0.0	0.00473542011077	0.375	0.136363636364	0.0454545454545	0.379310344828	0.0689655172414	1320.0	-0.608139534884	10.0	0.0	0.004
Haplorchis_taichui	CGG	R	P	0.0	0.00473542011077	0.142857142857	0.0833333333333	0.666666666667	0.206896551724	0.0689655172414	1320.0	-1.5881104034	58.0	0.0	0.0
Halocynthia	AGG	R	P	0.0	0.0168690927879	0.111111111111	0.0322580645161	0.0	0.313131313131	0.020202020202	1348.0	-1.729218107	10.0	0.0	0.0
Halocynthia	CGA	R	P	0.0	0.0168690927879	0.125	0.0769230769231	0.923076923077	0.131313131313	0.020202020202	1348.0	-1.30966469428	56.0	0.0	0.0
Echinococcus_equinus	AGG	R	P	0.0	0.0172413733577	0.111111111111	0.0625	0.0	0.275862068966	0.0172413793103	1331.0	-1.09794628752	10.0	0.0	0.0
Tetrancistrum_nebulosi	AGA	R	P	0.0	7.44875223934e-05	0.333333333333	0.1	0.0	0.263157894737	0.0657894736842	1333.0	-0.644871794872	8.0	0.0	0.186
Tetrancistrum_nebulosi	AGG	R	P	0.0	7.44875223934e-05	0.333333333333	0.115384615385	0.0384615384615	0.342105263158	0.0657894736842	1333.0	-0.989215686275	10.0	0.0	0.216
Trichinella	AGA	R	P	0.0	0.00186615175507	0.285714285714	0.0625	0.0	0.438356164384	0.041095890411	1343.0	-1.20176848875	8.0	0.0	0.003
Trichinella	CGT	R	P	0.0	0.00186615175507	0.333333333333	0.2	0.8	0.0684931506849	0.041095890411	1343.0	-0.459183673469	57.0	0.0	0.002
Benedenia_hoshinai	AGG	R	P	0.0	0.00396825351157	0.333333333333	0.25	0.0	0.0952380952381	0.047619047619	1333.0	0.335443037975	10.0	0.0	0.004
Benedenia_hoshinai	AGA	R	P	0.0	0.00396825351157	0.2	0.142857142857	0.0	0.166666666667	0.047619047619	1333.0	-0.510869565217	8.0	0.0	0.004
Ciona	AGA	R	P	0.0	4.69042990031e-05	0.272727272727	0.0384615384615	0.0	0.545454545455	0.020979020979	1348.0	-1.76181037331	8.0	0.0	0.182
Caenorhabditis	AGG	R	P	0.0	2.78830278476e-07	0.285714285714	0.133333333333	0.0	0.172413793103	0.0804597701149	1346.0	-0.390784982935	10.0	0.0	0.241
Caenorhabditis	AGA	R	P	0.0	2.78830278476e-07	0.444444444444	0.111111111111	0.0	0.51724137931	0.0804597701149	1346.0	-0.745887691435	8.0	0.0	0.211