### Random Forest prediction
genome	codon	ori_aa	rea_aa	fitch	Fisher_pval	Gene_frac	N._rea	N._used	Cod._count	Sub._count	G._len	codon_lik	id	prediction	probability
Metaseiulus_occidentalis	CTA	L	I	0.0	0.265626829473	0.375	0.157894736842	0.789473684211	0.107954545455	0.0454545454545	1280.0	2.18724559023	52.0	0.0	0.0
Metaseiulus_occidentalis	TTA	L	I	0.0	0.265626829473	0.4	0.039603960396	0.910891089109	0.573863636364	0.0454545454545	1280.0	1.90294933199	20.0	0.0	0.0
Metaseiulus_occidentalis	TTG	L	I	0.0	0.265626829473	0.142857142857	0.0454545454545	0.818181818182	0.125	0.0454545454545	1280.0	1.66743383199	22.0	0.0	0.0
Paracentrotus	CTT	L	I	0.0	0.105950699388	0.272727272727	0.0652173913043	0.891304347826	0.214953271028	0.0280373831776	1351.0	2.08882681564	53.0	0.0	0.0
Paracentrotus	CTA	L	I	0.0	0.105950699388	0.0833333333333	0.0126582278481	0.949367088608	0.369158878505	0.0280373831776	1351.0	1.92504038772	52.0	0.0	0.0
Paracentrotus	TTG	L	I	0.0	0.105950699388	0.2	0.111111111111	0.888888888889	0.0841121495327	0.0280373831776	1351.0	2.08474576271	22.0	0.0	0.0
Aphrocallistes_vastus	TTA	L	I	0.0	0.209189350524	0.25	0.0675675675676	0.824324324324	0.352380952381	0.0333333333333	1349.0	1.88280166436	20.0	0.0	0.0
Aphrocallistes_vastus	CTA	L	I	0.0	0.209189350524	0.0833333333333	0.0114942528736	0.919540229885	0.414285714286	0.0333333333333	1349.0	1.77354062775	52.0	0.0	0.0
Aphrocallistes_vastus	CTC	L	I	0.0	0.209189350524	0.111111111111	0.05	0.8	0.0952380952381	0.0333333333333	1349.0	1.96573604061	55.0	0.0	0.0
Schistosoma	CTA	L	I	0.0	0.700252081873	0.166666666667	0.0833333333333	0.75	0.0634920634921	0.0582010582011	1325.0	2.01927194861	52.0	0.0	0.0
Schistosoma	TTA	L	I	0.0	0.700252081873	0.5	0.0761904761905	0.609523809524	0.555555555556	0.0582010582011	1325.0	1.40445314412	20.0	0.0	0.0
Schistosoma	TTG	L	I	0.0	0.700252081873	0.166666666667	0.04	0.72	0.26455026455	0.0582010582011	1325.0	1.58043032787	22.0	0.0	0.0
Fasciola	CTT	L	I	0.0	0.830041868651	0.333333333333	0.12	0.56	0.12077294686	0.0772946859903	1332.0	1.22910216718	53.0	0.0	0.0
Fasciola	TTA	L	I	0.0	0.830041868651	0.3	0.0697674418605	0.744186046512	0.207729468599	0.0772946859903	1332.0	1.63966646814	20.0	0.0	0.0
Fasciola	TTG	L	I	0.0	0.830041868651	0.416666666667	0.0787401574803	0.677165354331	0.613526570048	0.0772946859903	1332.0	1.58948004837	22.0	0.0	0.0
Trichobilharzia_regenti	TTA	L	I	0.0	0.605836009003	0.416666666667	0.0549450549451	0.637362637363	0.455	0.065	1324.0	1.30702490904	20.0	0.0	0.0
Trichobilharzia_regenti	CTG	L	I	0.0	0.605836009003	0.333333333333	0.2	0.8	0.025	0.065	1324.0	2.24742268041	54.0	0.0	0.0
Trichobilharzia_regenti	TTG	L	I	0.0	0.605836009003	0.454545454545	0.0804597701149	0.666666666667	0.435	0.065	1324.0	1.61904761905	22.0	0.0	0.0
Versteria_mustelae	CTT	L	I	0.0	0.828389522862	0.166666666667	0.0714285714286	0.642857142857	0.0693069306931	0.0544554455446	1328.0	1.6978021978	53.0	0.0	0.0
Versteria_mustelae	TTA	L	I	0.0	0.828389522862	0.4	0.0547945205479	0.739726027397	0.361386138614	0.0544554455446	1328.0	1.57418449667	20.0	0.0	0.0
Versteria_mustelae	TTG	L	I	0.0	0.828389522862	0.416666666667	0.0560747663551	0.719626168224	0.529702970297	0.0544554455446	1328.0	1.63112803427	22.0	0.0	0.0
Euseius_nicholsi	CTT	L	I	0.0	0.22452580774	0.25	0.1	0.85	0.111111111111	0.05	1296.0	1.94622279129	53.0	0.0	0.0
Euseius_nicholsi	CTA	L	I	0.0	0.22452580774	0.222222222222	0.117647058824	0.764705882353	0.0944444444444	0.05	1296.0	1.64179104478	52.0	0.0	0.0
Euseius_nicholsi	TTA	L	I	0.0	0.22452580774	0.272727272727	0.0265486725664	0.867256637168	0.627777777778	0.05	1296.0	1.77878308075	20.0	0.0	0.0
Euseius_nicholsi	TTG	L	I	0.0	0.22452580774	0.333333333333	0.08	0.88	0.138888888889	0.05	1296.0	2.14609053498	22.0	0.0	0.0
Patiria	CTG	L	I	0.0	0.118950600856	0.166666666667	0.1	0.8	0.0478468899522	0.0287081339713	1351.0	1.85532994924	54.0	0.0	0.0
Patiria	CTA	L	I	0.0	0.118950600856	0.25	0.0434782608696	0.927536231884	0.33014354067	0.0287081339713	1351.0	2.02527881041	52.0	0.0	0.0
Patiria	CTC	L	I	0.0	0.118950600856	0.25	0.0740740740741	0.925925925926	0.129186602871	0.0287081339713	1351.0	2.04605263158	55.0	0.0	0.0
Daphnia	CTA	L	I	0.0	0.437423188128	0.1	0.03125	0.9375	0.146788990826	0.0137614678899	1351.0	1.89532117367	52.0	0.0	0.0
Daphnia	CTC	L	I	0.0	0.437423188128	0.111111111111	0.0434782608696	0.869565217391	0.105504587156	0.0137614678899	1351.0	2.00777777778	55.0	0.0	0.0
Daphnia	TTA	L	I	0.0	0.437423188128	0.0833333333333	0.0135135135135	0.972972972973	0.339449541284	0.0137614678899	1351.0	1.96787564767	20.0	0.0	0.0
Haplorchis_taichui	CTT	L	I	0.0	0.988666405674	0.272727272727	0.0625	0.541666666667	0.234146341463	0.0682926829268	1320.0	1.25715800636	53.0	0.0	0.0
Haplorchis_taichui	CTG	L	I	0.0	0.988666405674	0.25	0.0952380952381	0.761904761905	0.10243902439	0.0682926829268	1320.0	1.64812575574	54.0	0.0	0.0
Haplorchis_taichui	TTA	L	I	0.0	0.988666405674	0.4	0.0769230769231	0.692307692308	0.253658536585	0.0682926829268	1320.0	1.52484013773	20.0	0.0	0.0
Haplorchis_taichui	TTG	L	I	0.0	0.988666405674	0.25	0.0704225352113	0.746478873239	0.346341463415	0.0682926829268	1320.0	1.61257679798	22.0	0.0	0.0
Lumbricus	CTT	L	I	0.0	0.293199426711	0.181818181818	0.0444444444444	0.888888888889	0.225	0.025	1350.0	1.99772727273	53.0	0.0	0.0
Lumbricus	CTG	L	I	0.0	0.293199426711	0.166666666667	0.111111111111	0.888888888889	0.045	0.025	1350.0	2.28611898017	54.0	0.0	0.0
Lumbricus	CTA	L	I	0.0	0.293199426711	0.166666666667	0.030303030303	0.939393939394	0.33	0.025	1350.0	1.90916149068	52.0	0.0	0.0
Halocynthia	CTT	L	I	0.0	0.0462163950364	0.142857142857	0.0714285714286	0.714285714286	0.0689655172414	0.0344827586207	1348.0	1.57846715328	53.0	0.0	0.0
Halocynthia	CTC	L	I	0.0	0.0462163950364	1.0	1.0	0.0	0.00492610837438	0.0344827586207	1348.0	2.975	55.0	0.0	0.128
Halocynthia	TTA	L	I	0.0	0.0462163950364	0.181818181818	0.0181818181818	0.836363636364	0.541871921182	0.0344827586207	1348.0	1.70395348837	20.0	0.0	0.0
Halocynthia	TTG	L	I	0.0	0.0462163950364	0.25	0.0422535211268	0.87323943662	0.349753694581	0.0344827586207	1348.0	1.81046931408	22.0	0.0	0.0
Limulus	CTC	L	I	0.0	0.478711266266	0.142857142857	0.04	0.96	0.125	0.01	1351.0	2.10688591984	55.0	0.0	0.0
Limulus	TTA	L	I	0.0	0.478711266266	0.0909090909091	0.0140845070423	0.943661971831	0.355	0.01	1351.0	1.90821082825	20.0	0.0	0.0
Echinococcus_equinus	CTT	L	I	0.0	0.308681038689	0.2	0.0909090909091	0.727272727273	0.0541871921182	0.0541871921182	1331.0	2.05164319249	53.0	0.0	0.0
Echinococcus_equinus	TTA	L	I	0.0	0.308681038689	0.272727272727	0.05	0.716666666667	0.295566502463	0.0541871921182	1331.0	1.64900381518	20.0	0.0	0.0
Echinococcus_equinus	CTG	L	I	0.0	0.308681038689	0.25	0.25	0.5	0.0197044334975	0.0541871921182	1331.0	1.45222929936	54.0	0.0	0.0
Echinococcus_equinus	TTG	L	I	0.0	0.308681038689	0.333333333333	0.0487804878049	0.715447154472	0.605911330049	0.0541871921182	1331.0	1.54140657511	22.0	0.0	0.0
Taenia_crassiceps	TTA	L	I	0.0	0.847561699112	0.416666666667	0.0583333333333	0.675	0.585365853659	0.0585365853659	1333.0	1.49628371204	20.0	0.0	0.0
Taenia_crassiceps	TTG	L	I	0.0	0.847561699112	0.363636363636	0.0793650793651	0.746031746032	0.307317073171	0.0585365853659	1333.0	1.79853479853	22.0	0.0	0.0
Axinella	TTA	L	I	0.0	0.653789959462	0.166666666667	0.015037593985	0.954887218045	0.627358490566	0.0141509433962	1348.0	1.88110811851	20.0	0.0	0.0
Axinella	TTG	L	I	0.0	0.653789959462	0.0909090909091	0.0285714285714	0.942857142857	0.165094339623	0.0141509433962	1348.0	2.0211062591	22.0	0.0	0.0
Terebratulina	CTG	L	I	0.0	0.00350452487632	0.142857142857	0.0526315789474	0.894736842105	0.093137254902	0.0245098039216	1351.0	2.01744966443	54.0	0.0	0.004
Terebratulina	CTC	L	I	0.0	0.00350452487632	0.0909090909091	0.0263157894737	0.973684210526	0.186274509804	0.0245098039216	1351.0	2.01081812035	55.0	0.0	0.005
Terebratulina	TTA	L	I	0.0	0.00350452487632	0.25	0.0909090909091	0.863636363636	0.107843137255	0.0245098039216	1351.0	2.00114942529	20.0	0.0	0.005
Terebratulina	TTG	L	I	0.0	0.00350452487632	0.333333333333	0.333333333333	0.666666666667	0.0147058823529	0.0245098039216	1351.0	2.44537815126	22.0	0.0	0.006
Suberites_domuncula	TTA	L	I	0.0	0.824121098449	0.166666666667	0.0241935483871	0.935483870968	0.587677725118	0.0236966824645	1351.0	1.88957688338	20.0	0.0	0.0
Suberites_domuncula	TTG	L	I	0.0	0.824121098449	0.181818181818	0.0444444444444	0.955555555556	0.21327014218	0.0236966824645	1351.0	2.13125	22.0	0.0	0.0
Bfloridae	CTT	L	I	0.0	0.728623458988	0.166666666667	0.047619047619	0.857142857143	0.136363636364	0.025974025974	777.0	1.90974729242	53.0	0.0	0.041
Bfloridae	CTA	L	I	0.0	0.728623458988	0.111111111111	0.0384615384615	0.923076923077	0.168831168831	0.025974025974	777.0	1.92352371733	52.0	0.0	0.041
Bfloridae	TTA	L	I	0.0	0.728623458988	0.222222222222	0.0307692307692	0.938461538462	0.422077922078	0.025974025974	777.0	1.94618660472	20.0	0.0	0.032
Katharina	CTT	L	I	0.0	0.778987232506	0.1	0.037037037037	0.962962962963	0.125581395349	0.0232558139535	1348.0	1.94078947368	53.0	0.0	0.0
Katharina	TTA	L	I	0.0	0.778987232506	0.166666666667	0.0185185185185	0.944444444444	0.502325581395	0.0232558139535	1348.0	1.91492395437	20.0	0.0	0.0
Katharina	TTG	L	I	0.0	0.778987232506	0.142857142857	0.0333333333333	0.933333333333	0.139534883721	0.0232558139535	1348.0	2.1044386423	22.0	0.0	0.0
Katharina	CTA	L	I	0.0	0.778987232506	0.125	0.030303030303	0.939393939394	0.153488372093	0.0232558139535	1348.0	1.85222052067	52.0	0.0	0.0
Geodia	CTT	L	I	0.0	0.34843098554	0.166666666667	0.0666666666667	0.866666666667	0.0721153846154	0.0240384615385	1350.0	2.12224108659	53.0	0.0	0.0
Geodia	TTA	L	I	0.0	0.34843098554	0.0833333333333	0.015037593985	0.962406015038	0.639423076923	0.0240384615385	1350.0	1.91001730436	20.0	0.0	0.0
Geodia	TTG	L	I	0.0	0.34843098554	0.181818181818	0.0555555555556	0.861111111111	0.173076923077	0.0240384615385	1350.0	2.04022582922	22.0	0.0	0.0
Metridium	CTT	L	I	0.0	0.218517265679	0.1	0.0606060606061	0.848484848485	0.151376146789	0.0321100917431	1351.0	1.79477325135	53.0	0.0	0.0
Metridium	CTA	L	I	0.0	0.218517265679	0.1	0.0454545454545	0.954545454545	0.100917431193	0.0321100917431	1351.0	1.87485380117	52.0	0.0	0.0
Metridium	CTC	L	I	0.0	0.218517265679	0.2	0.142857142857	0.857142857143	0.0321100917431	0.0321100917431	1351.0	1.85766423358	55.0	0.0	0.0
Metridium	TTA	L	I	0.0	0.218517265679	0.25	0.0247933884298	0.96694214876	0.55504587156	0.0321100917431	1351.0	2.03391267486	20.0	0.0	0.0
Amphimedon_queenslandica	TTA	L	I	0.0	0.12731306055	0.25	0.0326086956522	0.913043478261	0.46	0.02	1351.0	1.87538247566	20.0	0.0	0.0
Amphimedon_queenslandica	CTG	L	I	0.0	0.12731306055	0.166666666667	0.1	0.7	0.05	0.02	1351.0	1.99226804124	54.0	0.0	0.0
Tetrancistrum_nebulosi	CTT	L	I	0.0	0.764504776317	0.375	0.107142857143	0.714285714286	0.149732620321	0.0641711229947	1333.0	1.67157313707	53.0	0.0	0.0
Tetrancistrum_nebulosi	CTA	L	I	0.0	0.764504776317	0.111111111111	0.0434782608696	0.695652173913	0.122994652406	0.0641711229947	1333.0	1.66222222222	52.0	0.0	0.0
Tetrancistrum_nebulosi	CTC	L	I	0.0	0.764504776317	0.2	0.142857142857	0.714285714286	0.0374331550802	0.0641711229947	1333.0	1.78181818182	55.0	0.0	0.0
Tetrancistrum_nebulosi	TTA	L	I	0.0	0.764504776317	0.333333333333	0.0659340659341	0.703296703297	0.486631016043	0.0641711229947	1333.0	1.6131489842	20.0	0.0	0.0
Tetrancistrum_nebulosi	TTG	L	I	0.0	0.764504776317	0.111111111111	0.037037037037	0.740740740741	0.144385026738	0.0641711229947	1333.0	1.32763532764	22.0	0.0	0.0
Trichinella	CTT	L	I	0.0	0.301062003029	0.111111111111	0.0588235294118	0.588235294118	0.0867346938776	0.0612244897959	1343.0	1.17469879518	53.0	0.0	0.0
Trichinella	CTG	L	I	0.0	0.301062003029	1.0	0.5	0.5	0.0102040816327	0.0612244897959	1343.0	2.46835443038	54.0	0.0	0.029
Trichinella	CTA	L	I	0.0	0.301062003029	0.25	0.046875	0.765625	0.326530612245	0.0612244897959	1343.0	1.65036378335	52.0	0.0	0.0
Trichinella	TTA	L	I	0.0	0.301062003029	0.454545454545	0.0819672131148	0.72131147541	0.311224489796	0.0612244897959	1343.0	1.38151260504	20.0	0.0	0.0
Trichinella	TTG	L	I	0.0	0.301062003029	0.4	0.0625	0.8125	0.163265306122	0.0612244897959	1343.0	1.59763779528	22.0	0.0	0.0
Balanoglossus	CTA	L	I	0.0	0.237532319786	0.181818181818	0.0294117647059	0.926470588235	0.291845493562	0.0300429184549	1351.0	1.9683972912	52.0	0.0	0.0
Balanoglossus	CTC	L	I	0.0	0.237532319786	0.272727272727	0.0588235294118	0.897058823529	0.291845493562	0.0300429184549	1351.0	2.00787106447	55.0	0.0	0.0
Balanoglossus	TTG	L	I	0.0	0.237532319786	0.166666666667	0.111111111111	0.888888888889	0.0386266094421	0.0300429184549	1351.0	2.04469273743	22.0	0.0	0.0
Acropora	CTT	L	I	0.0	0.309413874848	0.1	0.037037037037	0.888888888889	0.127962085308	0.0284360189573	1350.0	1.6581680831	53.0	0.0	0.0
Acropora	TTA	L	I	0.0	0.309413874848	0.25	0.0568181818182	0.920454545455	0.417061611374	0.0284360189573	1350.0	1.9704262105	20.0	0.0	0.0
Pseudogarypus_banksi	CTA	L	I	0.0	0.0931679021786	0.111111111111	0.0869565217391	0.695652173913	0.122340425532	0.0265957446809	1347.0	1.37542662116	52.0	0.0	0.0
Pseudogarypus_banksi	CTC	L	I	0.0	0.0931679021786	0.2	0.142857142857	0.571428571429	0.0372340425532	0.0265957446809	1347.0	1.9010989011	55.0	0.0	0.0
Pseudogarypus_banksi	TTA	L	I	0.0	0.0931679021786	0.166666666667	0.016393442623	0.819672131148	0.648936170213	0.0265957446809	1347.0	1.54421626153	20.0	0.0	0.0
Benedenia_hoshinai	CTG	L	I	0.0	0.252796546216	0.5	0.25	0.75	0.0203045685279	0.0659898477157	1333.0	2.35897435897	54.0	0.0	0.0
Benedenia_hoshinai	CTA	L	I	0.0	0.252796546216	0.1	0.0588235294118	0.705882352941	0.0862944162437	0.0659898477157	1333.0	1.42105263158	52.0	0.0	0.0
Benedenia_hoshinai	TTA	L	I	0.0	0.252796546216	0.5	0.0887096774194	0.693548387097	0.629441624365	0.0659898477157	1333.0	1.66404308202	20.0	0.0	0.0
Myxine	CTG	L	I	0.0	0.103227990822	0.166666666667	0.0909090909091	0.818181818182	0.0521327014218	0.0142180094787	1350.0	1.91244239631	54.0	0.0	0.0
Myxine	CTA	L	I	0.0	0.103227990822	0.1	0.0232558139535	0.860465116279	0.203791469194	0.0142180094787	1350.0	1.8093270366	52.0	0.0	0.0
Myxine	CTC	L	I	0.0	0.103227990822	0.1	0.0263157894737	0.842105263158	0.18009478673	0.0142180094787	1350.0	1.84662162162	55.0	0.0	0.0
Drosophila	TTA	L	I	0.0	0.613866417436	0.166666666667	0.0104166666667	0.973958333333	0.876712328767	0.00913242009132	1351.0	1.95340167754	20.0	0.0	0.0
Ciona	CTG	L	I	0.0	0.221893822139	0.333333333333	0.333333333333	0.666666666667	0.0153846153846	0.025641025641	1348.0	2.41228070175	54.0	0.0	0.0
Ciona	CTA	L	I	0.0	0.221893822139	0.111111111111	0.0357142857143	0.857142857143	0.14358974359	0.025641025641	1348.0	1.62986425339	52.0	0.0	0.0
Ciona	TTA	L	I	0.0	0.221893822139	0.0833333333333	0.0258620689655	0.862068965517	0.594871794872	0.025641025641	1348.0	1.69869670864	20.0	0.0	0.0
Epigonichthys	TTA	L	I	0.0	0.936735881371	0.166666666667	0.020202020202	0.939393939394	0.447963800905	0.0135746606335	1351.0	1.93129375162	20.0	0.0	0.0
Epigonichthys	TTG	L	I	0.0	0.936735881371	0.1	0.0217391304348	0.95652173913	0.20814479638	0.0135746606335	1351.0	1.97243660419	22.0	0.0	0.0
Strigamia_maritima	CTT	L	I	0.0	0.863183207272	0.0909090909091	0.03125	0.875	0.151658767773	0.0142180094787	1351.0	1.83003952569	53.0	0.0	0.0
Strigamia_maritima	CTA	L	I	0.0	0.863183207272	0.1	0.0169491525424	0.949152542373	0.279620853081	0.0142180094787	1351.0	1.89679402723	52.0	0.0	0.0
Strigamia_maritima	TTA	L	I	0.0	0.863183207272	0.0833333333333	0.0140845070423	0.957746478873	0.336492890995	0.0142180094787	1351.0	1.91553328561	20.0	0.0	0.0
Caenorhabditis	CTT	L	I	0.0	0.254638591497	0.222222222222	0.111111111111	0.777777777778	0.0947368421053	0.0421052631579	1346.0	1.89801699717	53.0	0.0	0.0
Caenorhabditis	CTA	L	I	0.0	0.254638591497	0.111111111111	0.0666666666667	0.533333333333	0.0789473684211	0.0421052631579	1346.0	0.735751295337	52.0	0.0	0.0
Caenorhabditis	TTA	L	I	0.0	0.254638591497	0.25	0.0330578512397	0.793388429752	0.636842105263	0.0421052631579	1346.0	1.70566999363	20.0	0.0	0.0
Caenorhabditis	TTG	L	I	0.0	0.254638591497	0.0909090909091	0.0294117647059	0.882352941176	0.178947368421	0.0421052631579	1346.0	1.99170437406	22.0	0.0	0.0
Homo	TTG	L	I	0.0	0.0142180045698	0.2	0.166666666667	0.833333333333	0.027397260274	0.00456621004566	1351.0	2.02118644068	22.0	0.0	0.0
Ascidiella_aspersa	CTT	L	I	0.0	0.984404202725	0.111111111111	0.0384615384615	0.884615384615	0.14364640884	0.0276243093923	1350.0	1.69822485207	53.0	0.0	0.0
Ascidiella_aspersa	TTA	L	I	0.0	0.984404202725	0.1	0.0434782608696	0.804347826087	0.254143646409	0.0276243093923	1350.0	1.63636363636	20.0	0.0	0.0
Ascidiella_aspersa	TTG	L	I	0.0	0.984404202725	0.0909090909091	0.0333333333333	0.883333333333	0.331491712707	0.0276243093923	1350.0	1.86973180077	22.0	0.0	0.0
Blanceolatum	TTA	L	I	0.0	0.93916986084	0.25	0.030303030303	0.924242424242	0.437086092715	0.0198675496689	775.0	1.89770992366	20.0	0.0	0.065
Blanceolatum	TTG	L	I	0.0	0.93916986084	0.125	0.03125	0.9375	0.211920529801	0.0198675496689	775.0	1.99450117832	22.0	0.0	0.071
Saccoglossus	CTT	L	I	0.0	0.854132622835	0.272727272727	0.038961038961	0.935064935065	0.330472103004	0.0214592274678	1351.0	1.99437830688	53.0	0.0	0.0
Saccoglossus	CTA	L	I	0.0	0.854132622835	0.1	0.0243902439024	0.951219512195	0.175965665236	0.0214592274678	1351.0	1.94451371571	52.0	0.0	0.0
Saccoglossus	TTA	L	I	0.0	0.854132622835	0.1	0.015873015873	0.968253968254	0.270386266094	0.0214592274678	1351.0	1.97427521437	20.0	0.0	0.0