### Random Forest prediction
genome	codon	ori_aa	rea_aa	fitch	Fisher pval	Gene frac	N. rea	N. used	Cod. count	Sub. count	G. len	codon_lik	id	prediction
SpombA	TTA	L	A	0.0	0.716816151639	0.285714285714	0.0128205128205	0.692307692308	0.772277227723	0.00990099009901	1452.0	-0.952255515311	20.0	0.0
SpastA	CTT	L	A	0.0	0.00552291237261	0.5	0.5	0.0	0.00952380952381	0.00952380952381	1456.0	1.35175879397	53.0	0.0
SpastA	TTA	L	A	0.0	0.00552291237261	0.142857142857	0.005	0.905	0.952380952381	0.00952380952381	1456.0	-0.957131164313	20.0	0.0
AacerA	CTT	L	A	0.0	2.27409978759e-16	1.0	0.6	0.0	0.054347826087	0.152173913043	643.0	2.25201612903	53.0	1.0
AacerA	CTA	L	A	0.0	2.27409978759e-16	1.0	0.733333333333	0.0	0.163043478261	0.152173913043	643.0	2.65811965812	52.0	1.0
CsantA	CTT	L	A	0.0	0.331475813335	0.181818181818	0.0357142857143	0.875	0.183006535948	0.0130718954248	2073.0	-0.866404715128	53.0	0.0
CsantA	CTA	L	A	0.0	0.331475813335	0.166666666667	0.010752688172	0.801075268817	0.607843137255	0.0130718954248	2073.0	-0.921923951103	52.0	0.0
WpijpA	CTA	L	A	0.0	0.0974358708779	0.142857142857	0.0322580645161	0.935483870968	0.149758454106	0.0048309178744	1456.0	-0.843976300197	52.0	0.0
OanguA	TTA	L	A	0.0	0.560553481498	0.0833333333333	0.0034965034965	0.884615384615	0.871951219512	0.0030487804878	2101.0	-0.976788463096	20.0	0.0
SarboA	CTA	L	A	0.0	0.024324321525	0.2	0.0833333333333	0.166666666667	0.0560747663551	0.00467289719626	1456.0	-0.181509754029	52.0	0.0
CcastA	CTA	L	A	0.0	0.00284090909091	0.2	0.0769230769231	0.0	0.0634146341463	0.00487804878049	1455.0	-0.0198570293884	52.0	0.0
CnorvA	TTA	L	A	0.0	0.00955170657157	0.0833333333333	0.0030959752322	0.931888544892	1.0	0.0030959752322	2101.0	-0.971528832935	20.0	0.0
MstarA	TTA	L	A	0.0	0.488970889709	0.166666666667	0.00657894736842	0.875	0.990228013029	0.00651465798046	2101.0	-0.95934583044	20.0	0.0
NbaciA	CTT	L	A	0.0	0.016728389269	0.5	0.5	0.0	0.0100502512563	0.0100502512563	1455.0	1.33668341709	53.0	0.0
NbaciA	TTA	L	A	0.0	0.016728389269	0.142857142857	0.00531914893617	0.936170212766	0.94472361809	0.0100502512563	1455.0	-0.968007412252	20.0	0.0
LstarA	TTA	L	A	0.0	0.628023470394	0.2	0.00904977375566	0.873303167421	0.859922178988	0.00778210116732	1779.0	-0.964481894299	20.0	0.0
MfariA	TTA	L	A	0.0	0.561872758434	0.0833333333333	0.00357142857143	0.932142857143	0.877742946708	0.00313479623824	2101.0	-0.979993289154	20.0	0.0
CglabA	CTT	L	A	0.0	0.0161868371568	1.0	1.0	0.0	0.005	0.01	1439.0	2.88541666667	53.0	0.0
CglabA	TTA	L	A	0.0	0.0161868371568	0.142857142857	0.00512820512821	0.933333333333	0.975	0.01	1439.0	-0.95404653117	20.0	0.0
ScryoA	CTT	L	A	0.0	0.274437061948	0.166666666667	0.047619047619	0.714285714286	0.101941747573	0.00970873786408	1454.0	-0.875848690592	53.0	0.0
ScryoA	TTA	L	A	0.0	0.274437061948	0.142857142857	0.00735294117647	0.720588235294	0.660194174757	0.00970873786408	1454.0	-0.951396774926	20.0	0.0
HuvarA	CTA	L	A	0.0	0.0448801694779	0.166666666667	0.0454545454545	0.0454545454545	0.104265402844	0.00947867298578	1397.0	-0.0836057916861	52.0	0.0
HuvarA	TTA	L	A	0.0	0.0448801694779	0.166666666667	0.00584795321637	0.74269005848	0.810426540284	0.00947867298578	1397.0	-0.928665469779	20.0	0.0
CzempA	TTA	L	A	0.0	0.50699283678	0.142857142857	0.00523560209424	0.732984293194	0.984536082474	0.00515463917526	1455.0	-0.969258007404	20.0	0.0
SjapoA	CTT	L	A	0.0	0.688478488779	0.4	0.0487804878049	0.634146341463	0.188073394495	0.0275229357798	1450.0	-0.739304478359	53.0	0.0
SjapoA	TTA	L	A	0.0	0.688478488779	0.428571428571	0.0253164556962	0.645569620253	0.724770642202	0.0275229357798	1450.0	-0.837827326938	20.0	0.0
MmagnB	CTG	L	A	0.0	0.0931295559769	0.0909090909091	0.0188679245283	0.849056603774	0.172638436482	0.00651465798046	2101.0	-0.962387769959	54.0	0.0
MmagnB	TTA	L	A	0.0	0.0931295559769	0.166666666667	0.037037037037	0.777777777778	0.0879478827362	0.00651465798046	2101.0	-0.785039667548	20.0	0.0
MmagnA	CTG	L	A	0.0	0.0969709443988	0.0833333333333	0.0185185185185	0.851851851852	0.175324675325	0.00649350649351	2101.0	-0.962822637935	54.0	0.0
MmagnA	TTA	L	A	0.0	0.0969709443988	0.166666666667	0.0434782608696	0.782608695652	0.0746753246753	0.00649350649351	2101.0	-0.749444691248	20.0	0.0
MtetrA	CTG	L	A	0.0	0.0912956501035	0.0909090909091	0.00900900900901	0.873873873874	0.359223300971	0.00647249190939	2100.0	-0.986347737786	54.0	0.0
MtetrA	TTA	L	A	0.0	0.0912956501035	0.142857142857	0.0909090909091	0.818181818182	0.0355987055016	0.00647249190939	2100.0	-0.441117764471	20.0	0.0
CsaraA	TTA	L	A	0.0	0.589576405531	0.0833333333333	0.00375939849624	0.943609022556	0.823529411765	0.0030959752322	2101.0	-0.988087446001	20.0	0.0
PcanaA	CTA	L	A	0.0	0.0205479416584	0.333333333333	0.166666666667	0.833333333333	0.0192926045016	0.0032154340836	2101.0	-0.430272108844	52.0	0.0
AgossB	CTT	L	A	0.0	2.39692785906e-29	1.0	0.666666666667	0.0	0.063829787234	0.102127659574	1456.0	2.14969241285	53.0	1.0
AgossB	CTA	L	A	0.0	2.39692785906e-29	0.8	0.608695652174	0.0869565217391	0.0978723404255	0.102127659574	1456.0	2.08728070175	52.0	1.0
NdelpA	CTT	L	A	0.0	0.016666664791	0.5	0.5	0.0	0.00985221674877	0.00985221674877	1439.0	1.10471204188	53.0	1.0
NdelpA	TTA	L	A	0.0	0.016666664791	0.142857142857	0.00523560209424	0.921465968586	0.940886699507	0.00985221674877	1439.0	-0.951747088186	20.0	0.0
BcaliA	TTA	L	A	0.0	0.498344370861	0.0833333333333	0.00311526479751	0.934579439252	0.996894409938	0.00310559006211	2101.0	-0.968149609175	20.0	0.0
SoctoA	TTA	L	A	0.0	0.692272703478	0.285714285714	0.0123456790123	0.70987654321	0.790243902439	0.00975609756098	1454.0	-0.957934141235	20.0	0.0
WmucoA	CTA	L	A	0.0	0.0714285608596	0.166666666667	0.05	0.85	0.062893081761	0.00314465408805	2101.0	-0.817085953878	52.0	0.0
ScereC	CTA	L	A	0.0	0.0188172015168	0.2	0.0833333333333	0.166666666667	0.056338028169	0.00469483568075	1456.0	-0.181509754029	52.0	0.0
ScereA	CTA	L	A	0.0	0.0188172015168	0.2	0.0833333333333	0.166666666667	0.0566037735849	0.00471698113208	1456.0	-0.181509754029	52.0	0.0
ScereD	CTA	L	A	0.0	0.0188172015168	0.2	0.0909090909091	0.181818181818	0.0511627906977	0.0046511627907	1456.0	-0.192379182156	52.0	0.0
ScereE	CTA	L	A	0.0	0.0134408574307	0.166666666667	0.0833333333333	0.166666666667	0.0558139534884	0.0046511627907	1456.0	-0.176369863014	52.0	0.0
CsalmA	TTA	L	A	0.0	0.625678937044	0.333333333333	0.0141342756184	0.791519434629	0.940199335548	0.0132890365449	2098.0	-0.952792689423	20.0	0.0
AgossA	CTT	L	A	0.0	2.39692785906e-29	1.0	0.666666666667	0.0	0.063829787234	0.102127659574	1456.0	2.14969241285	53.0	1.0
AgossA	CTA	L	A	0.0	2.39692785906e-29	0.8	0.608695652174	0.0869565217391	0.0978723404255	0.102127659574	1456.0	2.08728070175	52.0	1.0
MingeA	TTA	L	A	0.0	0.488930194135	0.166666666667	0.00651465798046	0.86319218241	0.990322580645	0.00645161290323	2101.0	-0.953581508887	20.0	0.0
ScastA	CTT	L	A	0.0	0.00568181818182	1.0	0.5	0.0	0.00970873786408	0.00970873786408	1456.0	1.39583333333	53.0	0.0
ScastA	TTA	L	A	0.0	0.00568181818182	0.142857142857	0.00502512562814	0.874371859296	0.966019417476	0.00970873786408	1456.0	-0.977256391827	20.0	0.0

### Alignment improvement:
CTT	Ala	8.76e-04
CTA	Ala	1.27e-04
