### Random Forest prediction
genome	codon	ori_aa	rea_aa	fitch	Fisher_pval	Gene_frac	N._rea	N._used	Cod._count	Sub._count	G._len	codon_lik	id	prediction	probability
Metaseiulus_occidentalis	GCT	A	S	0.0	0.837526149356	0.25	0.0645161290323	0.935483870968	0.574074074074	0.037037037037	1280.0	1.01806239737	45.0	0.0	0.0
Paracentrotus	GCC	A	S	0.0	0.0670212657199	0.375	0.125	0.6875	0.380952380952	0.047619047619	1351.0	0.768437747819	47.0	0.0	0.0
Aphrocallistes_vastus	GCA	A	S	0.0	0.329452679043	0.333333333333	0.15	0.725	0.512820512821	0.102564102564	1349.0	0.933204881182	44.0	0.0	0.0
Aphrocallistes_vastus	GCT	A	S	0.0	0.329452679043	0.25	0.0909090909091	0.636363636364	0.282051282051	0.102564102564	1349.0	0.717919075145	45.0	0.0	0.0
Schistosoma	GCT	A	S	0.0	0.745371309052	0.428571428571	0.142857142857	0.464285714286	0.736842105263	0.131578947368	1325.0	0.459165154265	45.0	0.0	0.0
Schistosoma	GCG	A	S	0.0	0.745371309052	0.5	0.25	0.25	0.105263157895	0.131578947368	1325.0	0.736842105263	46.0	0.0	0.001
Fasciola	GCA	A	S	0.0	0.54437935941	0.5	0.5	0.5	0.0392156862745	0.117647058824	1332.0	1.84615384615	44.0	0.0	0.012
Fasciola	GCT	A	S	0.0	0.54437935941	0.222222222222	0.1	0.5	0.78431372549	0.117647058824	1332.0	0.687179487179	45.0	0.0	0.0
Fasciola	GCG	A	S	0.0	0.54437935941	0.166666666667	0.142857142857	0.714285714286	0.137254901961	0.117647058824	1332.0	0.985559566787	46.0	0.0	0.0
Trichobilharzia_regenti	GCT	A	S	0.0	0.452107236041	0.222222222222	0.0555555555556	0.555555555556	0.692307692308	0.0576923076923	1324.0	0.472340425532	45.0	0.0	0.0
Trichobilharzia_regenti	GCG	A	S	0.0	0.452107236041	0.25	0.166666666667	0.5	0.115384615385	0.0576923076923	1324.0	0.423728813559	46.0	0.0	0.0
Versteria_mustelae	GCT	A	S	0.0	0.829487120617	0.444444444444	0.114285714286	0.485714285714	0.744680851064	0.0851063829787	1328.0	0.542124542125	45.0	0.0	0.0
Euseius_nicholsi	GCT	A	S	0.0	0.723214190153	0.142857142857	0.030303030303	0.909090909091	0.559322033898	0.0169491525424	1296.0	0.799076212471	45.0	0.0	0.0
Patiria	GCT	A	S	0.0	0.232394329727	0.166666666667	0.0625	0.875	0.216216216216	0.0135135135135	1351.0	0.748807631161	45.0	0.0	0.0
Daphnia	GCA	A	S	0.0	0.040966558919	0.333333333333	0.230769230769	0.692307692308	0.191176470588	0.0588235294118	1351.0	1.3872255489	44.0	0.0	0.001
Daphnia	GCT	A	S	0.0	0.040966558919	0.142857142857	0.04	0.96	0.367647058824	0.0588235294118	1351.0	0.847320525784	45.0	0.0	0.0
Haplorchis_taichui	GCT	A	S	0.0	0.769187960729	0.142857142857	0.0645161290323	0.451612903226	0.563636363636	0.0727272727273	1320.0	0.294214876033	45.0	0.0	0.0
Haplorchis_taichui	GCG	A	S	0.0	0.769187960729	0.222222222222	0.125	0.5	0.290909090909	0.0727272727273	1320.0	0.500797448166	46.0	0.0	0.0
Lumbricus	GCA	A	S	0.0	0.720633031619	0.111111111111	0.0357142857143	0.892857142857	0.35	0.0625	1350.0	0.804208600183	44.0	0.0	0.0
Lumbricus	GCC	A	S	0.0	0.720633031619	0.25	0.0869565217391	0.739130434783	0.2875	0.0625	1350.0	0.952062430323	47.0	0.0	0.0
Lumbricus	GCT	A	S	0.0	0.720633031619	0.25	0.08	0.92	0.3125	0.0625	1350.0	0.871457489879	45.0	0.0	0.0
Halocynthia	GCA	A	S	1.0	0.216566613719	0.111111111111	0.0625	0.75	0.253968253968	0.047619047619	1348.0	0.833865814696	44.0	0.0	0.0
Halocynthia	GCT	A	S	1.0	0.216566613719	0.111111111111	0.027027027027	0.783783783784	0.587301587302	0.047619047619	1348.0	0.517622667588	45.0	0.0	0.0
Halocynthia	GCG	A	S	1.0	0.216566613719	0.25	0.166666666667	0.5	0.0952380952381	0.047619047619	1348.0	0.603375527426	46.0	0.0	0.0
Limulus	GCA	A	S	0.0	0.880281648808	0.125	0.0384615384615	0.884615384615	0.346666666667	0.04	1351.0	0.900197628458	44.0	0.0	0.0
Limulus	GCT	A	S	0.0	0.880281648808	0.125	0.0571428571429	0.942857142857	0.466666666667	0.04	1351.0	0.933962264151	45.0	0.0	0.0
Echinococcus_equinus	GCT	A	S	0.0	0.834358917171	0.375	0.09375	0.5	0.68085106383	0.063829787234	1331.0	0.610576923077	45.0	0.0	0.0
Taenia_crassiceps	GCA	A	S	0.0	0.282608639361	0.25	0.166666666667	0.666666666667	0.139534883721	0.046511627907	1333.0	0.904761904762	44.0	0.0	0.0
Taenia_crassiceps	GCT	A	S	0.0	0.282608639361	0.125	0.0294117647059	0.5	0.790697674419	0.046511627907	1333.0	0.306997742664	45.0	0.0	0.0
Axinella	GCA	A	S	0.0	0.0270612619529	0.428571428571	0.142857142857	0.761904761905	0.253012048193	0.0602409638554	1348.0	0.76184690158	44.0	0.0	0.0
Axinella	GCG	A	S	0.0	0.0270612619529	0.285714285714	0.142857142857	0.857142857143	0.168674698795	0.0602409638554	1348.0	0.996350364964	46.0	0.0	0.0
Terebratulina	GCA	A	S	0.0	0.312842681108	0.428571428571	0.142857142857	0.714285714286	0.25	0.0952380952381	1351.0	0.919082125604	44.0	0.0	0.0
Terebratulina	GCC	A	S	0.0	0.312842681108	0.375	0.131578947368	0.789473684211	0.452380952381	0.0952380952381	1351.0	0.933422999328	47.0	0.0	0.0
Suberites_domuncula	GCT	A	S	0.0	0.435867238304	0.285714285714	0.0882352941176	0.823529411765	0.447368421053	0.0526315789474	1351.0	0.842460615154	45.0	0.0	0.0
Suberites_domuncula	GCG	A	S	0.0	0.435867238304	0.125	0.0714285714286	0.714285714286	0.184210526316	0.0526315789474	1351.0	0.891500904159	46.0	0.0	0.0
Bfloridae	GCT	A	S	1.0	0.44495834505	0.2	0.0416666666667	0.958333333333	0.48	0.04	777.0	0.885297184567	45.0	0.0	0.007
Bfloridae	GCG	A	S	1.0	0.44495834505	0.166666666667	0.111111111111	0.666666666667	0.18	0.04	777.0	0.694677871148	46.0	0.0	0.017
Katharina	GCA	A	S	0.0	0.1406011229	0.5	0.157894736842	0.736842105263	0.25	0.0789473684211	1348.0	0.950666666667	44.0	0.0	0.0
Katharina	GCC	A	S	0.0	0.1406011229	0.25	0.0833333333333	0.833333333333	0.157894736842	0.0789473684211	1348.0	0.879166666667	47.0	0.0	0.0
Katharina	GCT	A	S	0.0	0.1406011229	0.1	0.0263157894737	0.921052631579	0.5	0.0789473684211	1348.0	0.777478084963	45.0	0.0	0.0
Katharina	GCG	A	S	0.0	0.1406011229	0.25	0.142857142857	0.714285714286	0.0921052631579	0.0789473684211	1348.0	1.4962962963	46.0	0.0	0.0
Geodia	GCA	A	S	1.0	0.27362783428	0.142857142857	0.0555555555556	0.777777777778	0.227848101266	0.0506329113924	1350.0	0.570821529745	44.0	0.0	0.0
Geodia	GCC	A	S	1.0	0.27362783428	0.166666666667	0.125	0.75	0.101265822785	0.0506329113924	1350.0	0.909677419355	47.0	0.0	0.0
Geodia	GCT	A	S	1.0	0.27362783428	0.1	0.0232558139535	0.860465116279	0.544303797468	0.0506329113924	1350.0	0.669226225635	45.0	0.0	0.0
Geodia	GCG	A	S	1.0	0.27362783428	0.166666666667	0.1	0.9	0.126582278481	0.0506329113924	1350.0	1.23096446701	46.0	0.0	0.0
Metridium	GCA	A	S	0.0	0.0635822103936	0.2	0.0833333333333	0.666666666667	0.144578313253	0.0481927710843	1351.0	0.915433403805	44.0	0.0	0.0
Metridium	GCT	A	S	0.0	0.0635822103936	0.111111111111	0.0263157894737	0.868421052632	0.457831325301	0.0481927710843	1351.0	0.744295302013	45.0	0.0	0.0
Metridium	GCG	A	S	0.0	0.0635822103936	0.166666666667	0.2	0.8	0.120481927711	0.0481927710843	1351.0	1.11025641026	46.0	0.0	0.0
Amphimedon_queenslandica	GCA	A	S	0.0	0.223018439784	0.25	0.0740740740741	0.888888888889	0.325301204819	0.0602409638554	1351.0	1.03802281369	44.0	0.0	0.0
Amphimedon_queenslandica	GCC	A	S	0.0	0.223018439784	0.125	0.0625	0.875	0.192771084337	0.0602409638554	1351.0	0.781847133758	47.0	0.0	0.0
Amphimedon_queenslandica	GCT	A	S	0.0	0.223018439784	0.285714285714	0.181818181818	0.818181818182	0.132530120482	0.0602409638554	1351.0	1.09403669725	45.0	0.0	0.0
Tetrancistrum_nebulosi	GCT	A	S	0.0	0.616858217706	0.222222222222	0.0555555555556	0.361111111111	0.620689655172	0.051724137931	1333.0	0.0690883190883	45.0	0.0	0.0
Tetrancistrum_nebulosi	GCG	A	S	0.0	0.616858217706	0.25	0.2	0.6	0.0862068965517	0.051724137931	1333.0	1.03571428571	46.0	0.0	0.0
Trichinella	GCT	A	S	0.0	0.370999083889	0.4	0.107142857143	0.714285714286	0.451612903226	0.0483870967742	1343.0	0.773017319964	45.0	0.0	0.0
Balanoglossus	GCT	A	S	0.0	0.173913008452	0.142857142857	0.0666666666667	0.866666666667	0.192307692308	0.0128205128205	1351.0	0.868376068376	45.0	0.0	0.0
Acropora	GCT	A	S	0.0	0.153866820426	0.111111111111	0.0333333333333	0.8	0.37037037037	0.0617283950617	1350.0	0.675126903553	45.0	0.0	0.0
Acropora	GCG	A	S	0.0	0.153866820426	0.3	0.166666666667	0.791666666667	0.296296296296	0.0617283950617	1350.0	1.06602768903	46.0	0.0	0.0
Pseudogarypus_banksi	GCA	A	S	0.0	0.468949323518	0.125	0.05	0.85	0.4	0.06	1347.0	0.742307692308	44.0	0.0	0.0
Pseudogarypus_banksi	GCC	A	S	0.0	0.468949323518	0.5	0.25	0.75	0.08	0.06	1347.0	1.10191082803	47.0	0.0	0.0
Pseudogarypus_banksi	GCT	A	S	0.0	0.468949323518	0.111111111111	0.0416666666667	0.666666666667	0.48	0.06	1347.0	0.439232409382	45.0	0.0	0.0
Benedenia_hoshinai	GCT	A	S	0.0	0.820105757997	0.285714285714	0.0606060606061	0.454545454545	0.647058823529	0.0392156862745	1333.0	0.315586419753	45.0	0.0	0.0
Myxine	GCA	A	S	1.0	0.23518768304	0.285714285714	0.0833333333333	0.75	0.324324324324	0.027027027027	1350.0	0.777658431794	44.0	0.0	0.0
Drosophila	GCT	A	S	0.0	0.738257152828	0.375	0.0545454545455	0.945454545455	0.797101449275	0.0434782608696	1351.0	0.898886827458	45.0	0.0	0.0
Ciona	GCT	A	S	0.0	0.614583200267	0.111111111111	0.025	0.9	0.740740740741	0.0185185185185	1348.0	0.77607165707	45.0	0.0	0.0
Epigonichthys	GCA	A	S	0.0	0.823943642868	0.142857142857	0.0384615384615	0.923076923077	0.342105263158	0.0526315789474	1351.0	0.900492610837	44.0	0.0	0.0
Epigonichthys	GCT	A	S	0.0	0.823943642868	0.285714285714	0.08	0.84	0.328947368421	0.0526315789474	1351.0	0.7995951417	45.0	0.0	0.0
Epigonichthys	GCG	A	S	0.0	0.823943642868	0.125	0.0526315789474	0.842105263158	0.25	0.0526315789474	1351.0	0.837365591398	46.0	0.0	0.0
Strigamia_maritima	GCA	A	S	0.0	0.712717105332	0.333333333333	0.0740740740741	0.814814814815	0.380281690141	0.056338028169	1351.0	0.997123681687	44.0	0.0	0.0
Strigamia_maritima	GCT	A	S	0.0	0.712717105332	0.125	0.0869565217391	0.869565217391	0.323943661972	0.056338028169	1351.0	0.950110864745	45.0	0.0	0.0
Caenorhabditis	GCC	A	S	0.0	0.232116905183	0.2	0.166666666667	0.666666666667	0.09375	0.0625	1346.0	0.638655462185	47.0	0.0	0.0
Caenorhabditis	GCT	A	S	0.0	0.232116905183	0.428571428571	0.0833333333333	0.694444444444	0.5625	0.0625	1346.0	0.587943262411	45.0	0.0	0.0
Homo	GCA	A	S	0.0	0.297101396737	0.125	0.0384615384615	0.769230769231	0.337662337662	0.012987012987	1351.0	0.716666666667	44.0	0.0	0.0
Ascidiella_aspersa	GCA	A	S	0.0	0.340392133304	0.25	0.142857142857	0.714285714286	0.122807017544	0.0350877192982	1350.0	1.21897810219	44.0	0.0	0.0
Ascidiella_aspersa	GCT	A	S	0.0	0.340392133304	0.125	0.0322580645161	0.903225806452	0.543859649123	0.0350877192982	1350.0	0.589447650453	45.0	0.0	0.0
Blanceolatum	GCA	A	S	0.0	0.497584511041	0.2	0.1	0.8	0.188679245283	0.0377358490566	775.0	0.7525	44.0	0.0	0.014
Blanceolatum	GCT	A	S	0.0	0.497584511041	0.166666666667	0.0434782608696	0.826086956522	0.433962264151	0.0377358490566	775.0	0.550108932462	45.0	0.0	0.007
Saccoglossus	GCA	A	S	0.0	0.90280722093	0.142857142857	0.0285714285714	0.857142857143	0.443037974684	0.0379746835443	1351.0	0.756026296567	44.0	0.0	0.0
Saccoglossus	GCC	A	S	0.0	0.90280722093	0.125	0.0625	0.875	0.20253164557	0.0379746835443	1351.0	0.998420221169	47.0	0.0	0.0
Saccoglossus	GCT	A	S	0.0	0.90280722093	0.111111111111	0.037037037037	0.925925925926	0.341772151899	0.0379746835443	1351.0	0.769668246445	45.0	0.0	0.0