### Random Forest prediction
genome	codon	ori_aa	rea_aa	fitch	Fisher pval	Gene frac	N. rea	N. used	Cod. count	Sub. count	G. len	codon_lik	id	prediction
Paracentrotus	AGC	S	T	0.0	0.10184371832	0.333333333333	0.25	0.75	0.0512820512821	0.025641025641	1436.0	1.22105263158	11.0	0.0
Paracentrotus	TCC	S	T	0.0	0.10184371832	0.125	0.0588235294118	0.764705882353	0.217948717949	0.025641025641	1436.0	0.842239185751	31.0	0.0
Schistosoma	TCT	S	T	0.0	0.977010398509	0.5	0.1	0.35	0.412371134021	0.0927835051546	1278.0	0.421661409043	29.0	0.0
Schistosoma	AGT	S	T	0.0	0.977010398509	0.333333333333	0.103448275862	0.413793103448	0.298969072165	0.0927835051546	1278.0	0.414739884393	9.0	0.0
Schistosoma	TCA	S	T	0.0	0.977010398509	0.25	0.125	0.5	0.164948453608	0.0927835051546	1278.0	0.539682539683	28.0	0.0
Fasciola	TCT	S	T	0.0	0.892229117641	0.3	0.06	0.38	0.5	0.05	1341.0	0.184902459712	29.0	0.0
Fasciola	AGT	S	T	0.0	0.892229117641	0.2	0.0588235294118	0.5	0.34	0.05	1341.0	0.36049382716	9.0	0.0
Patiria	TCC	S	T	0.0	0.731905195768	0.166666666667	0.0344827586207	0.931034482759	0.325842696629	0.0224719101124	1534.0	0.967694566814	31.0	0.0
Patiria	TCA	S	T	0.0	0.731905195768	0.125	0.05	0.9	0.224719101124	0.0224719101124	1534.0	0.955128205128	28.0	0.0
Lumbricus	TCT	S	T	1.0	0.452081196572	0.111111111111	0.0555555555556	0.833333333333	0.222222222222	0.0493827160494	1525.0	0.931116389549	29.0	0.0
Lumbricus	TCC	S	T	1.0	0.452081196572	0.285714285714	0.111111111111	0.777777777778	0.222222222222	0.0493827160494	1525.0	1.02163461538	31.0	0.0
Lumbricus	TCA	S	T	1.0	0.452081196572	0.111111111111	0.0263157894737	0.868421052632	0.469135802469	0.0493827160494	1525.0	0.673515981735	28.0	0.0
Halocynthia	TCT	S	T	0.0	0.153919738122	0.2	0.0512820512821	0.769230769231	0.40625	0.0625	1418.0	0.716304347826	29.0	0.0
Halocynthia	AGT	S	T	0.0	0.153919738122	0.111111111111	0.027027027027	0.648648648649	0.385416666667	0.0625	1418.0	0.439635535308	9.0	0.0
Halocynthia	TCC	S	T	0.0	0.153919738122	0.333333333333	0.333333333333	0.666666666667	0.03125	0.0625	1418.0	1.76470588235	31.0	0.0
Halocynthia	TCA	S	T	0.0	0.153919738122	0.333333333333	0.166666666667	0.5	0.125	0.0625	1418.0	0.886446886447	28.0	0.0
Limulus	TCT	S	T	0.0	0.940190552043	0.25	0.0588235294118	0.794117647059	0.373626373626	0.043956043956	1521.0	0.765293383271	29.0	0.0
Limulus	TCA	S	T	0.0	0.940190552043	0.222222222222	0.0666666666667	0.866666666667	0.32967032967	0.043956043956	1521.0	0.964438122333	28.0	0.0
Caenorhabditis	TCT	S	T	1.0	0.32571032231	0.111111111111	0.0344827586207	0.48275862069	0.408450704225	0.056338028169	1433.0	0.358630952381	29.0	0.0
Caenorhabditis	TCG	S	T	1.0	0.32571032231	1.0	1.0	0.0	0.0140845070423	0.056338028169	1433.0	4.30434782609	30.0	0.0
Caenorhabditis	AGT	S	T	1.0	0.32571032231	0.125	0.0666666666667	0.533333333333	0.211267605634	0.056338028169	1433.0	0.308988764045	9.0	0.0
Caenorhabditis	TCA	S	T	1.0	0.32571032231	0.125	0.0454545454545	0.5	0.30985915493	0.056338028169	1433.0	0.329388560158	28.0	0.0
Axinella	TCT	S	T	0.0	0.536514101535	0.1	0.03125	0.84375	0.355555555556	0.0222222222222	1523.0	0.76171352075	29.0	0.0
Axinella	TCG	S	T	0.0	0.536514101535	0.166666666667	0.0909090909091	0.909090909091	0.122222222222	0.0222222222222	1523.0	0.944881889764	30.0	0.0
Terebratulina	TCG	S	T	0.0	0.106148478369	1.0	1.0	0.0	0.0123456790123	0.0740740740741	1487.0	4.82608695652	30.0	0.0
Terebratulina	TCT	S	T	0.0	0.106148478369	0.2	0.0714285714286	0.678571428571	0.345679012346	0.0740740740741	1487.0	0.828483920368	29.0	0.0
Terebratulina	TCC	S	T	0.0	0.106148478369	0.111111111111	0.030303030303	0.848484848485	0.407407407407	0.0740740740741	1487.0	0.838751625488	31.0	0.0
Terebratulina	TCA	S	T	0.0	0.106148478369	0.25	0.142857142857	0.785714285714	0.172839506173	0.0740740740741	1487.0	0.996996996997	28.0	0.0
Katharina	AGC	S	T	1.0	0.00169073180215	0.333333333333	0.333333333333	0.333333333333	0.0365853658537	0.0487804878049	1515.0	1.30985915493	11.0	0.0
Katharina	AGT	S	T	1.0	0.00169073180215	0.666666666667	0.5	0.5	0.0487804878049	0.0487804878049	1515.0	2.02222222222	9.0	0.0
Katharina	TCA	S	T	1.0	0.00169073180215	0.142857142857	0.0588235294118	0.823529411765	0.207317073171	0.0487804878049	1515.0	0.765281173594	28.0	0.0
Geodia	TCT	S	T	1.0	0.0770155833561	0.2	0.0540540540541	0.891891891892	0.385416666667	0.0416666666667	1524.0	0.904436860068	29.0	0.0
Geodia	AGC	S	T	1.0	0.0770155833561	0.333333333333	0.25	0.0	0.0416666666667	0.0416666666667	1524.0	0.729166666667	11.0	0.0
Geodia	TCA	S	T	1.0	0.0770155833561	0.111111111111	0.0434782608696	0.826086956522	0.239583333333	0.0416666666667	1524.0	0.882575757576	28.0	0.0
Metridium	TCT	S	T	0.0	0.913888859159	0.1	0.03125	0.9375	0.351648351648	0.021978021978	1534.0	0.935397039031	29.0	0.0
Metridium	AGT	S	T	0.0	0.913888859159	0.125	0.047619047619	0.809523809524	0.230769230769	0.021978021978	1534.0	0.718367346939	9.0	0.0
Acropora	TCG	S	T	0.0	0.141858137719	0.111111111111	0.05	0.85	0.20618556701	0.020618556701	1532.0	0.823779193206	30.0	0.0
Acropora	TCC	S	T	0.0	0.141858137719	0.2	0.125	0.375	0.0824742268041	0.020618556701	1532.0	0.647058823529	31.0	0.0
Trichinella	TCC	S	T	0.0	0.33749996979	0.2	0.0666666666667	0.4	0.178571428571	0.0119047619048	1259.0	0.515235457064	31.0	0.0
Balanoglossus	AGT	S	T	0.0	0.0792682821569	0.333333333333	0.2	0.8	0.0581395348837	0.0116279069767	1534.0	1.0	9.0	0.0
Drosophila	AGT	S	T	0.0	0.272434586111	0.125	0.0909090909091	0.818181818182	0.129411764706	0.0235294117647	1523.0	0.821428571429	9.0	0.0
Drosophila	TCA	S	T	0.0	0.272434586111	0.111111111111	0.0285714285714	0.857142857143	0.411764705882	0.0235294117647	1523.0	0.786240786241	28.0	0.0
Myxine	TCC	S	T	0.0	0.316061575777	0.333333333333	0.130434782609	0.695652173913	0.212962962963	0.0462962962963	1533.0	0.988721804511	31.0	0.0
Myxine	TCA	S	T	0.0	0.316061575777	0.2	0.046511627907	0.813953488372	0.398148148148	0.0462962962963	1533.0	0.816650148662	28.0	0.0
Ciona	TCT	S	T	0.0	0.0996857240676	0.6	0.166666666667	0.5	0.392523364486	0.0747663551402	1411.0	0.887080366226	29.0	0.0
Ciona	AGT	S	T	0.0	0.0996857240676	0.111111111111	0.0344827586207	0.655172413793	0.271028037383	0.0747663551402	1411.0	0.576470588235	9.0	0.0
Saccoglossus	AGC	S	T	0.0	0.0874928245941	0.333333333333	0.142857142857	0.714285714286	0.0769230769231	0.021978021978	1532.0	0.84076433121	11.0	0.0
Saccoglossus	TCC	S	T	0.0	0.0874928245941	0.25	0.0769230769231	0.923076923077	0.142857142857	0.021978021978	1532.0	0.951612903226	31.0	0.0
Daphnia	TCC	S	T	0.0	0.318840554692	0.142857142857	0.1	0.9	0.116279069767	0.0116279069767	1517.0	1.1718061674	31.0	0.0
Homo	AGT	S	T	0.0	0.176419962881	0.25	0.25	0.5	0.0425531914894	0.031914893617	1533.0	1.16666666667	9.0	0.0
Homo	TCA	S	T	0.0	0.176419962881	0.25	0.0625	0.9375	0.340425531915	0.031914893617	1533.0	0.947368421053	28.0	0.0

### Alignment improvement:
