### Random Forest prediction
genome	codon	ori_aa	rea_aa	fitch	Fisher pval	Gene frac	N. rea	N. used	Cod. count	Sub. count	G. len	codon_lik	id	prediction
LmeyeA	ATT	I	L	0.0	0.38747721051	0.571428571429	0.0708661417323	0.905511811024	0.920289855072	0.0724637681159	1456.0	2.05347766379	5.0	0.0
LmeyeA	ATC	I	L	0.0	0.38747721051	0.166666666667	0.0909090909091	0.909090909091	0.0797101449275	0.0724637681159	1456.0	2.08255159475	7.0	0.0
SpombA	ATT	I	L	0.0	0.31275163481	1.0	0.168674698795	0.626506024096	0.572413793103	0.151724137931	1452.0	1.93216576221	5.0	0.0
SpombA	ATC	I	L	0.0	0.31275163481	0.666666666667	0.1875	0.46875	0.220689655172	0.151724137931	1452.0	1.53546099291	7.0	0.0
SpombA	ATA	I	L	0.0	0.31275163481	0.285714285714	0.0666666666667	0.6	0.206896551724	0.151724137931	1452.0	1.75110657133	4.0	0.0
SpastA	ATT	I	L	0.0	0.86452923935	0.714285714286	0.0982142857143	0.866071428571	0.8	0.0928571428571	1456.0	2.11175231291	5.0	0.0
SpastA	ATC	I	L	0.0	0.86452923935	0.285714285714	0.08	0.84	0.178571428571	0.0928571428571	1456.0	1.99136868064	7.0	0.0
AacerA	ATT	I	L	0.0	0.551691574543	0.5	0.05	0.866666666667	0.967741935484	0.0483870967742	643.0	1.93649463807	5.0	0.0
CmetaD	ATT	I	L	0.0	0.745239344798	0.25	0.0413223140496	0.900826446281	0.57345971564	0.0379146919431	2101.0	1.94095272596	5.0	0.0
CmetaD	ATC	I	L	0.0	0.745239344798	0.181818181818	0.047619047619	0.952380952381	0.199052132701	0.0379146919431	2101.0	2.0494549322	7.0	0.0
CmetaD	ATA	I	L	0.0	0.745239344798	0.111111111111	0.0208333333333	0.958333333333	0.227488151659	0.0379146919431	2101.0	1.93727319855	4.0	0.0
CgigaA	ATC	I	L	0.0	0.157849224691	0.272727272727	0.043795620438	0.934306569343	0.85625	0.04375	1879.0	1.98317603611	7.0	0.0
CgigaA	ATA	I	L	0.0	0.157849224691	0.333333333333	0.25	0.75	0.025	0.04375	1879.0	2.4738372093	4.0	0.0
CsantA	ATT	I	L	0.0	0.928594055204	0.363636363636	0.142857142857	0.657142857143	0.15350877193	0.140350877193	2073.0	1.8224852071	5.0	0.0
CsantA	ATA	I	L	0.0	0.928594055204	1.0	0.142857142857	0.661375661376	0.828947368421	0.140350877193	2073.0	1.81866763831	4.0	0.0
CtropB	ATT	I	L	0.0	0.588199938237	0.0909090909091	0.0172413793103	0.879310344828	0.280193236715	0.0386473429952	2101.0	1.9106406894	5.0	0.0
CtropB	ATC	I	L	0.0	0.588199938237	0.416666666667	0.046875	0.9296875	0.618357487923	0.0386473429952	2101.0	1.9451310369	7.0	0.0
CtropB	ATA	I	L	0.0	0.588199938237	0.111111111111	0.047619047619	0.904761904762	0.101449275362	0.0386473429952	2101.0	1.94001236858	4.0	0.0
CtropA	ATT	I	L	0.0	0.49050701263	0.0909090909091	0.016393442623	0.885245901639	0.294685990338	0.0386473429952	2101.0	1.89890031926	5.0	0.0
CtropA	ATC	I	L	0.0	0.49050701263	0.454545454545	0.047619047619	0.928571428571	0.608695652174	0.0386473429952	2101.0	1.95082113531	7.0	0.0
CtropA	ATA	I	L	0.0	0.49050701263	0.111111111111	0.05	0.9	0.0966183574879	0.0386473429952	2101.0	1.94809461235	4.0	0.0
WpijpA	ATT	I	L	0.0	0.178463720379	0.285714285714	0.0408163265306	0.897959183673	0.705035971223	0.0575539568345	1456.0	1.97177208573	5.0	0.0
WpijpA	ATC	I	L	0.0	0.178463720379	0.666666666667	0.0975609756098	0.90243902439	0.294964028777	0.0575539568345	1456.0	2.06378704169	7.0	0.0
BarxA	ATT	I	L	0.0	0.774860956618	1.0	0.0909090909091	0.636363636364	0.282051282051	0.102564102564	442.0	1.95053003534	5.0	0.0
BarxA	ATA	I	L	0.0	0.774860956618	1.0	0.107142857143	0.714285714286	0.717948717949	0.102564102564	442.0	1.89722222222	4.0	0.0
CoxycA	ATT	I	L	0.0	0.0934498785803	1.0	0.25	0.4	0.434782608696	0.152173913043	442.0	1.91249392319	5.0	0.0
CoxycA	ATA	I	L	0.0	0.0934498785803	1.0	0.0952380952381	0.809523809524	0.45652173913	0.152173913043	442.0	1.79907407407	4.0	0.0
CsubhA	ATC	I	L	0.0	0.466107838699	0.583333333333	0.0838709677419	0.858064516129	0.846994535519	0.0874316939891	2098.0	2.01195021921	7.0	0.0
CsubhA	ATA	I	L	0.0	0.466107838699	0.3	0.115384615385	0.769230769231	0.142076502732	0.0874316939891	2098.0	1.80666049954	4.0	0.0
CsubhB	ATC	I	L	0.0	0.466107838699	0.583333333333	0.0838709677419	0.858064516129	0.846994535519	0.0874316939891	2098.0	2.01195021921	7.0	0.0
CsubhB	ATA	I	L	0.0	0.466107838699	0.3	0.115384615385	0.769230769231	0.142076502732	0.0874316939891	2098.0	1.80666049954	4.0	0.0
OanguA	ATT	I	L	0.0	0.0054247866246	0.666666666667	0.0965517241379	0.779310344828	0.707317073171	0.126829268293	2101.0	1.9883086516	5.0	0.0
OanguA	ATC	I	L	0.0	0.0054247866246	0.333333333333	0.09375	0.84375	0.156097560976	0.126829268293	2101.0	2.06030323915	7.0	0.0
OanguA	ATA	I	L	0.0	0.0054247866246	0.625	0.321428571429	0.535714285714	0.136585365854	0.126829268293	2101.0	2.11811370648	4.0	0.0
SarboA	ATT	I	L	0.0	0.582722367282	0.714285714286	0.095652173913	0.869565217391	0.78231292517	0.0952380952381	1456.0	2.09706144256	5.0	0.0
SarboA	ATC	I	L	0.0	0.582722367282	0.5	0.142857142857	0.857142857143	0.142857142857	0.0952380952381	1456.0	2.18873517787	7.0	0.0
CcastA	ATT	I	L	0.0	3.77913459422e-05	0.714285714286	0.089552238806	0.865671641791	0.853503184713	0.12101910828	1455.0	2.03125957708	5.0	0.0
CcastA	ATC	I	L	0.0	3.77913459422e-05	0.666666666667	0.333333333333	0.666666666667	0.0382165605096	0.12101910828	1455.0	2.38655462185	7.0	0.0
CcastA	ATA	I	L	0.0	3.77913459422e-05	0.8	0.294117647059	0.0588235294118	0.108280254777	0.12101910828	1455.0	2.08690404345	4.0	0.0
KtherA	ATT	I	L	0.0	0.75679242182	0.571428571429	0.078125	0.8984375	0.927536231884	0.0724637681159	1456.0	2.0592616321	5.0	0.0
CblacA	ATT	I	L	0.0	0.571114343371	1.0	0.133333333333	0.733333333333	0.375	0.1	442.0	2.02330097087	5.0	0.0
CblacA	ATC	I	L	0.0	0.571114343371	1.0	0.142857142857	0.714285714286	0.175	0.1	442.0	1.75905292479	7.0	0.0
CblacA	ATA	I	L	0.0	0.571114343371	1.0	0.0555555555556	0.777777777778	0.45	0.1	442.0	1.75459459459	4.0	0.0
CnorvA	ATT	I	L	0.0	0.13945843798	0.166666666667	0.0535714285714	0.821428571429	0.258064516129	0.0552995391705	2101.0	1.91013916501	5.0	0.0
CnorvA	ATC	I	L	0.0	0.13945843798	0.5	0.5	0.5	0.00921658986175	0.0552995391705	2101.0	2.70833333333	7.0	0.0
CnorvA	ATA	I	L	0.0	0.13945843798	0.5	0.0503144654088	0.836477987421	0.732718894009	0.0552995391705	2101.0	1.88633517495	4.0	0.0
CviswA	ATT	I	L	0.0	0.873211173994	0.25	0.0547945205479	0.86301369863	0.328828828829	0.0675675675676	2101.0	1.98595205375	5.0	0.0
CviswA	ATC	I	L	0.0	0.873211173994	0.111111111111	0.0555555555556	0.888888888889	0.0810810810811	0.0675675675676	2101.0	2.03147699758	7.0	0.0
CviswA	ATA	I	L	0.0	0.873211173994	0.5	0.0763358778626	0.885496183206	0.59009009009	0.0675675675676	2101.0	1.98182919443	4.0	0.0
MstarA	ATT	I	L	0.0	0.275115036912	0.454545454545	0.0793650793651	0.777777777778	0.28125	0.133928571429	2101.0	1.92611782767	5.0	0.0
MstarA	ATA	I	L	0.0	0.275115036912	0.909090909091	0.161290322581	0.748387096774	0.691964285714	0.133928571429	2101.0	2.06489160483	4.0	0.0
NbaciA	ATT	I	L	0.0	0.399016328344	0.571428571429	0.0909090909091	0.859504132231	0.817567567568	0.0945945945946	1455.0	2.05498048532	5.0	0.0
NbaciA	ATC	I	L	0.0	0.399016328344	0.4	0.136363636364	0.772727272727	0.148648648649	0.0945945945946	1455.0	2.00697674419	7.0	0.0
KmarxA	ATT	I	L	0.0	0.263034759358	1.0	0.0689655172414	0.896551724138	0.828571428571	0.0857142857143	442.0	1.98492462312	5.0	0.0
KmarxA	ATC	I	L	0.0	0.263034759358	1.0	0.166666666667	0.833333333333	0.171428571429	0.0857142857143	442.0	2.05348460292	7.0	0.0
LstarA	ATT	I	L	0.0	0.4832855326	0.666666666667	0.118279569892	0.752688172043	0.6	0.109677419355	1779.0	1.91040215133	5.0	0.0
LstarA	ATC	I	L	0.0	0.4832855326	0.333333333333	0.2	0.8	0.0645161290323	0.109677419355	1779.0	2.23788546256	7.0	0.0
LstarA	ATA	I	L	0.0	0.4832855326	0.333333333333	0.0769230769231	0.769230769231	0.335483870968	0.109677419355	1779.0	1.89993284083	4.0	0.0
MfariA	ATT	I	L	0.0	0.973543789778	0.416666666667	0.0833333333333	0.866666666667	0.280373831776	0.0934579439252	2101.0	2.01496495548	5.0	0.0
MfariA	ATC	I	L	0.0	0.973543789778	0.181818181818	0.1	0.866666666667	0.140186915888	0.0934579439252	2101.0	2.11757857974	7.0	0.0
MfariA	ATA	I	L	0.0	0.973543789778	0.583333333333	0.0967741935484	0.838709677419	0.579439252336	0.0934579439252	2101.0	1.93814902532	4.0	0.0
MfariB	ATT	I	L	0.0	0.681283509577	0.272727272727	0.0506329113924	0.924050632911	0.395	0.065	2101.0	2.01046824162	5.0	0.0
MfariB	ATA	I	L	0.0	0.681283509577	0.416666666667	0.0789473684211	0.877192982456	0.57	0.065	2101.0	1.96684470422	4.0	0.0
CalaiA	ATT	I	L	0.0	0.254039939433	0.5	0.135802469136	0.79012345679	0.40099009901	0.0940594059406	1905.0	2.00773908237	5.0	0.0
CalaiA	ATA	I	L	0.0	0.254039939433	0.4	0.0695652173913	0.852173913043	0.569306930693	0.0940594059406	1905.0	1.92106327067	4.0	0.0
LanspB	ATT	I	L	0.0	0.354715377248	0.571428571429	0.077519379845	0.891472868217	0.934782608696	0.0797101449275	1456.0	2.04987273306	5.0	0.0
LanspB	ATC	I	L	0.0	0.354715377248	0.2	0.111111111111	0.888888888889	0.0652173913043	0.0797101449275	1456.0	2.18306636156	7.0	0.0
CphanA	ATT	I	L	0.0	0.682876975376	0.363636363636	0.102941176471	0.808823529412	0.343434343434	0.121212121212	2100.0	2.01072026801	5.0	0.0
CphanA	ATC	I	L	0.0	0.682876975376	0.5	0.166666666667	0.8	0.151515151515	0.121212121212	2100.0	2.15414057063	7.0	0.0
CphanA	ATA	I	L	0.0	0.682876975376	0.636363636364	0.12	0.73	0.505050505051	0.121212121212	2100.0	1.97999532054	4.0	0.0
LanspA	ATT	I	L	0.0	0.796069795824	0.428571428571	0.0526315789474	0.912280701754	0.857142857143	0.0526315789474	1456.0	2.0355443856	5.0	0.0
LanspA	ATC	I	L	0.0	0.796069795824	0.142857142857	0.0526315789474	0.894736842105	0.142857142857	0.0526315789474	1456.0	2.09066084107	7.0	0.0
CsojaA	ATT	I	L	0.0	0.939029859538	0.25	0.0576923076923	0.884615384615	0.371428571429	0.0571428571429	1435.0	1.90057829181	5.0	0.0
CsojaA	ATC	I	L	0.0	0.939029859538	0.125	0.0666666666667	0.933333333333	0.107142857143	0.0571428571429	1435.0	2.03317535545	7.0	0.0
CsojaA	ATA	I	L	0.0	0.939029859538	0.375	0.0547945205479	0.890410958904	0.521428571429	0.0571428571429	1435.0	1.95356576862	4.0	0.0
CglabA	ATT	I	L	0.0	0.800182041394	0.428571428571	0.0787401574803	0.858267716535	0.907142857143	0.0785714285714	1439.0	1.99862925335	5.0	0.0
CglabA	ATC	I	L	0.0	0.800182041394	0.25	0.0769230769231	0.923076923077	0.0928571428571	0.0785714285714	1439.0	2.13424437299	7.0	0.0
ScryoA	ATT	I	L	0.0	0.579298085	1.0	0.117117117117	0.63963963964	0.816176470588	0.117647058824	1454.0	1.75573436922	5.0	0.0
ScryoA	ATC	I	L	0.0	0.579298085	0.5	0.12	0.48	0.183823529412	0.117647058824	1454.0	1.84715447154	7.0	0.0
CneerA	ATT	I	L	0.0	0.667914935192	0.5	0.0860215053763	0.849462365591	0.418918918919	0.0675675675676	2101.0	1.96363636364	5.0	0.0
CneerA	ATC	I	L	0.0	0.667914935192	0.2	0.04	0.76	0.225225225225	0.0675675675676	2101.0	1.69626574034	7.0	0.0
CneerA	ATA	I	L	0.0	0.667914935192	0.416666666667	0.0632911392405	0.924050632911	0.355855855856	0.0675675675676	2101.0	1.98109274974	4.0	0.0
CsakeA	ATT	I	L	0.0	0.863337627483	0.3	0.0555555555556	0.888888888889	0.264705882353	0.0735294117647	2065.0	1.97604790419	5.0	0.0
CsakeA	ATC	I	L	0.0	0.863337627483	0.142857142857	0.0666666666667	0.866666666667	0.0735294117647	0.0735294117647	2065.0	1.83692528736	7.0	0.0
CsakeA	ATA	I	L	0.0	0.863337627483	0.454545454545	0.0814814814815	0.866666666667	0.661764705882	0.0735294117647	2065.0	1.99001913	4.0	0.0
HuvarA	ATT	I	L	0.0	0.352646739823	1.0	0.204081632653	0.622448979592	0.748091603053	0.18320610687	1397.0	1.88906331763	5.0	0.0
HuvarA	ATC	I	L	0.0	0.352646739823	0.666666666667	0.129032258065	0.709677419355	0.236641221374	0.18320610687	1397.0	1.84399736148	7.0	0.0
CjiufA	ATT	I	L	0.0	0.730621682852	0.166666666667	0.027027027027	0.90990990991	0.531100478469	0.0334928229665	2080.0	1.92073357106	5.0	0.0
CjiufA	ATC	I	L	0.0	0.730621682852	0.272727272727	0.0526315789474	0.912280701754	0.272727272727	0.0334928229665	2080.0	1.99083094556	7.0	0.0
CjiufA	ATA	I	L	0.0	0.730621682852	0.1	0.0243902439024	0.853658536585	0.196172248804	0.0334928229665	2080.0	1.72412782175	4.0	0.0
KlactA	ATT	I	L	0.0	0.666015428665	0.714285714286	0.0564516129032	0.91935483871	0.925373134328	0.0522388059701	1434.0	2.03061393348	5.0	0.0
CzempA	ATT	I	L	0.0	0.533339957281	1.0	0.246753246753	0.571428571429	0.445086705202	0.202312138728	1455.0	2.04513286153	5.0	0.0
CzempA	ATC	I	L	0.0	0.533339957281	0.25	0.166666666667	0.833333333333	0.0346820809249	0.202312138728	1455.0	2.47529812606	7.0	0.0
CzempA	ATA	I	L	0.0	0.533339957281	0.714285714286	0.166666666667	0.6	0.520231213873	0.202312138728	1455.0	1.87176847403	4.0	0.0
CmetaB	ATT	I	L	0.0	0.745239344798	0.25	0.0413223140496	0.900826446281	0.57345971564	0.0379146919431	2101.0	1.94095272596	5.0	0.0
CmetaB	ATC	I	L	0.0	0.745239344798	0.181818181818	0.047619047619	0.952380952381	0.199052132701	0.0379146919431	2101.0	2.0494549322	7.0	0.0
CmetaB	ATA	I	L	0.0	0.745239344798	0.111111111111	0.0208333333333	0.958333333333	0.227488151659	0.0379146919431	2101.0	1.93727319855	4.0	0.0
CmetaC	ATT	I	L	0.0	0.745239344798	0.25	0.0413223140496	0.900826446281	0.57345971564	0.0379146919431	2101.0	1.94095272596	5.0	0.0
CmetaC	ATC	I	L	0.0	0.745239344798	0.181818181818	0.047619047619	0.952380952381	0.199052132701	0.0379146919431	2101.0	2.0494549322	7.0	0.0
CmetaC	ATA	I	L	0.0	0.745239344798	0.111111111111	0.0208333333333	0.958333333333	0.227488151659	0.0379146919431	2101.0	1.93727319855	4.0	0.0
CmetaA	ATT	I	L	0.0	0.745239344798	0.25	0.0413223140496	0.900826446281	0.57345971564	0.0379146919431	2101.0	1.94095272596	5.0	0.0
CmetaA	ATC	I	L	0.0	0.745239344798	0.181818181818	0.047619047619	0.952380952381	0.199052132701	0.0379146919431	2101.0	2.0494549322	7.0	0.0
CmetaA	ATA	I	L	0.0	0.745239344798	0.111111111111	0.0208333333333	0.958333333333	0.227488151659	0.0379146919431	2101.0	1.93727319855	4.0	0.0
CmetaF	ATT	I	L	0.0	0.745239344798	0.25	0.0413223140496	0.900826446281	0.57345971564	0.0379146919431	2101.0	1.94095272596	5.0	0.0
CmetaF	ATC	I	L	0.0	0.745239344798	0.181818181818	0.047619047619	0.952380952381	0.199052132701	0.0379146919431	2101.0	2.0494549322	7.0	0.0
CmetaF	ATA	I	L	0.0	0.745239344798	0.111111111111	0.0208333333333	0.958333333333	0.227488151659	0.0379146919431	2101.0	1.93727319855	4.0	0.0
CfrijA	ATT	I	L	0.0	0.191104250606	0.4	0.047619047619	0.880952380952	0.370044052863	0.0660792951542	2101.0	1.97961038961	5.0	0.0
CfrijA	ATA	I	L	0.0	0.191104250606	0.5	0.0924369747899	0.806722689076	0.52422907489	0.0660792951542	2101.0	1.90427400468	4.0	0.0
CgallA	ATT	I	L	0.0	0.640770265607	0.7	0.0985915492958	0.845070422535	0.367875647668	0.119170984456	2101.0	2.10480866915	5.0	0.0
CgallA	ATC	I	L	0.0	0.640770265607	0.375	0.113636363636	0.75	0.227979274611	0.119170984456	2101.0	1.97762759264	7.0	0.0
CgallA	ATA	I	L	0.0	0.640770265607	0.583333333333	0.141025641026	0.730769230769	0.40414507772	0.119170984456	2101.0	1.97257194245	4.0	0.0
CmetaE	ATT	I	L	0.0	0.745239344798	0.25	0.0413223140496	0.900826446281	0.57345971564	0.0379146919431	2101.0	1.94095272596	5.0	0.0
CmetaE	ATC	I	L	0.0	0.745239344798	0.181818181818	0.047619047619	0.952380952381	0.199052132701	0.0379146919431	2101.0	2.0494549322	7.0	0.0
CmetaE	ATA	I	L	0.0	0.745239344798	0.111111111111	0.0208333333333	0.958333333333	0.227488151659	0.0379146919431	2101.0	1.93727319855	4.0	0.0
PpastA	ATT	I	L	0.0	0.451345698945	0.181818181818	0.051724137931	0.862068965517	0.306878306878	0.0793650793651	2101.0	1.96246806838	5.0	0.0
PpastA	ATA	I	L	0.0	0.451345698945	0.583333333333	0.100840336134	0.81512605042	0.62962962963	0.0793650793651	2101.0	1.94760798885	4.0	0.0
SjapoA	ATT	I	L	0.0	0.256752097769	0.857142857143	0.148514851485	0.623762376238	0.651612903226	0.18064516129	1450.0	1.82091223783	5.0	0.0
SjapoA	ATC	I	L	0.0	0.256752097769	0.571428571429	0.266666666667	0.5	0.193548387097	0.18064516129	1450.0	2.13486616335	7.0	0.0
SjapoA	ATA	I	L	0.0	0.256752097769	0.6	0.208333333333	0.625	0.154838709677	0.18064516129	1450.0	2.07892527288	4.0	0.0
CalbiE	ATT	I	L	0.0	0.835078047403	0.25	0.0666666666667	0.866666666667	0.265486725664	0.0619469026549	1101.0	1.92657460424	5.0	0.0
CalbiE	ATC	I	L	0.0	0.835078047403	0.25	0.03125	0.84375	0.283185840708	0.0619469026549	1101.0	1.95549242424	7.0	0.0
CalbiE	ATA	I	L	0.0	0.835078047403	0.6	0.078431372549	0.882352941176	0.451327433628	0.0619469026549	1101.0	1.92463349164	4.0	0.0
CtetrA	ATT	I	L	0.0	0.593115392816	0.454545454545	0.101449275362	0.884057971014	0.320930232558	0.0744186046512	2101.0	2.11018336608	5.0	0.0
CtetrA	ATC	I	L	0.0	0.593115392816	0.166666666667	0.051724137931	0.913793103448	0.26976744186	0.0744186046512	2101.0	1.98293650794	7.0	0.0
CtetrA	ATA	I	L	0.0	0.593115392816	0.333333333333	0.0681818181818	0.852272727273	0.409302325581	0.0744186046512	2101.0	1.94090280397	4.0	0.0
MmagnB	ATT	I	L	0.0	0.672366292645	0.333333333333	0.0789473684211	0.736842105263	0.19587628866	0.123711340206	2101.0	1.87172923777	5.0	0.0
MmagnB	ATC	I	L	0.0	0.672366292645	0.916666666667	0.134615384615	0.814102564103	0.80412371134	0.123711340206	2101.0	2.12333880842	7.0	0.0
MmagnA	ATT	I	L	0.0	0.210053922381	0.222222222222	0.0487804878049	0.756097560976	0.211340206186	0.123711340206	2101.0	1.82664526485	5.0	0.0
MmagnA	ATC	I	L	0.0	0.210053922381	0.916666666667	0.143790849673	0.803921568627	0.788659793814	0.123711340206	2101.0	2.13464596744	7.0	0.0
CparaA	ATT	I	L	1.0	0.0417038355224	0.1	0.00909090909091	0.990909090909	0.650887573964	0.0295857988166	1659.0	1.98549817423	5.0	0.0
CparaA	ATC	I	L	1.0	0.0417038355224	0.142857142857	0.0666666666667	0.933333333333	0.0887573964497	0.0295857988166	1659.0	2.07838827839	7.0	0.0
CparaA	ATA	I	L	1.0	0.0417038355224	0.375	0.0681818181818	0.909090909091	0.260355029586	0.0295857988166	1659.0	1.95802759026	4.0	0.0
CcoryA	ATT	I	L	0.0	0.289740439101	0.416666666667	0.0857142857143	0.814285714286	0.388888888889	0.0555555555556	2101.0	1.92949228076	5.0	0.0
CcoryA	ATC	I	L	0.0	0.289740439101	0.25	0.0555555555556	0.888888888889	0.2	0.0555555555556	2101.0	1.82157316368	7.0	0.0
CcoryA	ATA	I	L	0.0	0.289740439101	0.2	0.027027027027	0.891891891892	0.411111111111	0.0555555555556	2101.0	1.82310350502	4.0	0.0
CparaC	ATT	I	L	0.0	0.350520225361	0.181818181818	0.0289855072464	0.934782608696	0.663461538462	0.0384615384615	2101.0	1.96172671106	5.0	0.0
CparaC	ATC	I	L	0.0	0.350520225361	0.125	0.0625	0.9375	0.0769230769231	0.0384615384615	2101.0	2.05930470348	7.0	0.0
CparaC	ATA	I	L	0.0	0.350520225361	0.333333333333	0.0555555555556	0.925925925926	0.259615384615	0.0384615384615	2101.0	1.9199909849	4.0	0.0
CparaB	ATT	I	L	0.0	0.350520225361	0.181818181818	0.0289855072464	0.934782608696	0.663461538462	0.0384615384615	2101.0	1.96172671106	5.0	0.0
CparaB	ATC	I	L	0.0	0.350520225361	0.125	0.0625	0.9375	0.0769230769231	0.0384615384615	2101.0	2.05930470348	7.0	0.0
CparaB	ATA	I	L	0.0	0.350520225361	0.333333333333	0.0555555555556	0.925925925926	0.259615384615	0.0384615384615	2101.0	1.9199909849	4.0	0.0
CparaE	ATT	I	L	0.0	0.350520225361	0.181818181818	0.0289855072464	0.934782608696	0.663461538462	0.0384615384615	2101.0	1.96172671106	5.0	0.0
CparaE	ATC	I	L	0.0	0.350520225361	0.125	0.0625	0.9375	0.0769230769231	0.0384615384615	2101.0	2.05930470348	7.0	0.0
CparaE	ATA	I	L	0.0	0.350520225361	0.333333333333	0.0555555555556	0.925925925926	0.259615384615	0.0384615384615	2101.0	1.9199909849	4.0	0.0
CparaD	ATT	I	L	0.0	0.350520225361	0.181818181818	0.0289855072464	0.934782608696	0.663461538462	0.0384615384615	2101.0	1.96172671106	5.0	0.0
CparaD	ATC	I	L	0.0	0.350520225361	0.125	0.0625	0.9375	0.0769230769231	0.0384615384615	2101.0	2.05930470348	7.0	0.0
CparaD	ATA	I	L	0.0	0.350520225361	0.333333333333	0.0555555555556	0.925925925926	0.259615384615	0.0384615384615	2101.0	1.9199909849	4.0	0.0
CparaF	ATT	I	L	0.0	0.350520225361	0.181818181818	0.0289855072464	0.934782608696	0.663461538462	0.0384615384615	2101.0	1.96172671106	5.0	0.0
CparaF	ATC	I	L	0.0	0.350520225361	0.125	0.0625	0.9375	0.0769230769231	0.0384615384615	2101.0	2.05930470348	7.0	0.0
CparaF	ATA	I	L	0.0	0.350520225361	0.333333333333	0.0555555555556	0.925925925926	0.259615384615	0.0384615384615	2101.0	1.9199909849	4.0	0.0
MtetrA	ATT	I	L	0.0	0.871824354109	0.428571428571	0.0967741935484	0.806451612903	0.171270718232	0.104972375691	2100.0	1.86438886932	5.0	0.0
MtetrA	ATC	I	L	0.0	0.871824354109	0.833333333333	0.106666666667	0.82	0.828729281768	0.104972375691	2100.0	2.11171808879	7.0	0.0
CsaraA	ATT	I	L	0.0	0.0907817548509	0.363636363636	0.133333333333	0.833333333333	0.275229357798	0.0779816513761	2101.0	2.1492941404	5.0	0.0
CsaraA	ATA	I	L	0.0	0.0907817548509	0.5	0.0692307692308	0.884615384615	0.596330275229	0.0779816513761	2101.0	1.99171081866	4.0	0.0
CsuavA	ATT	I	L	0.0	0.960152621969	0.583333333333	0.0981595092025	0.834355828221	0.761682242991	0.0934579439252	2101.0	1.99978635522	5.0	0.0
CsuavA	ATC	I	L	0.0	0.960152621969	0.25	0.0740740740741	0.888888888889	0.126168224299	0.0934579439252	2101.0	2.1092469762	7.0	0.0
CsuavA	ATA	I	L	0.0	0.960152621969	0.25	0.0833333333333	0.833333333333	0.11214953271	0.0934579439252	2101.0	1.91416535018	4.0	0.0
PkluyA	ATC	I	L	0.0	0.640347117906	0.2	0.25	0.75	0.0416666666667	0.145833333333	2101.0	2.41492146597	7.0	0.0
PkluyA	ATA	I	L	0.0	0.640347117906	0.666666666667	0.142857142857	0.752747252747	0.947916666667	0.145833333333	2101.0	2.09012795945	4.0	0.0
PcanaA	ATT	I	L	0.0	0.521183948929	0.3	0.0823529411765	0.870588235294	0.395348837209	0.106976744186	2101.0	2.04269954575	5.0	0.0
PcanaA	ATC	I	L	0.0	0.521183948929	0.2	0.0909090909091	0.909090909091	0.0511627906977	0.106976744186	2101.0	2.11866028708	7.0	0.0
PcanaA	ATA	I	L	0.0	0.521183948929	0.545454545455	0.126050420168	0.789915966387	0.553488372093	0.106976744186	2101.0	2.00407207574	4.0	0.0
YlipoB	ATT	I	L	0.0	0.51919017311	0.545454545455	0.1	0.857142857143	0.357142857143	0.122448979592	2100.0	2.10819345189	5.0	0.0
YlipoB	ATC	I	L	0.0	0.51919017311	0.571428571429	0.136363636364	0.659090909091	0.224489795918	0.122448979592	2100.0	1.96432818074	7.0	0.0
YlipoB	ATA	I	L	0.0	0.51919017311	0.636363636364	0.134146341463	0.756097560976	0.418367346939	0.122448979592	2100.0	1.9655371305	4.0	0.0
YlipoA	ATT	I	L	0.0	0.593167798383	0.545454545455	0.101449275362	0.855072463768	0.352040816327	0.122448979592	2100.0	2.11001007726	5.0	0.0
YlipoA	ATC	I	L	0.0	0.593167798383	0.571428571429	0.136363636364	0.659090909091	0.224489795918	0.122448979592	2100.0	1.96432818074	7.0	0.0
YlipoA	ATA	I	L	0.0	0.593167798383	0.636363636364	0.132530120482	0.759036144578	0.423469387755	0.122448979592	2100.0	1.96527579308	4.0	0.0
CjadiA	ATT	I	L	0.0	0.240464800799	0.583333333333	0.0810810810811	0.864864864865	0.889423076923	0.0865384615385	2100.0	2.03746487668	5.0	0.0
CjadiA	ATC	I	L	0.0	0.240464800799	0.166666666667	0.0666666666667	0.866666666667	0.0721153846154	0.0865384615385	2100.0	1.89591836735	7.0	0.0
CjadiA	ATA	I	L	0.0	0.240464800799	0.4	0.25	0.75	0.0384615384615	0.0865384615385	2100.0	2.31666666667	4.0	0.0
AgossB	ATT	I	L	0.0	4.98549752354e-09	0.857142857143	0.0753424657534	0.828767123288	0.760416666667	0.125	1456.0	1.96114245416	5.0	0.0
AgossB	ATA	I	L	0.0	4.98549752354e-09	0.833333333333	0.295454545455	0.113636363636	0.229166666667	0.125	1456.0	2.11470520762	4.0	1.0
NdelpA	ATT	I	L	0.0	0.8189535345	0.714285714286	0.0902255639098	0.842105263158	0.91095890411	0.0890410958904	1439.0	2.03620955316	5.0	0.0
NdelpA	ATC	I	L	0.0	0.8189535345	0.142857142857	0.0909090909091	0.909090909091	0.0753424657534	0.0890410958904	1439.0	2.04257332072	7.0	0.0
LelonA	ATT	I	L	0.0	0.627691690507	0.333333333333	0.0681818181818	0.829545454545	0.411214953271	0.0654205607477	2101.0	1.95041427661	5.0	0.0
LelonA	ATC	I	L	0.0	0.627691690507	0.222222222222	0.037037037037	0.925925925926	0.252336448598	0.0654205607477	2101.0	2.01212482608	7.0	0.0
LelonA	ATA	I	L	0.0	0.627691690507	0.454545454545	0.0833333333333	0.875	0.336448598131	0.0654205607477	2101.0	1.96376340591	4.0	0.0
LkluyF	ATT	I	L	0.0	0.20937528612	0.571428571429	0.0787401574803	0.905511811024	0.962121212121	0.0833333333333	1456.0	2.07309776017	5.0	0.0
LkluyF	ATC	I	L	0.0	0.20937528612	0.25	0.2	0.8	0.0378787878788	0.0833333333333	1456.0	2.3849287169	7.0	0.0
CalimA	ATT	I	L	0.0	0.105639142457	0.454545454545	0.0740740740741	0.83950617284	0.415384615385	0.117948717949	2100.0	2.01650305876	5.0	0.0
CalimA	ATC	I	L	0.0	0.105639142457	0.4	0.1	0.78	0.25641025641	0.117948717949	2100.0	1.98646075735	7.0	0.0
CalimA	ATA	I	L	0.0	0.105639142457	0.818181818182	0.1875	0.71875	0.328205128205	0.117948717949	2100.0	2.10791502162	4.0	0.0
BcaliA	ATT	I	L	0.0	0.784480851777	0.5	0.07	0.85	0.45871559633	0.0596330275229	2101.0	1.89617124572	5.0	0.0
BcaliA	ATA	I	L	0.0	0.784480851777	0.363636363636	0.0545454545455	0.854545454545	0.504587155963	0.0596330275229	2101.0	1.93532776067	4.0	0.0
SoctoA	ATT	I	L	0.0	0.586457230879	1.0	0.130434782609	0.6	0.827338129496	0.129496402878	1454.0	1.72961871596	5.0	0.0
SoctoA	ATC	I	L	0.0	0.586457230879	0.5	0.125	0.458333333333	0.172661870504	0.129496402878	1454.0	1.74883523931	7.0	0.0
LkluyB	ATT	I	L	0.0	0.618951612903	1.0	0.129032258065	0.838709677419	0.939393939394	0.121212121212	442.0	2.05358821686	5.0	0.0
CdefoA	ATT	I	L	0.0	0.249165208806	0.545454545455	0.0789473684211	0.855263157895	0.39378238342	0.119170984456	2100.0	2.05718725719	5.0	0.0
CdefoA	ATC	I	L	0.0	0.249165208806	0.5	0.146341463415	0.707317073171	0.212435233161	0.119170984456	2100.0	2.06303580434	7.0	0.0
CdefoA	ATA	I	L	0.0	0.249165208806	0.636363636364	0.144736842105	0.736842105263	0.39378238342	0.119170984456	2100.0	1.9570191713	4.0	0.0
LdasiA	ATT	I	L	0.0	0.392753002971	0.428571428571	0.072	0.904	0.912408759124	0.0729927007299	1456.0	2.05034850349	5.0	0.0
LdasiA	ATC	I	L	0.0	0.392753002971	0.166666666667	0.0833333333333	0.833333333333	0.0875912408759	0.0729927007299	1456.0	2.07972270364	7.0	0.0
CpseuA	ATT	I	L	0.0	0.89607767673	1.0	0.0833333333333	0.666666666667	0.545454545455	0.0909090909091	442.0	1.77773279352	5.0	0.0
CpseuA	ATC	I	L	0.0	0.89607767673	1.0	0.111111111111	0.888888888889	0.204545454545	0.0909090909091	442.0	1.95469255663	7.0	0.0
CpseuA	ATA	I	L	0.0	0.89607767673	1.0	0.0909090909091	0.545454545455	0.25	0.0909090909091	442.0	1.57180851064	4.0	0.0
LkluyE	ATT	I	L	0.0	0.710351453425	0.571428571429	0.088	0.896	0.954198473282	0.0839694656489	1456.0	2.07834441981	5.0	0.0
LkluyD	ATT	I	L	0.0	0.100279662822	0.571428571429	0.0737704918033	0.909836065574	0.931297709924	0.0839694656489	1456.0	2.0633678364	5.0	0.0
LkluyD	ATC	I	L	0.0	0.100279662822	0.4	0.222222222222	0.777777777778	0.0687022900763	0.0839694656489	1456.0	2.39817974972	7.0	0.0
LkluyC	ATT	I	L	0.0	0.20937528612	0.571428571429	0.0787401574803	0.905511811024	0.962121212121	0.0833333333333	1456.0	2.07309776017	5.0	0.0
LkluyC	ATC	I	L	0.0	0.20937528612	0.25	0.2	0.8	0.0378787878788	0.0833333333333	1456.0	2.3849287169	7.0	0.0
CvartA	ATT	I	L	0.0	0.00516055250248	0.5	0.0545454545455	0.878787878788	0.797101449275	0.0869565217391	2101.0	1.95328187965	5.0	0.0
CvartA	ATC	I	L	0.0	0.00516055250248	0.375	0.230769230769	0.769230769231	0.0628019323671	0.0869565217391	2101.0	2.36127409891	7.0	0.0
CvartA	ATA	I	L	0.0	0.00516055250248	0.375	0.206896551724	0.724137931034	0.140096618357	0.0869565217391	2101.0	2.10600375235	4.0	0.0
LkluyA	ATT	I	L	0.0	0.20937528612	0.571428571429	0.0787401574803	0.905511811024	0.962121212121	0.0833333333333	1456.0	2.07309776017	5.0	0.0
LkluyA	ATC	I	L	0.0	0.20937528612	0.25	0.2	0.8	0.0378787878788	0.0833333333333	1456.0	2.3849287169	7.0	0.0
CorthB	ATT	I	L	0.0	0.163075835179	0.416666666667	0.036231884058	0.920289855072	0.663461538462	0.0384615384615	2101.0	1.96105578496	5.0	0.0
CorthB	ATC	I	L	0.0	0.163075835179	0.222222222222	0.0857142857143	0.885714285714	0.168269230769	0.0384615384615	2101.0	2.01997578692	7.0	0.0
CorthC	ATT	I	L	0.0	0.117822753647	0.416666666667	0.0357142857143	0.921428571429	0.673076923077	0.0384615384615	2101.0	1.95874810862	5.0	0.0
CorthC	ATC	I	L	0.0	0.117822753647	0.222222222222	0.0909090909091	0.878787878788	0.158653846154	0.0384615384615	2101.0	2.03558718861	7.0	0.0
CorthA	ATT	I	L	0.0	0.129792072937	0.416666666667	0.036231884058	0.920289855072	0.663461538462	0.0384615384615	2101.0	1.95765182186	5.0	0.0
CorthA	ATC	I	L	0.0	0.129792072937	0.222222222222	0.0882352941176	0.882352941176	0.163461538462	0.0384615384615	2101.0	2.01573588399	7.0	0.0
ClusiA	ATT	I	L	0.0	0.480918535176	0.3	0.103448275862	0.827586206897	0.142156862745	0.0735294117647	2101.0	2.02629482072	5.0	0.0
ClusiA	ATA	I	L	0.0	0.480918535176	0.5	0.0697674418605	0.895348837209	0.843137254902	0.0735294117647	2101.0	2.00414582785	4.0	0.0
MguilA	ATT	I	L	0.0	0.0905000700333	0.1	0.0408163265306	0.897959183673	0.231132075472	0.0660377358491	2101.0	1.88103677448	5.0	0.0
MguilA	ATC	I	L	0.0	0.0905000700333	0.333333333333	0.230769230769	0.769230769231	0.061320754717	0.0660377358491	2101.0	2.41835834069	7.0	0.0
MguilA	ATA	I	L	0.0	0.0905000700333	0.5	0.06	0.893333333333	0.707547169811	0.0660377358491	2101.0	1.981628297	4.0	0.0
WmucoA	ATT	I	L	0.0	0.486749443164	0.5	0.0878378378378	0.851351351351	0.701421800948	0.0900473933649	2101.0	1.98978486302	5.0	0.0
WmucoA	ATC	I	L	0.0	0.486749443164	0.285714285714	0.0606060606061	0.848484848485	0.156398104265	0.0900473933649	2101.0	1.9322721598	7.0	0.0
WmucoA	ATA	I	L	0.0	0.486749443164	0.6	0.133333333333	0.7	0.142180094787	0.0900473933649	2101.0	1.83850604945	4.0	0.0
ScereC	ATT	I	L	0.0	0.878233466113	0.714285714286	0.107438016529	0.851239669421	0.840277777778	0.104166666667	1456.0	2.09156361172	5.0	0.0
ScereC	ATC	I	L	0.0	0.878233466113	0.333333333333	0.111111111111	0.888888888889	0.125	0.104166666667	1456.0	2.19277108434	7.0	0.0
ScereA	ATT	I	L	0.0	0.874284986089	0.714285714286	0.100840336134	0.857142857143	0.838028169014	0.0915492957746	1456.0	2.08506241929	5.0	0.0
ScereA	ATC	I	L	0.0	0.874284986089	0.142857142857	0.0555555555556	0.944444444444	0.12676056338	0.0915492957746	1456.0	2.11527377522	7.0	0.0
ScereD	ATT	I	L	0.0	0.653070219316	0.714285714286	0.104347826087	0.852173913043	0.80985915493	0.0915492957746	1456.0	2.08792873051	5.0	0.0
ScereD	ATC	I	L	0.0	0.653070219316	0.142857142857	0.0454545454545	0.954545454545	0.154929577465	0.0915492957746	1456.0	2.09458823529	7.0	0.0
ScereE	ATT	I	L	0.0	0.426618259411	0.714285714286	0.101694915254	0.85593220339	0.825174825175	0.104895104895	1456.0	2.0820085136	5.0	0.0
ScereE	ATC	I	L	0.0	0.426618259411	0.4	0.1	0.9	0.13986013986	0.104895104895	1456.0	2.19001029866	7.0	0.0
ScereE	ATA	I	L	0.0	0.426618259411	0.333333333333	0.2	0.4	0.034965034965	0.104895104895	1456.0	2.34937238494	4.0	0.0
DhansA	ATT	I	L	0.0	0.952185245945	0.363636363636	0.08	0.9	0.243902439024	0.0731707317073	2101.0	2.08012290239	5.0	0.0
DhansA	ATA	I	L	0.0	0.952185245945	0.454545454545	0.0763888888889	0.854166666667	0.70243902439	0.0731707317073	2101.0	1.92196644557	4.0	0.0
CsalmA	ATT	I	L	0.0	0.842828621059	0.833333333333	0.145569620253	0.664556962025	0.702222222222	0.151111111111	2098.0	1.87692196113	5.0	0.0
CsalmA	ATC	I	L	0.0	0.842828621059	0.142857142857	0.1	0.6	0.0444444444444	0.151111111111	2098.0	1.34602076125	7.0	0.0
CsalmA	ATA	I	L	0.0	0.842828621059	0.777777777778	0.175438596491	0.631578947368	0.253333333333	0.151111111111	2098.0	2.01532996822	4.0	0.0
LnothA	ATT	I	L	0.0	0.390098157171	0.571428571429	0.0703125	0.890625	0.920863309353	0.0719424460432	1456.0	2.03534503486	5.0	0.0
LnothA	ATC	I	L	0.0	0.390098157171	0.2	0.0909090909091	0.909090909091	0.0791366906475	0.0719424460432	1456.0	2.17740429505	7.0	0.0
BcustA	ATT	I	L	0.0	0.680952252699	0.416666666667	0.11320754717	0.867924528302	0.270408163265	0.127551020408	2101.0	2.12683982684	5.0	0.0
BcustA	ATC	I	L	0.0	0.680952252699	0.166666666667	0.142857142857	0.714285714286	0.0357142857143	0.127551020408	2101.0	1.49373040752	7.0	0.0
BcustA	ATA	I	L	0.0	0.680952252699	0.666666666667	0.132352941176	0.720588235294	0.69387755102	0.127551020408	2101.0	1.99208704253	4.0	0.0
CtheaA	ATT	I	L	0.0	0.736813336484	0.333333333333	0.0338983050847	0.923728813559	0.572815533981	0.0388349514563	2101.0	1.96226240148	5.0	0.0
CtheaA	ATC	I	L	0.0	0.736813336484	0.222222222222	0.0625	0.90625	0.155339805825	0.0388349514563	2101.0	2.02258726899	7.0	0.0
CtheaA	ATA	I	L	0.0	0.736813336484	0.111111111111	0.0357142857143	0.946428571429	0.271844660194	0.0388349514563	2101.0	1.92323097463	4.0	0.0
AgossA	ATT	I	L	0.0	1.69284747279e-08	0.857142857143	0.0748299319728	0.829931972789	0.777777777778	0.121693121693	1456.0	1.95986270664	5.0	0.0
AgossA	ATA	I	L	0.0	1.69284747279e-08	0.833333333333	0.292682926829	0.121951219512	0.216931216931	0.121693121693	1456.0	2.0749754179	4.0	1.0
MingeA	ATT	I	L	0.0	0.22538239039	0.636363636364	0.0833333333333	0.821428571429	0.380090497738	0.122171945701	2101.0	2.01440474509	5.0	0.0
MingeA	ATA	I	L	0.0	0.22538239039	0.833333333333	0.152671755725	0.740458015267	0.592760180995	0.122171945701	2101.0	2.01667818873	4.0	0.0
ScastA	ATT	I	L	0.0	0.00022473853638	0.571428571429	0.093023255814	0.837209302326	0.811320754717	0.119496855346	1456.0	2.00765001195	5.0	0.0
ScastA	ATC	I	L	0.0	0.00022473853638	0.25	0.2	0.8	0.0314465408805	0.119496855346	1456.0	2.41563786008	7.0	0.0
ScastA	ATA	I	L	0.0	0.00022473853638	0.6	0.24	0.12	0.157232704403	0.119496855346	1456.0	1.72768408063	4.0	0.0
CmaltA	ATT	I	L	0.0	0.735923308235	0.4	0.0779220779221	0.87012987013	0.368421052632	0.0622009569378	2101.0	2.05248855835	5.0	0.0
CmaltA	ATA	I	L	0.0	0.735923308235	0.416666666667	0.0573770491803	0.893442622951	0.583732057416	0.0622009569378	2101.0	1.95329901731	4.0	0.0
CbohiA	ATT	I	L	0.0	0.914777630737	0.333333333333	0.0666666666667	0.9	0.434782608696	0.0628019323671	2101.0	1.97097223983	5.0	0.0
CbohiA	ATA	I	L	0.0	0.914777630737	0.5	0.0625	0.857142857143	0.541062801932	0.0628019323671	2101.0	1.86033407124	4.0	0.0

### Alignment improvement:
ATA	Leu	3.17e-02
