### Random Forest prediction
genome	codon	ori_aa	rea_aa	fitch	Fisher_pval	Gene_frac	N._rea	N._used	Cod._count	Sub._count	G._len	codon_lik	id	prediction	probability
LmeyeA	AAT	N	G	0.0	0.548076923077	0.166666666667	0.02	0.92	0.909090909091	0.0181818181818	1429.0	-0.158718046547	1.0	0.0	0.0
SpombA	AAT	N	G	0.0	0.544444444444	0.5	0.0689655172414	0.689655172414	0.878787878788	0.0606060606061	1424.0	-0.0374155266194	1.0	0.0	0.0
WmucoA	AAC	N	G	0.0	0.161971830986	0.125	0.04	0.88	0.294117647059	0.0117647058824	2246.0	-0.143407864302	3.0	0.0	0.0
AacerA	AAT	N	G	0.0	0.52380952381	0.5	0.047619047619	0.904761904762	0.954545454545	0.0454545454545	630.0	-0.126532399299	1.0	0.0	0.013
CgallA	AAT	N	G	0.0	0.728260869565	0.153846153846	0.0322580645161	0.790322580645	0.738095238095	0.0238095238095	2247.0	-0.111635220126	1.0	0.0	0.0
CsantA	AAT	N	G	0.0	0.477343332699	0.25	0.0545454545455	0.8	0.654761904762	0.0595238095238	2220.0	0.0065489184362	1.0	0.0	0.0
CsantA	AAC	N	G	0.0	0.477343332699	0.222222222222	0.0689655172414	0.655172413793	0.345238095238	0.0595238095238	2220.0	-0.0182534001432	3.0	0.0	0.0
WpijpA	AAC	N	G	0.0	0.632653061225	0.142857142857	0.027027027027	0.945945945946	0.711538461538	0.0192307692308	1429.0	-0.0582924941965	3.0	0.0	0.0
BarxA	AAT	N	G	0.0	0.649122807018	1.0	0.111111111111	0.777777777778	0.857142857143	0.0952380952381	434.0	0.30303030303	1.0	0.0	0.038
CsubhA	AAC	N	G	0.0	0.514925373134	0.0909090909091	0.0149253731343	0.955223880597	0.971014492754	0.0144927536232	2244.0	-0.107320099256	3.0	0.0	0.0
CsubhB	AAC	N	G	0.0	0.514925373134	0.0909090909091	0.0149253731343	0.955223880597	0.971014492754	0.0144927536232	2244.0	-0.107320099256	3.0	0.0	0.0
OanguA	AAT	N	G	0.0	0.283911325724	0.166666666667	0.0294117647059	0.779411764706	0.809523809524	0.0357142857143	2248.0	-0.162518066485	1.0	0.0	0.0
OanguA	AAC	N	G	0.0	0.283911325724	0.166666666667	0.0625	0.75	0.190476190476	0.0357142857143	2248.0	0.152542372881	3.0	0.0	0.0
CalaiA	AAT	N	G	0.0	0.543459174715	0.2	0.0285714285714	0.9	0.958904109589	0.027397260274	2056.0	-0.0315070619277	1.0	0.0	0.0
KtherA	AAC	N	G	0.0	0.0769230769231	0.25	0.125	0.875	0.145454545455	0.0181818181818	1429.0	0.3243873979	3.0	0.0	0.0
CblacA	AAT	N	G	0.0	0.602339181287	1.0	0.117647058824	0.882352941176	0.894736842105	0.105263157895	434.0	0.388770053476	1.0	0.0	0.038
CnorvA	AAT	N	G	0.0	0.540525114155	0.153846153846	0.0224719101124	0.76404494382	0.967391304348	0.0217391304348	2249.0	-0.363433943592	1.0	0.0	0.0
MstarA	AAT	N	G	0.0	0.507352941176	0.0833333333333	0.0126582278481	0.835443037975	0.975308641975	0.0123456790123	2249.0	-0.217875577289	1.0	0.0	0.0
NbaciA	AAT	N	G	0.0	0.549019607843	0.142857142857	0.0196078431373	0.882352941176	0.910714285714	0.0178571428571	1428.0	-0.119626168224	1.0	0.0	0.0
MfariA	AAT	N	G	0.0	0.623287671233	0.0833333333333	0.0175438596491	0.947368421053	0.730769230769	0.0128205128205	2248.0	-0.0190548780488	1.0	0.0	0.0
MfariB	AAT	N	G	0.0	0.605263157895	0.0909090909091	0.0153846153846	0.907692307692	0.802469135802	0.0123456790123	2250.0	-0.141129700182	1.0	0.0	0.0
LanspB	AAT	N	G	0.0	0.548076923077	0.166666666667	0.02	0.92	0.909090909091	0.0181818181818	1429.0	-0.159649457039	1.0	0.0	0.0
CphanA	AAT	N	G	0.0	0.264705882353	0.0769230769231	0.015625	0.765625	0.761904761905	0.0238095238095	2247.0	-0.223637289862	1.0	0.0	0.0
CphanA	AAC	N	G	0.0	0.264705882353	0.142857142857	0.05	0.85	0.238095238095	0.0238095238095	2247.0	0.0557749259625	3.0	0.0	0.0
ScryoA	AAT	N	G	0.0	0.416490486258	0.166666666667	0.0243902439024	0.658536585366	0.621212121212	0.0454545454545	1424.0	-0.384039316639	1.0	0.0	0.0
ScryoA	AAC	N	G	0.0	0.416490486258	0.285714285714	0.08	0.56	0.378787878788	0.0454545454545	1424.0	-0.0976353928299	3.0	0.0	0.0
CsakeA	AAT	N	G	0.0	0.635087719298	0.0833333333333	0.0298507462687	0.940298507463	0.858974358974	0.025641025641	2207.0	0.0257428889242	1.0	0.0	0.0
HuvarA	AAT	N	G	0.0	0.811051115646	0.333333333333	0.0689655172414	0.586206896552	0.453125	0.0625	1361.0	-0.690089492874	1.0	0.0	0.0
HuvarA	AAC	N	G	0.0	0.811051115646	0.333333333333	0.0571428571429	0.657142857143	0.546875	0.0625	1361.0	-0.403375068046	3.0	0.0	0.0
CjiufA	AAT	N	G	0.0	0.68	0.1	0.02	0.94	0.649350649351	0.012987012987	2231.0	-0.102429415627	1.0	0.0	0.0
CzempA	AAT	N	G	0.0	0.00101542248954	0.428571428571	0.046875	0.703125	1.0	0.046875	1428.0	-0.170903110048	1.0	0.0	0.016
SjapoA	AAT	N	G	0.0	0.698978919631	0.571428571429	0.1	0.514285714286	0.958904109589	0.0958904109589	1423.0	-0.0400054802028	1.0	0.0	0.0
CsaraA	AAT	N	G	0.0	0.590707145502	0.166666666667	0.0281690140845	0.915492957746	0.910256410256	0.025641025641	2249.0	-0.0491459394666	1.0	0.0	0.0
CsuavA	AAC	N	G	0.0	0.150684931507	0.111111111111	0.0434782608696	0.913043478261	0.258426966292	0.0112359550562	2250.0	0.042027729636	3.0	0.0	0.0
PkluyA	AAT	N	G	0.0	0.774922180541	0.181818181818	0.0357142857143	0.821428571429	0.691358024691	0.037037037037	2247.0	-0.108773322747	1.0	0.0	0.0
PkluyA	AAC	N	G	0.0	0.774922180541	0.111111111111	0.04	0.76	0.308641975309	0.037037037037	2247.0	-0.0226262626263	3.0	0.0	0.0
PcanaA	AAT	N	G	0.0	0.535714285714	0.0833333333333	0.0120481927711	0.771084337349	0.943181818182	0.0113636363636	2250.0	-0.368947579032	1.0	0.0	0.0
YlipoB	AAT	N	G	0.0	0.708955223881	0.153846153846	0.0327868852459	0.819672131148	0.743902439024	0.0243902439024	2247.0	-0.10674652105	1.0	0.0	0.0
YlipoA	AAT	N	G	0.0	0.708955223881	0.153846153846	0.0327868852459	0.819672131148	0.743902439024	0.0243902439024	2247.0	-0.10674652105	1.0	0.0	0.0
CjadiA	AAT	N	G	0.0	0.232876712329	0.0833333333333	0.0142857142857	0.785714285714	0.795454545455	0.0227272727273	2250.0	-0.33982753114	1.0	0.0	0.0
CjadiA	AAC	N	G	0.0	0.232876712329	0.125	0.0555555555556	0.888888888889	0.204545454545	0.0227272727273	2250.0	0.0391061452514	3.0	0.0	0.0
AgossB	AAT	N	G	0.0	0.521276595745	0.142857142857	0.0196078431373	0.862745098039	0.962264150943	0.0188679245283	1427.0	-0.175801640567	1.0	0.0	0.0
LelonA	AAT	N	G	0.0	0.695652173913	0.1	0.0212765957447	0.872340425532	0.635135135135	0.0135135135135	2249.0	-0.119205298013	1.0	0.0	0.0
CalimA	AAT	N	G	0.0	0.695012787724	0.166666666667	0.0307692307692	0.8	0.77380952381	0.0238095238095	2247.0	-0.123623212231	1.0	0.0	0.0
BcaliA	AAT	N	G	0.0	0.566590563166	0.166666666667	0.0229885057471	0.758620689655	0.945652173913	0.0217391304348	2250.0	-0.349373179688	1.0	0.0	0.0
SoctoA	AAT	N	G	0.0	0.710720363018	0.5	0.0566037735849	0.622641509434	0.815384615385	0.0461538461538	1425.0	-0.271709694891	1.0	0.0	0.0
CvartA	AAT	N	G	0.0	0.674467275495	0.181818181818	0.0266666666667	0.76	0.842696629213	0.0224719101124	2250.0	-0.295299984887	1.0	0.0	0.0
CdefoA	AAT	N	G	0.0	0.749360613811	0.153846153846	0.0322580645161	0.758064516129	0.720930232558	0.0232558139535	2247.0	-0.191564147627	1.0	0.0	0.0
LdasiA	AAC	N	G	0.0	0.0865384615385	0.25	0.111111111111	0.888888888889	0.163636363636	0.0181818181818	1429.0	0.340336134454	3.0	0.0	0.0
MguilA	AAT	N	G	0.0	0.594594594595	0.0909090909091	0.016393442623	0.967213114754	0.802631578947	0.0131578947368	2250.0	-0.033538191396	1.0	0.0	0.0
DhansA	AAT	N	G	0.0	0.638888888889	0.0909090909091	0.0185185185185	0.944444444444	0.72	0.0133333333333	2250.0	-0.0494853523357	1.0	0.0	0.0
CsalmA	AAT	N	G	0.0	0.59806844698	0.3	0.04	0.68	0.949367088608	0.0379746835443	2153.0	-0.209883555808	1.0	0.0	0.0
LnothA	AAC	N	G	0.0	0.0673076923077	0.25	0.142857142857	0.857142857143	0.127272727273	0.0181818181818	1429.0	0.445964432285	3.0	0.0	0.0
BcustA	AAT	N	G	0.0	0.588701923077	0.181818181818	0.0294117647059	0.838235294118	0.918918918919	0.027027027027	2247.0	-0.0636363636364	1.0	0.0	0.0
AgossA	AAT	N	G	0.0	0.521276595745	0.142857142857	0.0196078431373	0.862745098039	0.962264150943	0.0188679245283	1427.0	-0.175801640567	1.0	0.0	0.0
MingeA	AAT	N	G	0.0	0.535714285714	0.0833333333333	0.0125	0.8	0.941176470588	0.0117647058824	2249.0	-0.295402453822	1.0	0.0	0.0