### Random Forest prediction
genome	codon	ori_aa	rea_aa	fitch	Fisher_pval	Gene_frac	N._rea	N._used	Cod._count	Sub._count	G._len	codon_lik	id	prediction	probability
CgallA	TTA	L	S	0.0	0.165963322926	0.0769230769231	0.00320512820513	0.842948717949	0.901734104046	0.00578034682081	2247.0	-1.9192770654	20.0	0.0	0.0
CgallA	CTA	L	S	0.0	0.165963322926	0.111111111111	0.0833333333333	0.833333333333	0.0346820809249	0.00578034682081	2247.0	-1.47416413374	52.0	0.0	0.0
CsantA	CTA	L	S	0.0	0.82505191465	0.153846153846	0.0104712041885	0.795811518325	0.595015576324	0.00623052959502	2220.0	-1.79245496131	52.0	0.0	0.0
SarboA	CTT	L	S	0.0	0.00605213965179	1.0	0.5	0.0	0.00961538461538	0.00961538461538	1429.0	0.334951456311	53.0	0.0	0.061
SarboA	TTA	L	S	0.0	0.00605213965179	0.142857142857	0.00520833333333	0.90625	0.923076923077	0.00961538461538	1429.0	-1.89664134346	20.0	0.0	0.001
MstarA	TTA	L	S	0.0	0.493103448276	0.0769230769231	0.003003003003	0.855855855856	0.988130563798	0.00296735905045	2249.0	-1.89084648302	20.0	0.0	0.0
NbaciA	CTA	L	S	0.0	0.00287356321839	0.25	0.125	0.0	0.0408163265306	0.00510204081633	1428.0	0.544685990338	52.0	0.0	0.001
CphanA	TTA	L	S	0.0	0.522033733285	0.0769230769231	0.003003003003	0.843843843844	0.956896551724	0.00287356321839	2247.0	-1.91890266315	20.0	0.0	0.0
HuvarA	CTG	L	S	8.0	0.0249559575768	0.5	0.333333333333	0.0	0.0144927536232	0.00966183574879	1361.0	1.52848101266	54.0	0.0	0.072
HuvarA	TTA	L	S	8.0	0.0249559575768	0.166666666667	0.00602409638554	0.734939759036	0.80193236715	0.00966183574879	1361.0	-1.81746215185	20.0	0.0	0.055
PpastA	TTA	L	S	0.0	0.506493336108	0.0769230769231	0.00294985250737	0.893805309735	0.985465116279	0.00290697674419	2248.0	-1.89875798554	20.0	0.0	0.0
MmagnB	CTG	L	S	0.0	0.213541634899	0.0833333333333	0.0161290322581	0.838709677419	0.185628742515	0.00299401197605	2249.0	-1.82097436901	54.0	0.0	0.0
MmagnA	CTG	L	S	0.0	0.208333300966	0.0769230769231	0.015873015873	0.84126984127	0.188622754491	0.00299401197605	2249.0	-1.82471264368	54.0	0.0	0.0
MtetrA	CTG	L	S	0.0	0.816433503057	0.0833333333333	0.00806451612903	0.838709677419	0.369047619048	0.00297619047619	2248.0	-1.88770359082	54.0	0.0	0.0
YlipoB	TTA	L	S	0.0	0.545918210573	0.0769230769231	0.00315457413249	0.839116719243	0.916184971098	0.0028901734104	2247.0	-1.91437672839	20.0	0.0	0.0
YlipoA	TTA	L	S	0.0	0.545918210573	0.0769230769231	0.00315457413249	0.839116719243	0.916184971098	0.0028901734104	2247.0	-1.91437672839	20.0	0.0	0.0
AgossB	CTA	L	S	0.0	0.0142857113264	0.2	0.0416666666667	0.0833333333333	0.104347826087	0.00434782608696	1427.0	0.433858267717	52.0	0.0	0.0
CalimA	TTA	L	S	0.0	0.53061208284	0.0769230769231	0.00308641975309	0.848765432099	0.936416184971	0.0028901734104	2247.0	-1.91592721748	20.0	0.0	0.0
CdefoA	TTA	L	S	0.0	0.544067639198	0.0769230769231	0.00314465408805	0.842767295597	0.916426512968	0.0028818443804	2247.0	-1.9143846396	20.0	0.0	0.0
SpastA	TTA	L	S	0.0	0.505617977528	0.142857142857	0.00512820512821	0.897435897436	0.955882352941	0.00490196078431	1429.0	-1.88758736096	20.0	0.0	0.0
ScereC	TTA	L	S	0.0	0.508333163584	0.142857142857	0.00515463917526	0.907216494845	0.937198067633	0.0048309178744	1429.0	-1.89806113364	20.0	0.0	0.0
ScereA	TTA	L	S	0.0	0.508333163584	0.142857142857	0.00518134715026	0.911917098446	0.936893203883	0.00485436893204	1429.0	-1.89828486204	20.0	0.0	0.0
ScereD	CTT	L	S	0.0	0.016666664791	1.0	0.5	0.0	0.00956937799043	0.00956937799043	1429.0	0.334951456311	53.0	0.0	0.05
ScereD	TTA	L	S	0.0	0.016666664791	0.142857142857	0.00515463917526	0.907216494845	0.928229665072	0.00956937799043	1429.0	-1.89806113364	20.0	0.0	0.0
ScereE	CTT	L	S	0.0	0.00564763470058	1.0	0.5	0.0	0.00956937799043	0.00956937799043	1429.0	0.334951456311	53.0	0.0	0.061
ScereE	TTA	L	S	0.0	0.00564763470058	0.142857142857	0.00512820512821	0.907692307692	0.933014354067	0.00956937799043	1429.0	-1.89856784291	20.0	0.0	0.001
CsalmA	TTA	L	S	0.0	0.538306292211	0.0833333333333	0.00340136054422	0.775510204082	0.936305732484	0.0031847133758	2153.0	-1.82595925045	20.0	0.0	0.0
AgossA	CTA	L	S	0.0	0.0142857113264	0.2	0.0416666666667	0.0833333333333	0.104347826087	0.00434782608696	1427.0	0.433858267717	52.0	0.0	0.0
MingeA	TTA	L	S	0.0	0.494773519164	0.0769230769231	0.00298507462687	0.844776119403	0.991124260355	0.00295857988166	2249.0	-1.88104163211	20.0	0.0	0.0
ScastA	CTA	L	S	0.0	0.00294117647059	0.333333333333	0.2	0.0	0.025	0.005	1426.0	0.644612476371	52.0	0.0	0.003