### Random Forest prediction
genome	codon	ori_aa	rea_aa	fitch	Fisher_pval	Gene_frac	N._rea	N._used	Cod._count	Sub._count	G._len	codon_lik	id	prediction	probability
LmeyeA	ACA	T	L	0.0	0.631147540984	0.142857142857	0.0208333333333	0.916666666667	0.75	0.015625	1429.0	-0.868563414145	12.0	0.0	0.0
SpombA	ACA	T	L	0.0	0.166761182129	0.5	0.130434782609	0.565217391304	0.383333333333	0.0666666666667	1424.0	-0.0686233980984	12.0	0.0	0.0
SpombA	ACT	T	L	0.0	0.166761182129	0.166666666667	0.0277777777778	0.694444444444	0.6	0.0666666666667	1424.0	-0.814904492871	13.0	0.0	0.0
WmucoA	ACA	T	L	0.0	0.753872548414	0.0909090909091	0.0196078431373	0.843137254902	0.515151515152	0.020202020202	2246.0	-0.84719146366	12.0	0.0	0.0
WmucoA	ACT	T	L	0.0	0.753872548414	0.0909090909091	0.0212765957447	0.808510638298	0.474747474747	0.020202020202	2246.0	-0.967973231358	13.0	0.0	0.0
CgallA	ACA	T	L	0.0	0.299415237411	0.333333333333	0.0684931506849	0.643835616438	0.623931623932	0.0512820512821	2247.0	-0.736206896552	12.0	0.0	0.0
CgallA	ACT	T	L	0.0	0.299415237411	0.0909090909091	0.0227272727273	0.727272727273	0.376068376068	0.0512820512821	2247.0	-0.910201912859	13.0	0.0	0.0
CgigaA	ACC	T	L	0.0	0.586142290158	0.111111111111	0.046511627907	0.860465116279	0.447916666667	0.0208333333333	2002.0	-0.668520309478	15.0	0.0	0.0
CsantA	ACA	T	L	0.0	0.674460882409	0.307692307692	0.0892857142857	0.625	0.474576271186	0.0677966101695	2220.0	-0.680194174757	12.0	0.0	0.0
CsantA	ACT	T	L	0.0	0.674460882409	0.272727272727	0.0555555555556	0.685185185185	0.457627118644	0.0677966101695	2220.0	-0.56310880829	13.0	0.0	0.0
CtropB	ACT	T	L	0.0	0.34313719059	0.1	0.0238095238095	0.880952380952	0.392523364486	0.00934579439252	2250.0	-0.883785841157	13.0	0.0	0.0
CtropA	ACT	T	L	0.0	0.343137187205	0.1	0.0227272727273	0.886363636364	0.411214953271	0.00934579439252	2250.0	-0.878303030303	13.0	0.0	0.0
WpijpA	ACA	T	L	0.0	0.732768361582	0.142857142857	0.0408163265306	0.857142857143	0.720588235294	0.0294117647059	1429.0	-0.719249753208	12.0	0.0	0.0
BarxA	ACA	T	L	0.0	0.698529411765	1.0	0.0666666666667	0.533333333333	0.6	0.12	434.0	-0.717575757576	12.0	0.0	0.044
BarxA	ACT	T	L	0.0	0.698529411765	1.0	0.2	0.7	0.4	0.12	434.0	0.132969034608	13.0	0.0	0.053
CoxycA	ACA	T	L	0.0	0.763157812966	1.0	0.1	0.8	0.5	0.05	434.0	-0.322404371585	12.0	0.0	0.036
CsubhA	ACC	T	L	0.0	0.793814361803	0.111111111111	0.0212765957447	0.829787234043	0.427272727273	0.00909090909091	2244.0	-0.917257683215	15.0	0.0	0.0
CsubhB	ACC	T	L	0.0	0.793814361803	0.111111111111	0.0212765957447	0.829787234043	0.427272727273	0.00909090909091	2244.0	-0.917257683215	15.0	0.0	0.0
KtherA	ACT	T	L	0.0	0.166666666667	0.2	0.047619047619	0.904761904762	0.333333333333	0.015873015873	1429.0	-0.75668202765	13.0	0.0	0.0
CnorvA	ACA	T	L	0.0	0.719512098282	0.0909090909091	0.0178571428571	0.803571428571	0.549019607843	0.00980392156863	2249.0	-0.806888313757	12.0	0.0	0.0
CviswA	ACT	T	L	0.0	0.757425658824	0.0909090909091	0.0188679245283	0.905660377358	0.495327102804	0.00934579439252	2249.0	-0.832295641695	13.0	0.0	0.0
MstarA	ACA	T	L	0.0	0.479340406762	0.1	0.0181818181818	0.745454545455	0.5	0.0363636363636	2249.0	-1.01401958901	12.0	0.0	0.0
MstarA	ACT	T	L	0.0	0.479340406762	0.3	0.0545454545455	0.8	0.5	0.0363636363636	2249.0	-0.730691056911	13.0	0.0	0.0
CtetrA	ACT	T	L	0.0	0.294117569207	0.0909090909091	0.0212765957447	0.957446808511	0.443396226415	0.00943396226415	2249.0	-0.786318758815	13.0	0.0	0.0
CbohiA	ACT	T	L	0.0	0.217171717172	0.1	0.0222222222222	0.933333333333	0.436893203883	0.00970873786408	2250.0	-0.778921568627	13.0	0.0	0.0
LstarA	ACA	T	L	0.0	0.0568129824887	0.375	0.0810810810811	0.675675675676	0.393617021277	0.0531914893617	1834.0	-0.746219411603	12.0	0.0	0.0
LstarA	ACG	T	L	0.0	0.0568129824887	0.333333333333	0.333333333333	0.666666666667	0.031914893617	0.0531914893617	1834.0	0.904761904762	14.0	0.0	0.017
LstarA	ACT	T	L	0.0	0.0568129824887	0.125	0.0185185185185	0.777777777778	0.574468085106	0.0531914893617	1834.0	-0.806425540513	13.0	0.0	0.0
CcastA	ACA	T	L	0.0	0.749637155298	0.166666666667	0.0384615384615	0.846153846154	0.426229508197	0.0327868852459	1428.0	-0.860294117647	12.0	0.0	0.0
CcastA	ACT	T	L	0.0	0.749637155298	0.166666666667	0.0285714285714	0.828571428571	0.573770491803	0.0327868852459	1428.0	-0.688796680498	13.0	0.0	0.0
LanspB	ACA	T	L	0.0	0.65	0.142857142857	0.0222222222222	0.911111111111	0.714285714286	0.015873015873	1429.0	-0.86199530015	12.0	0.0	0.0
CphanA	ACA	T	L	0.0	0.246253305907	0.153846153846	0.0246913580247	0.679012345679	0.698275862069	0.0431034482759	2247.0	-0.810313315927	12.0	0.0	0.0
CphanA	ACT	T	L	0.0	0.246253305907	0.222222222222	0.0857142857143	0.685714285714	0.301724137931	0.0431034482759	2247.0	-0.916272788656	13.0	0.0	0.0
CsojaA	ACT	T	L	0.0	0.749999913687	0.125	0.025641025641	0.948717948718	0.493670886076	0.0126582278481	1498.0	-0.84298735666	13.0	0.0	0.0
CglabA	ACT	T	L	0.0	0.745901639344	0.2	0.03125	0.9375	0.463768115942	0.0144927536232	1413.0	-0.631594724221	13.0	0.0	0.0
ScryoA	ACA	T	L	0.0	0.455847436612	0.142857142857	0.0344827586207	0.620689655172	0.420289855072	0.0869565217391	1424.0	-0.613681427627	12.0	0.0	0.0
ScryoA	ACT	T	L	0.0	0.455847436612	0.5	0.135135135135	0.621621621622	0.536231884058	0.0869565217391	1424.0	-0.272562710111	13.0	0.0	0.0
CneerA	ACT	T	L	0.0	0.737113311299	0.0909090909091	0.0188679245283	0.943396226415	0.514563106796	0.00970873786408	2249.0	-0.81608264128	13.0	0.0	0.0
HuvarA	ACA	T	L	0.0	0.478840125392	0.2	0.047619047619	0.52380952381	0.362068965517	0.0862068965517	1361.0	-0.399907106363	12.0	0.0	0.0
HuvarA	ACT	T	L	0.0	0.478840125392	0.5	0.114285714286	0.485714285714	0.603448275862	0.0862068965517	1361.0	-0.266338528849	13.0	0.0	0.0
KlactA	ACA	T	L	0.0	0.666666666667	0.166666666667	0.0217391304348	0.891304347826	0.676470588235	0.0147058823529	1408.0	-0.766715573255	12.0	0.0	0.0
CzempA	ACA	T	L	0.0	0.81666660337	0.333333333333	0.0625	0.65625	0.484848484848	0.0454545454545	1428.0	-0.543046357616	12.0	0.0	0.0
CzempA	ACT	T	L	0.0	0.81666660337	0.2	0.030303030303	0.636363636364	0.5	0.0454545454545	1428.0	-0.708065458796	13.0	0.0	0.0
CfrijA	ACT	T	L	0.0	0.732323139907	0.1	0.0178571428571	0.928571428571	0.538461538462	0.00961538461538	2249.0	-0.894576012223	13.0	0.0	0.0
PpastA	ACA	T	L	0.0	0.593406593407	0.0833333333333	0.0114942528736	0.83908045977	0.81308411215	0.00934579439252	2248.0	-0.701352366642	12.0	0.0	0.0
SjapoA	ACT	T	L	0.0	0.752906891434	0.5	0.051724137931	0.551724137931	0.816901408451	0.0422535211268	1423.0	-0.637842323651	13.0	0.0	0.0
CalbiE	ACA	T	L	0.0	0.249999921907	0.25	0.05	0.9	0.444444444444	0.0222222222222	1183.0	-0.72373358349	12.0	0.0	0.0
CalbiD	ACA	T	L	0.0	0.229884990008	0.125	0.0285714285714	0.942857142857	0.384615384615	0.010989010989	2058.0	-0.791517323775	12.0	0.0	0.0
CalbiC	ACA	T	L	0.0	0.225490128382	0.111111111111	0.0243902439024	0.951219512195	0.38679245283	0.00943396226415	2250.0	-0.862462006079	12.0	0.0	0.0
CalbiB	ACA	T	L	0.0	0.225490128382	0.111111111111	0.0243902439024	0.951219512195	0.38679245283	0.00943396226415	2250.0	-0.862462006079	12.0	0.0	0.0
CalbiA	ACA	T	L	0.0	0.229884990008	0.125	0.0285714285714	0.942857142857	0.384615384615	0.010989010989	2058.0	-0.791517323775	12.0	0.0	0.0
MmagnB	ACA	T	L	0.0	0.805006104794	0.272727272727	0.0337078651685	0.730337078652	0.760683760684	0.034188034188	2249.0	-0.872168674699	12.0	0.0	0.0
MmagnB	ACT	T	L	0.0	0.805006104794	0.1	0.0384615384615	0.692307692308	0.222222222222	0.034188034188	2249.0	-0.727938011192	13.0	0.0	0.0
MmagnA	ACA	T	L	0.0	0.794743268204	0.272727272727	0.0333333333333	0.722222222222	0.769230769231	0.034188034188	2249.0	-0.877526753864	12.0	0.0	0.0
MmagnA	ACT	T	L	0.0	0.794743268204	0.1	0.0384615384615	0.730769230769	0.222222222222	0.034188034188	2249.0	-0.712010331468	13.0	0.0	0.0
CcoryA	ACA	T	L	0.0	0.249999920732	0.1	0.0212765957447	0.936170212766	0.460784313725	0.00980392156863	2250.0	-0.864551266872	12.0	0.0	0.0
MtetrA	ACA	T	L	0.0	0.925625396905	0.272727272727	0.047619047619	0.650793650794	0.533898305085	0.0338983050847	2248.0	-0.796371956202	12.0	0.0	0.0
MtetrA	ACT	T	L	0.0	0.925625396905	0.111111111111	0.0344827586207	0.827586206897	0.245762711864	0.0338983050847	2248.0	-0.874496889865	13.0	0.0	0.0
CsaraA	ACA	T	L	0.0	0.73762367179	0.0909090909091	0.0178571428571	0.928571428571	0.528301886792	0.00943396226415	2249.0	-0.9218870843	12.0	0.0	0.0
CsuavA	ACA	T	L	0.0	0.774281727815	0.0769230769231	0.015625	0.84375	0.64	0.02	2250.0	-0.855310753042	12.0	0.0	0.0
CsuavA	ACT	T	L	0.0	0.774281727815	0.111111111111	0.0285714285714	0.828571428571	0.35	0.02	2250.0	-1.0339869281	13.0	0.0	0.0
PkluyA	ACA	T	L	0.0	0.611851198388	0.181818181818	0.020202020202	0.808080808081	0.87610619469	0.0176991150442	2247.0	-0.693075754287	12.0	0.0	0.0
PcanaA	ACA	T	L	0.0	0.759663865546	0.0833333333333	0.0169491525424	0.864406779661	0.59	0.02	2250.0	-0.871140460468	12.0	0.0	0.0
PcanaA	ACT	T	L	0.0	0.759663865546	0.1	0.0243902439024	0.780487804878	0.41	0.02	2250.0	-0.90924002187	13.0	0.0	0.0
YlipoB	ACA	T	L	0.0	0.82200656077	0.166666666667	0.0428571428571	0.657142857143	0.598290598291	0.042735042735	2247.0	-0.89952880377	12.0	0.0	0.0
YlipoB	ACT	T	L	0.0	0.82200656077	0.181818181818	0.0425531914894	0.68085106383	0.401709401709	0.042735042735	2247.0	-0.802799903452	13.0	0.0	0.0
YlipoA	ACA	T	L	0.0	0.82200656077	0.166666666667	0.0428571428571	0.657142857143	0.598290598291	0.042735042735	2247.0	-0.89952880377	12.0	0.0	0.0
YlipoA	ACT	T	L	0.0	0.82200656077	0.181818181818	0.0425531914894	0.68085106383	0.401709401709	0.042735042735	2247.0	-0.802799903452	13.0	0.0	0.0
CjadiA	ACT	T	L	0.0	0.0505212510024	0.2	0.0571428571429	0.742857142857	0.346534653465	0.019801980198	2250.0	-0.69233278956	13.0	0.0	0.0
NdelpA	ACA	T	L	0.0	0.237288135593	0.142857142857	0.0294117647059	0.794117647059	0.492753623188	0.0144927536232	1412.0	-0.892290249433	12.0	0.0	0.0
CalimA	ACA	T	L	0.0	0.7982609144	0.25	0.047619047619	0.690476190476	0.730434782609	0.0434782608696	2247.0	-0.898769503996	12.0	0.0	0.0
CalimA	ACT	T	L	0.0	0.7982609144	0.1	0.0322580645161	0.645161290323	0.269565217391	0.0434782608696	2247.0	-0.652883156297	13.0	0.0	0.0
CchauA	ACT	T	L	0.0	0.257425670789	0.1	0.0238095238095	0.97619047619	0.396226415094	0.00943396226415	2250.0	-0.837449118046	13.0	0.0	0.0
BcaliA	ACA	T	L	0.0	0.746987951807	0.1	0.02	0.82	0.5	0.01	2250.0	-0.827867140171	12.0	0.0	0.0
SoctoA	ACA	T	L	0.0	0.860901654344	0.285714285714	0.0769230769231	0.692307692308	0.393939393939	0.0909090909091	1425.0	-0.524723247232	12.0	0.0	0.0
SoctoA	ACT	T	L	0.0	0.860901654344	0.5	0.102564102564	0.615384615385	0.590909090909	0.0909090909091	1425.0	-0.44319294809	13.0	0.0	0.0
CvartA	ACT	T	L	0.0	0.370588235294	0.2	0.0377358490566	0.77358490566	0.524752475248	0.019801980198	2250.0	-0.7920730442	13.0	0.0	0.0
CbuenA	ACT	T	L	0.0	0.64	0.0909090909091	0.012987012987	0.922077922078	0.706422018349	0.00917431192661	2248.0	-0.854285297124	13.0	0.0	0.0
CdefoA	ACA	T	L	0.0	0.841277537636	0.25	0.0512820512821	0.666666666667	0.661016949153	0.0508474576271	2247.0	-0.81861348528	12.0	0.0	0.0
CdefoA	ACT	T	L	0.0	0.841277537636	0.181818181818	0.0512820512821	0.666666666667	0.330508474576	0.0508474576271	2247.0	-0.77141151895	13.0	0.0	0.0
LdasiA	ACA	T	L	0.0	0.672131147541	0.142857142857	0.0232558139535	0.906976744186	0.671875	0.015625	1429.0	-0.894666369114	12.0	0.0	0.0
LkluyF	ACA	T	L	0.0	0.330327868852	0.285714285714	0.0487804878049	0.878048780488	0.630769230769	0.0307692307692	1429.0	-0.745897796531	12.0	0.0	0.0
LkluyE	ACA	T	L	0.0	0.330327868852	0.285714285714	0.0487804878049	0.878048780488	0.630769230769	0.0307692307692	1429.0	-0.745897796531	12.0	0.0	0.0
LkluyD	ACA	T	L	0.0	0.330327868852	0.285714285714	0.0487804878049	0.878048780488	0.630769230769	0.0307692307692	1429.0	-0.731129864041	12.0	0.0	0.0
LkluyC	ACA	T	L	0.0	0.330327868852	0.285714285714	0.0487804878049	0.878048780488	0.630769230769	0.0307692307692	1429.0	-0.745897796531	12.0	0.0	0.0
LkluyA	ACA	T	L	0.0	0.330327868852	0.285714285714	0.0487804878049	0.878048780488	0.630769230769	0.0307692307692	1429.0	-0.745897796531	12.0	0.0	0.0
CdublA	ACA	T	L	0.0	0.178160865966	0.142857142857	0.037037037037	0.962962962963	0.3	0.0111111111111	2058.0	-0.695321414987	12.0	0.0	0.0
CsalmA	ACA	T	L	0.0	0.791988158937	0.1	0.027027027027	0.648648648649	0.336363636364	0.0272727272727	2153.0	-0.989344262295	12.0	0.0	0.0
CsalmA	ACT	T	L	0.0	0.791988158937	0.2	0.0285714285714	0.628571428571	0.636363636364	0.0272727272727	2153.0	-0.824511206485	13.0	0.0	0.0
LnothA	ACA	T	L	0.0	0.765573770492	0.142857142857	0.0238095238095	0.904761904762	0.65625	0.03125	1429.0	-0.884817952828	12.0	0.0	0.0
LnothA	ACT	T	L	0.0	0.765573770492	0.2	0.0454545454545	0.954545454545	0.34375	0.03125	1429.0	-0.688546255507	13.0	0.0	0.0
BcustA	ACA	T	L	0.0	0.36797752809	0.181818181818	0.0327868852459	0.704918032787	0.512605042017	0.0168067226891	2247.0	-0.685728917719	12.0	0.0	0.0
MingeA	ACA	T	L	0.0	0.822220929823	0.2	0.044776119403	0.746268656716	0.603603603604	0.045045045045	2249.0	-0.789880201765	12.0	0.0	0.0
MingeA	ACT	T	L	0.0	0.822220929823	0.2	0.0454545454545	0.772727272727	0.396396396396	0.045045045045	2249.0	-0.935500515996	13.0	0.0	0.0
ScastA	ACA	T	L	0.0	0.732758528423	0.142857142857	0.0263157894737	0.789473684211	0.575757575758	0.0151515151515	1426.0	-0.787732247391	12.0	0.0	0.0