### Random Forest prediction
genome	codon	ori_aa	rea_aa	fitch	Fisher pval	Gene frac	N. rea	N. used	Cod. count	Sub. count	G. len	codon_lik	id	prediction
Paracentrotus	GCA	A	S	0.0	0.529028982748	0.272727272727	0.0727272727273	0.709090909091	0.348101265823	0.107594936709	1926.0	0.704335465529	44.0	0.0
Paracentrotus	GCC	A	S	0.0	0.529028982748	0.454545454545	0.134615384615	0.519230769231	0.329113924051	0.107594936709	1926.0	0.565447001132	47.0	0.0
Paracentrotus	GCT	A	S	0.0	0.529028982748	0.333333333333	0.131578947368	0.631578947368	0.240506329114	0.107594936709	1926.0	0.730886850153	45.0	0.0
Paracentrotus	GCG	A	S	0.0	0.529028982748	0.166666666667	0.0769230769231	0.615384615385	0.0822784810127	0.107594936709	1926.0	0.698529411765	46.0	0.0
Caenorhabditis	GCA	A	S	0.0	0.610839812952	0.285714285714	0.0769230769231	0.538461538462	0.292134831461	0.123595505618	1865.0	0.287518573551	44.0	0.0
Caenorhabditis	GCC	A	S	0.0	0.610839812952	0.166666666667	0.125	0.375	0.0898876404494	0.123595505618	1865.0	0.342569269521	47.0	0.0
Caenorhabditis	GCT	A	S	0.0	0.610839812952	0.6	0.153846153846	0.519230769231	0.584269662921	0.123595505618	1865.0	0.672918229557	45.0	0.0
Schistosoma	GCA	A	S	0.0	0.500846939338	0.166666666667	0.111111111111	0.222222222222	0.160714285714	0.0535714285714	1800.0	0.134615384615	44.0	0.0
Schistosoma	GCT	A	S	0.0	0.500846939338	0.333333333333	0.0512820512821	0.384615384615	0.696428571429	0.0535714285714	1800.0	0.211940298507	45.0	0.0
Fasciola	GCT	A	S	0.0	0.953903727637	0.363636363636	0.157894736842	0.315789473684	0.838235294118	0.147058823529	1825.0	0.400756793946	45.0	0.0
Fasciola	GCG	A	S	0.0	0.953903727637	0.25	0.166666666667	0.666666666667	0.0882352941176	0.147058823529	1825.0	0.742857142857	46.0	0.0
Dunaliella_salina	GCA	A	S	0.0	0.47990281086	0.333333333333	0.0740740740741	0.62962962963	0.228813559322	0.0762711864407	1392.0	0.566550522648	44.0	0.0
Dunaliella_salina	GCT	A	S	0.0	0.47990281086	0.428571428571	0.0909090909091	0.623376623377	0.652542372881	0.0762711864407	1392.0	0.561105476673	45.0	0.0
Patiria	GCA	A	S	0.0	0.990512832303	0.4	0.125	0.666666666667	0.347826086957	0.115942028986	1926.0	0.787915652879	44.0	0.0
Patiria	GCC	A	S	0.0	0.990512832303	0.363636363636	0.113636363636	0.75	0.31884057971	0.115942028986	1926.0	0.86357615894	47.0	0.0
Patiria	GCT	A	S	0.0	0.990512832303	0.333333333333	0.121212121212	0.636363636364	0.239130434783	0.115942028986	1926.0	0.602994011976	45.0	0.0
Patiria	GCG	A	S	0.0	0.990512832303	0.2	0.0769230769231	0.846153846154	0.0942028985507	0.115942028986	1926.0	0.961932650073	46.0	0.0
Chaetosphaeridium_globosum	GCA	A	S	0.0	0.339552175681	0.0833333333333	0.0196078431373	0.941176470588	0.372262773723	0.00729927007299	1930.0	0.856536829927	44.0	0.0
Mesostigma_viride	GCC	A	S	8.0	0.156249981119	0.125	0.0666666666667	0.866666666667	0.106382978723	0.00709219858156	1873.0	1.01585204756	47.0	0.0
Pseudendoclonium_akinetum	GCA	A	S	1.0	0.882604290927	0.166666666667	0.0434782608696	0.608695652174	0.31724137931	0.0620689655172	1930.0	0.384023921401	44.0	0.0
Pseudendoclonium_akinetum	GCC	A	S	1.0	0.882604290927	0.181818181818	0.08	0.68	0.172413793103	0.0620689655172	1930.0	0.64126984127	47.0	0.0
Pseudendoclonium_akinetum	GCT	A	S	1.0	0.882604290927	0.363636363636	0.08	0.72	0.344827586207	0.0620689655172	1930.0	0.759223300971	45.0	0.0
Pseudendoclonium_akinetum	GCG	A	S	1.0	0.882604290927	0.125	0.0416666666667	0.75	0.165517241379	0.0620689655172	1930.0	0.589198036007	46.0	0.0
Lumbricus	GCA	A	S	0.0	0.906584323153	0.166666666667	0.104166666667	0.645833333333	0.32	0.113333333333	1920.0	0.798952457695	44.0	0.0
Lumbricus	GCC	A	S	0.0	0.906584323153	0.444444444444	0.128205128205	0.589743589744	0.26	0.113333333333	1920.0	0.668174962293	47.0	0.0
Lumbricus	GCT	A	S	0.0	0.906584323153	0.454545454545	0.120689655172	0.568965517241	0.386666666667	0.113333333333	1920.0	0.565891472868	45.0	0.0
Halocynthia	GCA	A	S	0.0	0.327708130501	0.1	0.0416666666667	0.625	0.269662921348	0.0786516853933	1893.0	0.525102880658	44.0	0.0
Halocynthia	GCT	A	S	0.0	0.327708130501	0.25	0.0769230769231	0.615384615385	0.584269662921	0.0786516853933	1893.0	0.401424287856	45.0	0.0
Halocynthia	GCG	A	S	0.0	0.327708130501	0.4	0.25	0.5	0.0898876404494	0.0786516853933	1893.0	1.195599022	46.0	0.0
Limulus	GCA	A	S	0.0	0.247866849411	0.333333333333	0.114285714286	0.771428571429	0.315315315315	0.108108108108	1919.0	0.982749026155	44.0	0.0
Limulus	GCC	A	S	0.0	0.247866849411	0.142857142857	0.0869565217391	0.739130434783	0.207207207207	0.108108108108	1919.0	0.909638554217	47.0	0.0
Limulus	GCT	A	S	0.0	0.247866849411	0.4	0.1	0.74	0.45045045045	0.108108108108	1919.0	0.945483485873	45.0	0.0
Limulus	GCG	A	S	0.0	0.247866849411	0.5	0.333333333333	0.0	0.027027027027	0.108108108108	1919.0	0.905660377358	46.0	0.0
Bracteacoccus_aerius	GCA	A	S	0.0	0.922121881885	0.3	0.0545454545455	0.581818181818	0.323529411765	0.0588235294118	1789.0	0.337880377754	44.0	0.0
Bracteacoccus_aerius	GCC	A	S	0.0	0.922121881885	0.111111111111	0.0434782608696	0.695652173913	0.135294117647	0.0588235294118	1789.0	0.427493713328	47.0	0.0
Bracteacoccus_aerius	GCT	A	S	0.0	0.922121881885	0.272727272727	0.0727272727273	0.545454545455	0.323529411765	0.0588235294118	1789.0	0.46110721794	45.0	0.0
Bracteacoccus_aerius	GCG	A	S	0.0	0.922121881885	0.2	0.0540540540541	0.594594594595	0.217647058824	0.0588235294118	1789.0	0.616941928609	46.0	0.0
Oryza_sativa_I2	GCT	A	S	0.0	0.786885172323	0.111111111111	0.0192307692308	0.980769230769	0.41935483871	0.00806451612903	1693.0	0.823882838903	45.0	0.0
Oryza_sativa_J2	GCT	A	S	0.0	0.780952305325	0.111111111111	0.0217391304348	0.978260869565	0.429906542056	0.00934579439252	1446.0	0.831691648822	45.0	0.0
Pycnococcus_provasolii	GCA	A	S	0.0	0.00801123746025	0.555555555556	0.125	0.833333333333	0.324324324324	0.0810810810811	1930.0	0.982576985413	44.0	0.0
Pycnococcus_provasolii	GCC	A	S	0.0	0.00801123746025	0.125	0.0555555555556	0.888888888889	0.121621621622	0.0810810810811	1930.0	0.790645879733	47.0	0.0
Pycnococcus_provasolii	GCG	A	S	0.0	0.00801123746025	0.4	0.166666666667	0.666666666667	0.202702702703	0.0810810810811	1930.0	0.714376590331	46.0	0.0
Polytoma_uvella	GCC	A	S	1.0	0.85017588234	0.428571428571	0.0535714285714	0.696428571429	0.44094488189	0.0551181102362	1394.0	0.607142857143	47.0	0.0
Polytoma_uvella	GCT	A	S	1.0	0.85017588234	0.166666666667	0.0714285714286	0.535714285714	0.220472440945	0.0551181102362	1394.0	0.4377593361	45.0	0.0
Polytoma_uvella	GCG	A	S	1.0	0.85017588234	0.285714285714	0.0555555555556	0.638888888889	0.283464566929	0.0551181102362	1394.0	0.429881337648	46.0	0.0
Axinella	GCA	A	S	0.0	0.379562222005	0.363636363636	0.114285714286	0.771428571429	0.267175572519	0.0610687022901	1924.0	0.86059584036	44.0	0.0
Axinella	GCC	A	S	0.0	0.379562222005	0.111111111111	0.0344827586207	0.965517241379	0.221374045802	0.0610687022901	1924.0	0.98044504383	47.0	0.0
Axinella	GCT	A	S	0.0	0.379562222005	0.272727272727	0.0652173913043	0.869565217391	0.351145038168	0.0610687022901	1924.0	0.814752013565	45.0	0.0
Prototheca_wickerhamii	GCT	A	S	0.0	0.0561932052643	0.166666666667	0.0684931506849	0.849315068493	0.506944444444	0.0416666666667	1924.0	0.830183657173	45.0	0.0
Prototheca_wickerhamii	GCG	A	S	0.0	0.0561932052643	0.25	0.2	0.8	0.0347222222222	0.0416666666667	1924.0	1.22924901186	46.0	0.0
Terebratulina	GCA	A	S	0.0	0.0473981635679	0.444444444444	0.138888888889	0.583333333333	0.24	0.12	1915.0	0.762554585153	44.0	0.0
Terebratulina	GCC	A	S	0.0	0.0473981635679	0.75	0.162162162162	0.513513513514	0.493333333333	0.12	1915.0	0.608176267587	47.0	0.0
Terebratulina	GCG	A	S	0.0	0.0473981635679	0.2	0.125	0.875	0.0533333333333	0.12	1915.0	1.25062034739	46.0	0.0
Chlorokybus_atmophyticus	GCC	A	S	0.0	0.0357016987415	0.125	0.0555555555556	0.888888888889	0.133333333333	0.0148148148148	1930.0	0.836909871245	47.0	0.0
Chlorokybus_atmophyticus	GCG	A	S	0.0	0.0357016987415	0.142857142857	0.0833333333333	0.916666666667	0.0888888888889	0.0148148148148	1930.0	1.0974025974	46.0	0.0
Bfloridae	GCA	A	S	0.0	0.982431125343	0.5	0.129032258065	0.58064516129	0.319587628866	0.134020618557	1192.0	0.670404984424	44.0	0.0
Bfloridae	GCC	A	S	0.0	0.982431125343	0.4	0.153846153846	0.538461538462	0.134020618557	0.134020618557	1192.0	0.682352941176	47.0	0.0
Bfloridae	GCT	A	S	0.0	0.982431125343	0.5	0.136363636364	0.613636363636	0.453608247423	0.134020618557	1192.0	0.757454383623	45.0	0.0
Bfloridae	GCG	A	S	0.0	0.982431125343	0.166666666667	0.111111111111	0.666666666667	0.0927835051546	0.134020618557	1192.0	0.676086956522	46.0	0.0
Katharina	GCA	A	S	0.0	0.757641283957	0.3	0.128205128205	0.564102564103	0.307086614173	0.11811023622	1917.0	0.818917551846	44.0	0.0
Katharina	GCC	A	S	0.0	0.757641283957	0.333333333333	0.105263157895	0.526315789474	0.149606299213	0.11811023622	1917.0	0.703506907545	47.0	0.0
Katharina	GCT	A	S	0.0	0.757641283957	0.333333333333	0.107142857143	0.75	0.44094488189	0.11811023622	1917.0	0.88637943016	45.0	0.0
Katharina	GCG	A	S	0.0	0.757641283957	0.4	0.153846153846	0.538461538462	0.102362204724	0.11811023622	1917.0	0.894894894895	46.0	0.0
Geodia	GCA	A	S	0.0	0.0121610611718	0.545454545455	0.162162162162	0.594594594595	0.272058823529	0.0588235294118	1925.0	0.832633788038	44.0	0.0
Geodia	GCT	A	S	0.0	0.0121610611718	0.0909090909091	0.031746031746	0.936507936508	0.463235294118	0.0588235294118	1925.0	0.786226238704	45.0	0.0
Metridium	GCC	A	S	0.0	0.130502027654	0.3	0.0612244897959	0.857142857143	0.342657342657	0.0769230769231	1928.0	0.892149088025	47.0	0.0
Metridium	GCT	A	S	0.0	0.130502027654	0.25	0.0806451612903	0.790322580645	0.433566433566	0.0769230769231	1928.0	0.820210392094	45.0	0.0
Metridium	GCG	A	S	0.0	0.130502027654	0.333333333333	0.230769230769	0.692307692308	0.0909090909091	0.0769230769231	1928.0	1.00304878049	46.0	0.0
Chlamydomonas_reinhardtii	GCC	A	S	0.0	0.119677030148	0.5	0.171428571429	0.6	0.289256198347	0.0909090909091	1389.0	1.04966517857	47.0	0.0
Chlamydomonas_reinhardtii	GCT	A	S	0.0	0.119677030148	0.285714285714	0.0595238095238	0.654761904762	0.694214876033	0.0909090909091	1389.0	0.448069852941	45.0	0.0
Acropora	GCA	A	S	0.0	0.612867798671	0.0909090909091	0.0416666666667	0.875	0.176470588235	0.0661764705882	1926.0	0.773136773137	44.0	0.0
Acropora	GCC	A	S	0.0	0.612867798671	0.3	0.107142857143	0.785714285714	0.205882352941	0.0661764705882	1926.0	0.908898305085	47.0	0.0
Acropora	GCT	A	S	0.0	0.612867798671	0.166666666667	0.0416666666667	0.916666666667	0.352941176471	0.0661764705882	1926.0	0.907399751964	45.0	0.0
Acropora	GCG	A	S	0.0	0.612867798671	0.272727272727	0.0833333333333	0.805555555556	0.264705882353	0.0661764705882	1926.0	0.708310991957	46.0	0.0
Trichinella	GCA	A	S	0.0	0.774863920309	0.285714285714	0.0769230769231	0.461538461538	0.325	0.1125	1883.0	0.139622641509	44.0	0.0
Trichinella	GCC	A	S	0.0	0.774863920309	0.166666666667	0.0714285714286	0.642857142857	0.175	0.1125	1883.0	0.589337175793	47.0	0.0
Trichinella	GCT	A	S	0.0	0.774863920309	0.666666666667	0.181818181818	0.545454545455	0.4125	0.1125	1883.0	0.919287833828	45.0	0.0
Bracteacoccus_minor	GCA	A	S	0.0	0.643400601771	0.181818181818	0.0689655172414	0.48275862069	0.3625	0.0625	1686.0	0.322303110523	44.0	0.0
Bracteacoccus_minor	GCC	A	S	0.0	0.643400601771	0.142857142857	0.1	0.55	0.125	0.0625	1686.0	0.548923679061	47.0	0.0
Bracteacoccus_minor	GCT	A	S	0.0	0.643400601771	0.272727272727	0.0645161290323	0.596774193548	0.3875	0.0625	1686.0	0.354858739522	45.0	0.0
Chromochloris_zofingiensis	GCA	A	S	0.0	0.329527064397	0.2	0.06	0.6	0.409836065574	0.0409836065574	1522.0	0.244094488189	44.0	0.0
Chromochloris_zofingiensis	GCC	A	S	0.0	0.329527064397	0.166666666667	0.0833333333333	0.5	0.0983606557377	0.0409836065574	1522.0	0.7008	47.0	0.0
Chromochloris_zofingiensis	GCT	A	S	0.0	0.329527064397	0.0909090909091	0.0178571428571	0.589285714286	0.459016393443	0.0409836065574	1522.0	0.134286710848	45.0	0.0
Balanoglossus	GCA	A	S	0.0	0.880085478767	0.2	0.0909090909091	0.681818181818	0.28025477707	0.101910828025	1926.0	0.606756756757	44.0	0.0
Balanoglossus	GCC	A	S	0.0	0.880085478767	0.4	0.0923076923077	0.615384615385	0.414012738854	0.101910828025	1926.0	0.602560285799	47.0	0.0
Balanoglossus	GCT	A	S	0.0	0.880085478767	0.3	0.135135135135	0.567567567568	0.235668789809	0.101910828025	1926.0	0.635071090047	45.0	0.0
Balanoglossus	GCG	A	S	0.0	0.880085478767	0.166666666667	0.0909090909091	0.636363636364	0.0700636942675	0.101910828025	1926.0	0.549645390071	46.0	0.0
Drosophila	GCA	A	S	0.0	0.920990902914	0.285714285714	0.117647058824	0.823529411765	0.151785714286	0.0892857142857	1919.0	1.00228832952	44.0	0.0
Drosophila	GCT	A	S	0.0	0.920990902914	0.454545454545	0.0909090909091	0.715909090909	0.785714285714	0.0892857142857	1919.0	0.898077782745	45.0	0.0
Myxine	GCA	A	S	1.0	0.777483290605	0.444444444444	0.121212121212	0.545454545455	0.272727272727	0.0909090909091	1919.0	0.584176085663	44.0	0.0
Myxine	GCC	A	S	1.0	0.777483290605	0.181818181818	0.0833333333333	0.722222222222	0.297520661157	0.0909090909091	1919.0	0.713665943601	47.0	0.0
Myxine	GCT	A	S	1.0	0.777483290605	0.2	0.093023255814	0.697674418605	0.355371900826	0.0909090909091	1919.0	0.725355341586	45.0	0.0
Ciona	GCC	A	S	0.0	0.185058690839	0.333333333333	0.25	0.25	0.0571428571429	0.0571428571429	1891.0	0.289099526066	47.0	0.0
Ciona	GCT	A	S	0.0	0.185058690839	0.333333333333	0.0566037735849	0.735849056604	0.757142857143	0.0571428571429	1891.0	0.859357696567	45.0	0.0
Epigonichthys	GCA	A	S	0.0	0.566869357615	0.4	0.136363636364	0.681818181818	0.31884057971	0.144927536232	1918.0	0.898921832884	44.0	0.0
Epigonichthys	GCC	A	S	0.0	0.566869357615	0.444444444444	0.235294117647	0.588235294118	0.123188405797	0.144927536232	1918.0	0.979498861048	47.0	0.0
Epigonichthys	GCT	A	S	0.0	0.566869357615	0.416666666667	0.148936170213	0.702127659574	0.340579710145	0.144927536232	1918.0	0.798608268522	45.0	0.0
Epigonichthys	GCG	A	S	0.0	0.566869357615	0.333333333333	0.1	0.8	0.217391304348	0.144927536232	1918.0	1.01074546676	46.0	0.0
Daphnia	GCA	A	S	0.0	0.837955966287	0.1	0.0714285714286	0.607142857143	0.212121212121	0.0984848484848	1916.0	0.83344996501	44.0	0.0
Daphnia	GCC	A	S	0.0	0.837955966287	0.2	0.0975609756098	0.487804878049	0.310606060606	0.0984848484848	1916.0	0.567772511848	47.0	0.0
Daphnia	GCT	A	S	0.0	0.837955966287	0.545454545455	0.130434782609	0.608695652174	0.348484848485	0.0984848484848	1916.0	0.820033955857	45.0	0.0
Daphnia	GCG	A	S	0.0	0.837955966287	0.142857142857	0.0588235294118	0.764705882353	0.128787878788	0.0984848484848	1916.0	0.755868544601	46.0	0.0
Homo	GCA	A	S	0.0	0.182420054668	0.5	0.153846153846	0.615384615385	0.276595744681	0.0780141843972	1920.0	0.693164556962	44.0	0.0
Homo	GCC	A	S	0.0	0.182420054668	0.3	0.0694444444444	0.652777777778	0.510638297872	0.0780141843972	1920.0	0.705315340127	47.0	0.0
Blanceolatum	GCA	A	S	0.0	0.985528801511	0.571428571429	0.166666666667	0.583333333333	0.242424242424	0.141414141414	1187.0	0.735222672065	44.0	0.0
Blanceolatum	GCC	A	S	0.0	0.985528801511	0.166666666667	0.111111111111	0.666666666667	0.0909090909091	0.141414141414	1187.0	0.827956989247	47.0	0.0
Blanceolatum	GCT	A	S	0.0	0.985528801511	0.444444444444	0.130434782609	0.521739130435	0.464646464646	0.141414141414	1187.0	0.658424140821	45.0	0.0
Blanceolatum	GCG	A	S	0.0	0.985528801511	0.375	0.15	0.7	0.20202020202	0.141414141414	1187.0	0.944668008048	46.0	0.0
Saccoglossus	GCA	A	S	0.0	0.749771829652	0.5	0.111111111111	0.685185185185	0.352941176471	0.124183006536	1924.0	0.807803468208	44.0	0.0
Saccoglossus	GCC	A	S	0.0	0.749771829652	0.3	0.121212121212	0.666666666667	0.21568627451	0.124183006536	1924.0	0.88623853211	47.0	0.0
Saccoglossus	GCT	A	S	0.0	0.749771829652	0.416666666667	0.136363636364	0.545454545455	0.43137254902	0.124183006536	1924.0	0.562956470932	45.0	0.0
Nephroselmis_olivacea	GCA	A	S	0.0	0.486607210381	0.1	0.0263157894737	0.894736842105	0.265734265734	0.034965034965	1929.0	0.710812209002	44.0	0.0
Nephroselmis_olivacea	GCT	A	S	0.0	0.486607210381	0.272727272727	0.0337078651685	0.921348314607	0.622377622378	0.034965034965	1929.0	0.818341377797	45.0	0.0
Nephroselmis_olivacea	GCG	A	S	0.0	0.486607210381	0.166666666667	0.1	0.8	0.0699300699301	0.034965034965	1929.0	0.8916827853	46.0	0.0

### Alignment improvement:
