### Random Forest prediction
genome	codon	ori_aa	rea_aa	fitch	Fisher pval	Gene frac	N. rea	N. used	Cod. count	Sub. count	G. len	codon_lik	id	prediction
SpombA	GCG	A	P	0.0	0.00892856834595	0.25	0.25	0.0	0.0392156862745	0.00980392156863	1452.0	0.294871794872	46.0	0.0
AacerA	GCT	A	P	0.0	0.684210526316	0.5	0.0625	0.6875	0.666666666667	0.0416666666667	643.0	-0.720843672457	45.0	0.0
CmetaD	GCA	A	P	0.0	0.170542606219	0.142857142857	0.0384615384615	0.807692307692	0.185714285714	0.00714285714286	2101.0	-0.943420488641	44.0	0.0
CgigaA	GCT	A	P	0.0	0.548217772865	0.111111111111	0.0307692307692	0.8	0.528455284553	0.0162601626016	1879.0	-0.97014676451	45.0	0.0
CsantA	GCA	A	P	0.0	0.740375442288	0.111111111111	0.0263157894737	0.684210526316	0.322033898305	0.0254237288136	2073.0	-1.03115814227	44.0	0.0
CsantA	GCC	A	P	0.0	0.740375442288	0.142857142857	0.05	0.85	0.169491525424	0.0254237288136	2073.0	-0.731140102099	47.0	0.0
CsantA	GCT	A	P	0.0	0.740375442288	0.1	0.0181818181818	0.690909090909	0.466101694915	0.0254237288136	2073.0	-1.13037249284	45.0	0.0
CtropB	GCT	A	P	0.0	0.723140400281	0.0909090909091	0.0133333333333	0.88	0.568181818182	0.00757575757576	2101.0	-0.998619208346	45.0	0.0
CtropA	GCT	A	P	0.0	0.719008167449	0.0909090909091	0.0131578947368	0.881578947368	0.575757575758	0.00757575757576	2101.0	-1.00151034587	45.0	0.0
WpijpA	GCA	A	P	0.0	0.273809449827	0.142857142857	0.0263157894737	0.921052631579	0.395833333333	0.0104166666667	1456.0	-0.800053461641	44.0	0.0
BarxA	GCT	A	P	0.0	0.714285714286	1.0	0.0666666666667	0.733333333333	0.5	0.0333333333333	442.0	-0.873704663212	45.0	0.0
CoxycA	GCT	A	P	0.0	0.74074065123	1.0	0.0588235294118	0.764705882353	0.515151515152	0.030303030303	442.0	-0.892571428571	45.0	0.0
CsubhA	GCA	A	P	0.0	0.192009673276	0.111111111111	0.0322580645161	0.806451612903	0.221428571429	0.0214285714286	2098.0	-0.981572019556	44.0	0.0
CsubhA	GCC	A	P	0.0	0.192009673276	0.0909090909091	0.0128205128205	0.858974358974	0.557142857143	0.0214285714286	2098.0	-1.05518443218	47.0	0.0
CsubhA	GCG	A	P	0.0	0.192009673276	0.142857142857	0.0769230769231	0.769230769231	0.0928571428571	0.0214285714286	2098.0	-0.873428331936	46.0	0.0
CsubhB	GCA	A	P	0.0	0.192009673276	0.111111111111	0.0322580645161	0.806451612903	0.221428571429	0.0214285714286	2098.0	-0.981572019556	44.0	0.0
CsubhB	GCC	A	P	0.0	0.192009673276	0.0909090909091	0.0128205128205	0.858974358974	0.557142857143	0.0214285714286	2098.0	-1.05518443218	47.0	0.0
CsubhB	GCG	A	P	0.0	0.192009673276	0.142857142857	0.0769230769231	0.769230769231	0.0928571428571	0.0214285714286	2098.0	-0.873428331936	46.0	0.0
CcastA	GCA	A	P	0.0	0.207317014225	0.142857142857	0.0285714285714	0.771428571429	0.35	0.01	1455.0	-0.933468913422	44.0	0.0
KtherA	GCT	A	P	0.0	0.672413680003	0.166666666667	0.0161290322581	0.903225806452	0.601941747573	0.00970873786408	1456.0	-1.00493015612	45.0	0.0
CblacA	GCA	A	P	0.0	0.0212096278456	1.0	0.142857142857	0.571428571429	0.2	0.0857142857143	442.0	-0.708737864078	44.0	0.0
CblacA	GCC	A	P	0.0	0.0212096278456	1.0	1.0	0.0	0.0285714285714	0.0857142857143	442.0	5.69902912621	47.0	0.0
CblacA	GCT	A	P	0.0	0.0212096278456	1.0	0.037037037037	0.814814814815	0.771428571429	0.0857142857143	442.0	-0.782577393808	45.0	0.0
CnorvA	GCA	A	P	0.0	0.771838252387	0.0909090909091	0.0181818181818	0.890909090909	0.401459854015	0.014598540146	2101.0	-0.846106048053	44.0	0.0
CnorvA	GCT	A	P	0.0	0.771838252387	0.0909090909091	0.0135135135135	0.837837837838	0.540145985401	0.014598540146	2101.0	-1.06759624129	45.0	0.0
CviswA	GCT	A	P	0.0	0.7118643073	0.0909090909091	0.013698630137	0.917808219178	0.557251908397	0.00763358778626	2101.0	-0.998258667089	45.0	0.0
MstarA	GCA	A	P	0.0	0.809844513863	0.111111111111	0.0232558139535	0.837209302326	0.358333333333	0.0333333333333	2101.0	-0.813642564802	44.0	0.0
MstarA	GCT	A	P	0.0	0.809844513863	0.272727272727	0.038961038961	0.805194805195	0.641666666667	0.0333333333333	2101.0	-0.879917792132	45.0	0.0
NbaciA	GCT	A	P	0.0	0.60389596714	0.166666666667	0.0140845070423	0.845070422535	0.771739130435	0.0108695652174	1455.0	-1.00431530495	45.0	0.0
LstarA	GCA	A	P	0.0	0.81956689841	0.125	0.0285714285714	0.742857142857	0.304347826087	0.0173913043478	1779.0	-0.839974293059	44.0	0.0
LstarA	GCT	A	P	0.0	0.81956689841	0.1	0.0142857142857	0.7	0.608695652174	0.0173913043478	1779.0	-1.15487701442	45.0	0.0
MfariA	GCA	A	P	0.0	0.775672903607	0.125	0.0188679245283	0.924528301887	0.410852713178	0.015503875969	2101.0	-0.866638708325	44.0	0.0
MfariA	GCT	A	P	0.0	0.775672903607	0.0909090909091	0.0144927536232	0.898550724638	0.53488372093	0.015503875969	2101.0	-1.06105299263	45.0	0.0
MfariB	GCA	A	P	0.0	0.786141501439	0.111111111111	0.0212765957447	0.808510638298	0.356060606061	0.0227272727273	2101.0	-0.974493444577	44.0	0.0
MfariB	GCT	A	P	0.0	0.786141501439	0.181818181818	0.0243902439024	0.926829268293	0.621212121212	0.0227272727273	2101.0	-0.963240492012	45.0	0.0
CalaiA	GCT	A	P	0.0	0.608107972806	0.1	0.01	0.86	0.77519379845	0.0077519379845	1905.0	-0.981602102617	45.0	0.0
CphanA	GCA	A	P	0.0	0.793449298489	0.0909090909091	0.0222222222222	0.711111111111	0.296052631579	0.0197368421053	2100.0	-1.03903298917	44.0	0.0
CphanA	GCT	A	P	0.0	0.793449298489	0.181818181818	0.0196078431373	0.696078431373	0.671052631579	0.0197368421053	2100.0	-1.09607865043	45.0	0.0
CsojaA	GCT	A	P	0.0	0.684523700604	0.125	0.0175438596491	0.912280701754	0.612903225806	0.010752688172	1435.0	-0.958774498761	45.0	0.0
CglabA	GCT	A	P	0.0	0.721518891195	0.166666666667	0.02	0.86	0.54347826087	0.0108695652174	1439.0	-0.984530836556	45.0	0.0
CneerA	GCT	A	P	0.0	0.621848608938	0.0833333333333	0.0102040816327	0.908163265306	0.753846153846	0.00769230769231	2101.0	-1.02915991669	45.0	0.0
CsakeA	GCT	A	P	0.0	0.392278803347	0.2	0.027397260274	0.890410958904	0.561538461538	0.0153846153846	2065.0	-0.931803797468	45.0	0.0
HuvarA	GCA	A	P	3.0	0.0155737667553	0.2	0.037037037037	0.666666666667	0.303370786517	0.0337078651685	1397.0	-1.12209737828	44.0	0.0
HuvarA	GCC	A	P	3.0	0.0155737667553	0.5	0.5	0.0	0.0224719101124	0.0337078651685	1397.0	2.38693467337	47.0	0.0
HuvarA	GCT	A	P	3.0	0.0155737667553	0.166666666667	0.0166666666667	0.666666666667	0.674157303371	0.0337078651685	1397.0	-1.1793957909	45.0	0.0
CjiufA	GCA	A	P	0.0	0.363047566964	0.111111111111	0.0322580645161	0.838709677419	0.226277372263	0.014598540146	2080.0	-0.916812916813	44.0	0.0
CjiufA	GCT	A	P	0.0	0.363047566964	0.0833333333333	0.0105263157895	0.915789473684	0.693430656934	0.014598540146	2080.0	-1.07981220657	45.0	0.0
CzempA	GCT	A	P	0.0	0.118644067797	0.333333333333	0.0434782608696	0.586956521739	0.55421686747	0.0240963855422	1455.0	-0.960762580359	45.0	0.0
CmetaB	GCA	A	P	0.0	0.170542606219	0.142857142857	0.0384615384615	0.807692307692	0.185714285714	0.00714285714286	2101.0	-0.943420488641	44.0	0.0
CmetaC	GCA	A	P	0.0	0.170542606219	0.142857142857	0.0384615384615	0.807692307692	0.185714285714	0.00714285714286	2101.0	-0.943420488641	44.0	0.0
CmetaA	GCA	A	P	0.0	0.170542606219	0.142857142857	0.0384615384615	0.807692307692	0.185714285714	0.00714285714286	2101.0	-0.943420488641	44.0	0.0
CmetaF	GCA	A	P	0.0	0.170542606219	0.142857142857	0.0384615384615	0.807692307692	0.185714285714	0.00714285714286	2101.0	-0.943420488641	44.0	0.0
CfrijA	GCT	A	P	0.0	0.629310216845	0.0833333333333	0.0105263157895	0.894736842105	0.7421875	0.0078125	2101.0	-1.06021658931	45.0	0.0
CgallA	GCA	A	P	0.0	0.836214266953	0.0833333333333	0.0185185185185	0.685185185185	0.364864864865	0.0202702702703	2101.0	-1.13124346917	44.0	0.0
CgallA	GCT	A	P	0.0	0.836214266953	0.2	0.025	0.7125	0.540540540541	0.0202702702703	2101.0	-1.01702004904	45.0	0.0
CmetaE	GCA	A	P	0.0	0.170542606219	0.142857142857	0.0384615384615	0.807692307692	0.185714285714	0.00714285714286	2101.0	-0.943420488641	44.0	0.0
SjapoA	GCT	A	P	0.0	0.793277239552	0.5	0.0634920634921	0.603174603175	0.777777777778	0.0493827160494	1450.0	-0.853335513407	45.0	0.0
CalbiE	GCT	A	P	0.0	0.698529307681	0.166666666667	0.0208333333333	0.833333333333	0.623376623377	0.012987012987	1101.0	-1.03617294521	45.0	0.0
CtetrA	GCA	A	P	0.0	0.239316209807	0.125	0.0434782608696	0.826086956522	0.1796875	0.0078125	2101.0	-0.831658291457	44.0	0.0
MmagnB	GCA	A	P	0.0	0.455677367309	0.111111111111	0.0204081632653	0.714285714286	0.385826771654	0.0236220472441	2101.0	-1.06095661846	44.0	0.0
MmagnB	GCC	A	P	0.0	0.455677367309	0.111111111111	0.03125	0.84375	0.251968503937	0.0236220472441	2101.0	-0.870058708415	47.0	0.0
MmagnB	GCG	A	P	0.0	0.455677367309	0.125	0.0833333333333	0.833333333333	0.0944881889764	0.0236220472441	2101.0	-0.736080178174	46.0	0.0
MmagnA	GCA	A	P	0.0	0.413150041718	0.111111111111	0.0212765957447	0.702127659574	0.370078740157	0.0236220472441	2101.0	-1.05292609	44.0	0.0
MmagnA	GCC	A	P	0.0	0.413150041718	0.111111111111	0.03125	0.84375	0.251968503937	0.0236220472441	2101.0	-0.870058708415	47.0	0.0
MmagnA	GCG	A	P	0.0	0.413150041718	0.125	0.0769230769231	0.846153846154	0.102362204724	0.0236220472441	2101.0	-0.765234765235	46.0	0.0
CparaA	GCT	A	P	0.0	0.611110976846	0.1	0.0125	0.95	0.769230769231	0.00961538461538	1659.0	-1.0258841234	45.0	0.0
CcoryA	GCA	A	P	0.0	0.373850392726	0.1	0.0232558139535	0.813953488372	0.298611111111	0.0138888888889	2101.0	-0.963631673975	44.0	0.0
CcoryA	GCT	A	P	0.0	0.373850392726	0.0833333333333	0.0105263157895	0.842105263158	0.659722222222	0.0138888888889	2101.0	-1.13062622309	45.0	0.0
CparaC	GCA	A	P	0.0	0.267716476305	0.166666666667	0.030303030303	0.848484848485	0.237410071942	0.0143884892086	2101.0	-1.00376068376	44.0	0.0
CparaC	GCT	A	P	0.0	0.267716476305	0.0909090909091	0.00970873786408	0.922330097087	0.741007194245	0.0143884892086	2101.0	-1.04239263123	45.0	0.0
CparaB	GCA	A	P	0.0	0.267716476305	0.166666666667	0.030303030303	0.848484848485	0.237410071942	0.0143884892086	2101.0	-1.00376068376	44.0	0.0
CparaB	GCT	A	P	0.0	0.267716476305	0.0909090909091	0.00970873786408	0.922330097087	0.741007194245	0.0143884892086	2101.0	-1.04239263123	45.0	0.0
CparaE	GCA	A	P	0.0	0.267716476305	0.166666666667	0.030303030303	0.848484848485	0.237410071942	0.0143884892086	2101.0	-1.00376068376	44.0	0.0
CparaE	GCT	A	P	0.0	0.267716476305	0.0909090909091	0.00970873786408	0.922330097087	0.741007194245	0.0143884892086	2101.0	-1.04239263123	45.0	0.0
CparaD	GCA	A	P	0.0	0.267716476305	0.166666666667	0.030303030303	0.848484848485	0.237410071942	0.0143884892086	2101.0	-1.00376068376	44.0	0.0
CparaD	GCT	A	P	0.0	0.267716476305	0.0909090909091	0.00970873786408	0.922330097087	0.741007194245	0.0143884892086	2101.0	-1.04239263123	45.0	0.0
CparaF	GCA	A	P	0.0	0.267716476305	0.166666666667	0.030303030303	0.848484848485	0.237410071942	0.0143884892086	2101.0	-1.00376068376	44.0	0.0
CparaF	GCT	A	P	0.0	0.267716476305	0.0909090909091	0.00970873786408	0.922330097087	0.741007194245	0.0143884892086	2101.0	-1.04239263123	45.0	0.0
MtetrA	GCC	A	P	0.0	0.259999456555	0.1	0.016393442623	0.754098360656	0.469230769231	0.0230769230769	2100.0	-1.07653457653	47.0	0.0
MtetrA	GCT	A	P	0.0	0.259999456555	0.2	0.0666666666667	0.666666666667	0.115384615385	0.0230769230769	2100.0	-0.50516884907	45.0	0.0
MtetrA	GCG	A	P	0.0	0.259999456555	0.111111111111	0.0416666666667	0.833333333333	0.184615384615	0.0230769230769	2100.0	-0.939958592133	46.0	0.0
CsaraA	GCA	A	P	0.0	0.256410203294	0.111111111111	0.0243902439024	0.853658536585	0.317829457364	0.0077519379845	2101.0	-0.969954799256	44.0	0.0
CsuavA	GCT	A	P	0.0	0.441176428519	0.181818181818	0.0281690140845	0.802816901408	0.518248175182	0.014598540146	2101.0	-0.93033261625	45.0	0.0
PkluyA	GCT	A	P	0.0	0.266990235954	0.1	0.027027027027	0.864864864865	0.296	0.008	2101.0	-0.963087248322	45.0	0.0
PcanaA	GCA	A	P	0.0	0.139355722471	0.222222222222	0.0434782608696	0.847826086957	0.330935251799	0.0143884892086	2101.0	-0.75750122971	44.0	0.0
YlipoB	GCA	A	P	0.0	0.816704234258	0.1	0.0196078431373	0.705882352941	0.34	0.02	2100.0	-1.05224215247	44.0	0.0
YlipoB	GCT	A	P	0.0	0.816704234258	0.181818181818	0.0222222222222	0.7	0.6	0.02	2100.0	-1.08016612132	45.0	0.0
YlipoA	GCA	A	P	0.0	0.816704234258	0.1	0.0196078431373	0.705882352941	0.34	0.02	2100.0	-1.05224215247	44.0	0.0
YlipoA	GCT	A	P	0.0	0.816704234258	0.181818181818	0.0222222222222	0.7	0.6	0.02	2100.0	-1.08016612132	45.0	0.0
CjadiA	GCT	A	P	0.0	0.367825043401	0.181818181818	0.0246913580247	0.79012345679	0.578571428571	0.0142857142857	2100.0	-0.957220786678	45.0	0.0
AgossB	GCT	A	P	0.0	0.598039215686	0.166666666667	0.0222222222222	0.888888888889	0.789473684211	0.0175438596491	1456.0	-0.917291524653	45.0	0.0
NdelpA	GCT	A	P	0.0	0.720779124377	0.166666666667	0.0204081632653	0.857142857143	0.563218390805	0.0114942528736	1439.0	-0.947759653108	45.0	0.0
LelonA	GCT	A	P	0.0	0.659999882614	0.0833333333333	0.0113636363636	0.954545454545	0.647058823529	0.00735294117647	2101.0	-1.04690632099	45.0	0.0
CalimA	GCA	A	P	0.0	0.828476693852	0.111111111111	0.0238095238095	0.666666666667	0.278145695364	0.0198675496689	2100.0	-1.0256948086	44.0	0.0
CalimA	GCT	A	P	0.0	0.828476693852	0.181818181818	0.020202020202	0.686868686869	0.655629139073	0.0198675496689	2100.0	-1.07353282301	45.0	0.0
BcaliA	GCT	A	P	0.0	0.397308029278	0.181818181818	0.0266666666667	0.8	0.547445255474	0.014598540146	2101.0	-0.897094430993	45.0	0.0
CdefoA	GCA	A	P	0.0	0.874233565668	0.0833333333333	0.0178571428571	0.642857142857	0.373333333333	0.0266666666667	2100.0	-1.17456104532	44.0	0.0
CdefoA	GCT	A	P	0.0	0.874233565668	0.2	0.0361445783133	0.710843373494	0.553333333333	0.0266666666667	2100.0	-0.944008804512	45.0	0.0
CpseuA	GCA	A	P	0.0	0.814814750879	1.0	0.0909090909091	0.818181818182	0.34375	0.03125	442.0	-0.739399293286	44.0	0.0
CvartA	GCA	A	P	0.0	0.239495727238	0.1	0.0192307692308	0.923076923077	0.382352941176	0.00735294117647	2101.0	-0.867021276596	44.0	0.0
CorthB	GCA	A	P	0.0	0.211983227576	0.166666666667	0.05	0.85	0.143884892086	0.0143884892086	2101.0	-0.846808510638	44.0	0.0
CorthB	GCT	A	P	0.0	0.211983227576	0.0833333333333	0.00877192982456	0.912280701754	0.820143884892	0.0143884892086	2101.0	-1.06807345034	45.0	0.0
CorthC	GCA	A	P	0.0	0.197957636642	0.166666666667	0.05	0.85	0.143884892086	0.0143884892086	2101.0	-0.846808510638	44.0	0.0
CorthC	GCT	A	P	0.0	0.197957636642	0.0833333333333	0.00869565217391	0.913043478261	0.827338129496	0.0143884892086	2101.0	-1.06757028112	45.0	0.0
CorthA	GCA	A	P	0.0	0.197957636642	0.166666666667	0.05	0.85	0.143884892086	0.0143884892086	2101.0	-0.846808510638	44.0	0.0
CorthA	GCT	A	P	0.0	0.197957636642	0.0833333333333	0.00869565217391	0.913043478261	0.827338129496	0.0143884892086	2101.0	-1.06784274194	45.0	0.0
ClusiA	GCA	A	P	0.0	0.204917973358	0.1	0.0227272727273	0.931818181818	0.330827067669	0.00751879699248	2101.0	-0.782664941785	44.0	0.0
MguilA	GCA	A	P	0.0	0.227272663073	0.125	0.0196078431373	0.862745098039	0.389312977099	0.00763358778626	2101.0	-1.02663886959	44.0	0.0
WmucoA	GCA	A	P	0.0	0.793277239553	0.1	0.0212765957447	0.851063829787	0.333333333333	0.0141843971631	2101.0	-0.971684756961	44.0	0.0
WmucoA	GCT	A	P	0.0	0.793277239553	0.0833333333333	0.0117647058824	0.835294117647	0.602836879433	0.0141843971631	2101.0	-1.04752825821	45.0	0.0
DhansA	GCA	A	P	0.0	0.801871589349	0.111111111111	0.0222222222222	0.822222222222	0.333333333333	0.0222222222222	2101.0	-1.02584586466	44.0	0.0
DhansA	GCT	A	P	0.0	0.801871589349	0.181818181818	0.0238095238095	0.904761904762	0.622222222222	0.0222222222222	2101.0	-0.945467523198	45.0	0.0
CsalmA	GCC	A	P	0.0	0.00117554845405	0.5	0.25	0.125	0.0661157024793	0.0165289256198	2098.0	-0.827889447236	47.0	0.0
LnothA	GCT	A	P	0.0	0.681818071965	0.166666666667	0.0153846153846	0.846153846154	0.631067961165	0.00970873786408	1456.0	-1.04466384579	45.0	0.0
BcustA	GCA	A	P	0.0	0.196381546353	0.2	0.0377358490566	0.754716981132	0.445378151261	0.0168067226891	2101.0	-0.866466937727	44.0	0.0
CtheaA	GCA	A	P	0.0	0.160156208192	0.125	0.030303030303	0.909090909091	0.237410071942	0.00719424460432	2101.0	-0.9209527097	44.0	0.0
AgossA	GCT	A	P	0.0	0.617647058824	0.166666666667	0.0232558139535	0.883720930233	0.754385964912	0.0175438596491	1456.0	-0.910430030886	45.0	0.0
MingeA	GCA	A	P	0.0	0.800404706861	0.111111111111	0.027027027027	0.810810810811	0.296	0.024	2101.0	-0.993247391037	44.0	0.0
MingeA	GCT	A	P	0.0	0.800404706861	0.0909090909091	0.0238095238095	0.77380952381	0.672	0.024	2101.0	-0.947231001786	45.0	0.0
CmaltA	GCT	A	P	0.0	0.656249881319	0.0833333333333	0.0105263157895	0.915789473684	0.678571428571	0.00714285714286	2101.0	-1.04041626331	45.0	0.0
CbohiA	GCT	A	P	0.0	0.639999875709	0.0833333333333	0.00943396226415	0.839622641509	0.731034482759	0.00689655172414	2101.0	-1.15802495697	45.0	0.0

### Alignment improvement:
