### Random Forest prediction
genome	codon	ori_aa	rea_aa	fitch	Fisher pval	Gene frac	N. rea	N. used	Cod. count	Sub. count	G. len	codon_lik	id	prediction
Paracentrotus	GAG	E	D	0.0	0.455882352941	0.2	0.105263157895	0.631578947368	0.306451612903	0.0806451612903	1926.0	1.21406411582	34.0	0.0
Paracentrotus	GAA	E	D	0.0	0.455882352941	0.272727272727	0.0697674418605	0.790697674419	0.693548387097	0.0806451612903	1926.0	1.71875	32.0	0.0
Caenorhabditis	GAG	E	D	0.0	0.0144679092048	0.3	0.2	0.65	0.392156862745	0.078431372549	1865.0	1.8449304175	34.0	0.0
Schistosoma	GAG	E	D	0.0	0.745967741935	0.0909090909091	0.0333333333333	0.566666666667	0.6	0.04	1800.0	0.839464882943	34.0	0.0
Schistosoma	GAA	E	D	0.0	0.745967741935	0.1	0.05	0.65	0.4	0.04	1800.0	1.13896987366	32.0	0.0
Fasciola	GAG	E	D	0.0	0.77761485826	0.181818181818	0.075	0.575	0.816326530612	0.0816326530612	1825.0	1.04523107178	34.0	0.0
Fasciola	GAA	E	D	0.0	0.77761485826	0.2	0.111111111111	0.666666666667	0.183673469388	0.0816326530612	1825.0	1.66367713004	32.0	0.0
Dunaliella_salina	GAA	E	D	0.0	0.610769230769	0.285714285714	0.0645161290323	0.677419354839	0.911764705882	0.0588235294118	1392.0	1.23555840822	32.0	0.0
Patiria	GAA	E	D	0.0	0.355351715154	0.181818181818	0.0731707317073	0.829268292683	0.745454545455	0.0545454545455	1926.0	1.82106782107	32.0	0.0
Mesostigma_viride	GAA	E	D	0.0	0.612755102041	0.272727272727	0.0625	0.895833333333	0.923076923077	0.0576923076923	1873.0	1.74186822352	32.0	0.0
Pseudendoclonium_akinetum	GAA	E	D	0.0	0.65	0.0833333333333	0.027027027027	0.918918918919	0.711538461538	0.0192307692308	1930.0	1.72288503254	32.0	0.0
Lumbricus	GAG	E	D	0.0	0.420542635659	0.2	0.0833333333333	0.833333333333	0.48	0.06	1920.0	1.95278246206	34.0	0.0
Lumbricus	GAA	E	D	0.0	0.420542635659	0.0909090909091	0.0384615384615	0.846153846154	0.52	0.06	1920.0	1.74485910129	32.0	0.0
Halocynthia	GAG	E	D	0.0	0.241552548416	0.181818181818	0.0571428571429	0.714285714286	0.636363636364	0.0909090909091	1893.0	1.36872812135	34.0	0.0
Halocynthia	GAA	E	D	0.0	0.241552548416	0.3	0.15	0.65	0.363636363636	0.0909090909091	1893.0	1.62859980139	32.0	0.0
Limulus	GAG	E	D	0.0	0.805960806972	0.2	0.0625	0.75	0.285714285714	0.0892857142857	1919.0	1.55555555556	34.0	0.0
Limulus	GAA	E	D	0.0	0.805960806972	0.363636363636	0.1	0.725	0.714285714286	0.0892857142857	1919.0	1.6504950495	32.0	0.0
Bracteacoccus_aerius	GAA	E	D	0.0	0.651162790698	0.1	0.0322580645161	0.935483870968	0.704545454545	0.0227272727273	1789.0	1.77622377622	32.0	0.0
Pycnococcus_provasolii	GAG	E	D	0.0	0.75786163522	0.0833333333333	0.0454545454545	0.909090909091	0.379310344828	0.0344827586207	1930.0	1.7923147301	34.0	0.0
Pycnococcus_provasolii	GAA	E	D	0.0	0.75786163522	0.0833333333333	0.0277777777778	0.888888888889	0.620689655172	0.0344827586207	1930.0	1.5285002767	32.0	0.0
Polytoma_uvella	GAG	E	D	0.0	0.0152116402116	0.285714285714	0.0588235294118	0.735294117647	1.0	0.0588235294118	1394.0	1.38970157987	34.0	0.0
Axinella	GAA	E	D	0.0	0.0814751286449	0.363636363636	0.129032258065	0.774193548387	0.516666666667	0.0666666666667	1924.0	1.84570690768	32.0	0.0
Terebratulina	GAA	E	D	0.0	0.678048780488	0.166666666667	0.0487804878049	0.756097560976	0.82	0.04	1915.0	1.42419825073	32.0	0.0
Chlorokybus_atmophyticus	GAA	E	D	0.0	0.574074074074	0.0833333333333	0.0217391304348	0.978260869565	0.851851851852	0.0185185185185	1930.0	1.79559471366	32.0	0.0
Bfloridae	GAG	E	D	2.0	0.824972327641	0.333333333333	0.142857142857	0.642857142857	0.368421052632	0.131578947368	1192.0	1.60285714286	34.0	0.0
Bfloridae	GAA	E	D	2.0	0.824972327641	0.333333333333	0.125	0.833333333333	0.631578947368	0.131578947368	1192.0	1.95877988458	32.0	0.0
Katharina	GAG	E	D	0.0	0.453406054065	0.4	0.142857142857	0.785714285714	0.254545454545	0.0909090909091	1917.0	2.10204081633	34.0	0.0
Katharina	GAA	E	D	0.0	0.453406054065	0.272727272727	0.0731707317073	0.780487804878	0.745454545455	0.0909090909091	1917.0	1.7173594132	32.0	0.0
Geodia	GAG	E	D	0.0	0.410910953641	0.2	0.0833333333333	0.875	0.421052631579	0.0526315789474	1925.0	1.87300252313	34.0	0.0
Geodia	GAA	E	D	0.0	0.410910953641	0.1	0.030303030303	0.878787878788	0.578947368421	0.0526315789474	1925.0	1.61927710843	32.0	0.0
Metridium	GAG	E	D	0.0	0.470436457118	0.1	0.0384615384615	0.923076923077	0.448275862069	0.0689655172414	1928.0	1.84094488189	34.0	0.0
Metridium	GAA	E	D	0.0	0.470436457118	0.272727272727	0.09375	0.8125	0.551724137931	0.0689655172414	1928.0	1.78442367601	32.0	0.0
Chlamydomonas_reinhardtii	GAG	E	D	0.0	0.0164285714286	0.142857142857	0.03125	0.75	1.0	0.03125	1389.0	1.27363807138	34.0	0.0
Chara_vulgaris	GAG	E	D	0.0	0.122641509434	0.111111111111	0.0769230769231	0.923076923077	0.245283018868	0.0188679245283	1930.0	1.88424437299	34.0	0.0
Acropora	GAG	E	D	0.0	0.827648766328	0.272727272727	0.111111111111	0.888888888889	0.620689655172	0.103448275862	1926.0	2.11560044893	34.0	0.0
Acropora	GAA	E	D	0.0	0.827648766328	0.181818181818	0.0909090909091	0.818181818182	0.379310344828	0.103448275862	1926.0	1.82951420715	32.0	0.0
Marchantia_polymorpha	GAG	E	D	0.0	0.185185185185	0.1	0.05	0.95	0.37037037037	0.0185185185185	1930.0	1.85158648925	34.0	0.0
Trichinella	GAG	E	D	0.0	0.836010108781	0.166666666667	0.142857142857	0.642857142857	0.297872340426	0.170212765957	1883.0	1.94617563739	34.0	0.0
Trichinella	GAA	E	D	0.0	0.836010108781	0.5	0.181818181818	0.606060606061	0.702127659574	0.170212765957	1883.0	1.70379436965	32.0	0.0
Bracteacoccus_minor	GAA	E	D	1.0	0.589743589744	0.0909090909091	0.0232558139535	0.720930232558	0.826923076923	0.0192307692308	1686.0	1.06798346348	32.0	0.0
Chromochloris_zofingiensis	GAA	E	D	0.0	0.0168367346939	0.0909090909091	0.0232558139535	0.790697674419	0.955555555556	0.0222222222222	1522.0	0.980064904961	32.0	0.0
Balanoglossus	GAA	E	D	0.0	0.166277681285	0.3	0.0857142857143	0.8	0.660377358491	0.0566037735849	1926.0	1.73783629078	32.0	0.0
Drosophila	GAA	E	D	0.0	0.54347826087	0.272727272727	0.0754716981132	0.77358490566	0.981481481481	0.0740740740741	1919.0	1.65568181818	32.0	0.0
Myxine	GAG	E	D	0.0	0.80072221488	0.125	0.0769230769231	0.769230769231	0.224137931034	0.103448275862	1919.0	1.52795031056	34.0	0.0
Myxine	GAA	E	D	0.0	0.80072221488	0.454545454545	0.111111111111	0.755555555556	0.775862068966	0.103448275862	1919.0	1.76332149201	32.0	0.0
Ciona	GAG	E	D	0.0	0.813300142248	0.142857142857	0.0833333333333	0.916666666667	0.272727272727	0.113636363636	1891.0	2.31175468484	34.0	0.0
Ciona	GAA	E	D	0.0	0.813300142248	0.25	0.125	0.75	0.727272727273	0.113636363636	1891.0	1.85552050473	32.0	0.0
Epigonichthys	GAG	E	D	0.0	0.834774335266	0.25	0.1	0.733333333333	0.5	0.1	1918.0	1.47459893048	34.0	0.0
Epigonichthys	GAA	E	D	0.0	0.834774335266	0.3	0.1	0.8	0.5	0.1	1918.0	1.87252311757	32.0	0.0
Daphnia	GAG	E	D	0.0	0.473995271868	0.125	0.0384615384615	0.846153846154	0.448275862069	0.0689655172414	1916.0	1.71105919003	34.0	0.0
Daphnia	GAA	E	D	0.0	0.473995271868	0.375	0.09375	0.6875	0.551724137931	0.0689655172414	1916.0	1.40061728395	32.0	0.0
Homo	GAG	E	D	0.0	0.772062904718	0.125	0.0625	0.8125	0.296296296296	0.0555555555556	1920.0	1.51698113208	34.0	0.0
Homo	GAA	E	D	0.0	0.772062904718	0.0909090909091	0.0526315789474	0.815789473684	0.703703703704	0.0555555555556	1920.0	1.66353677621	32.0	0.0
Blanceolatum	GAG	E	D	2.0	0.813588925306	0.375	0.125	0.75	0.631578947368	0.131578947368	1187.0	1.60414937759	34.0	0.0
Blanceolatum	GAA	E	D	2.0	0.813588925306	0.25	0.142857142857	0.857142857143	0.368421052632	0.131578947368	1187.0	2.23021582734	32.0	0.0
Saccoglossus	GAG	E	D	0.0	0.339017453135	0.142857142857	0.1	0.8	0.181818181818	0.0727272727273	1924.0	1.87354085603	34.0	0.0
Saccoglossus	GAA	E	D	0.0	0.339017453135	0.166666666667	0.0666666666667	0.888888888889	0.818181818182	0.0727272727273	1924.0	1.93360251234	32.0	0.0
Nephroselmis_olivacea	GAA	E	D	0.0	0.556603773585	0.0833333333333	0.0212765957447	0.978723404255	0.88679245283	0.0188679245283	1929.0	1.82903780069	32.0	0.0

### Alignment improvement:
