### Random Forest prediction
genome	codon	ori_aa	rea_aa	fitch	Fisher_pval	Gene_frac	N._rea	N._used	Cod._count	Sub._count	G._len	codon_lik	id	prediction	probability
LmeyeA	ATT	I	F	0.0	0.540322580645	0.142857142857	0.00787401574803	0.889763779528	0.920289855072	0.00724637681159	1429.0	-0.0192598187311	5.0	0.0	0.0
SpombA	ATT	I	F	0.0	0.775462292679	0.428571428571	0.0357142857143	0.642857142857	0.579310344828	0.0413793103448	1424.0	0.0802511415525	5.0	0.0	0.0
SpombA	ATC	I	F	0.0	0.775462292679	0.166666666667	0.03125	0.46875	0.220689655172	0.0413793103448	1424.0	-0.256996689738	7.0	0.0	0.0
SpombA	ATA	I	F	0.0	0.775462292679	0.166666666667	0.0689655172414	0.586206896552	0.2	0.0413793103448	1424.0	0.172628815228	4.0	0.0	0.046
WmucoA	ATT	I	F	0.0	0.809867333092	0.153846153846	0.0174418604651	0.813953488372	0.696356275304	0.0121457489879	2246.0	-0.0260234846081	5.0	0.0	0.0
AacerA	ATT	I	F	0.0	0.518518352285	0.5	0.016393442623	0.83606557377	0.968253968254	0.015873015873	630.0	-0.0382253607614	5.0	0.0	0.067
CsantA	ATA	I	F	0.0	0.708674783856	0.230769230769	0.0134529147982	0.650224215247	0.838345864662	0.0112781954887	2220.0	-0.114191125605	4.0	0.0	0.221
CtropB	ATT	I	F	0.0	0.242009083549	0.0833333333333	0.0149253731343	0.910447761194	0.292576419214	0.00436681222707	2250.0	-0.0869429241595	5.0	0.0	0.0
CtropA	ATT	I	F	0.0	0.244292186207	0.0769230769231	0.0142857142857	0.914285714286	0.305676855895	0.00436681222707	2250.0	-0.0903139413778	5.0	0.0	0.0
WpijpA	ATT	I	F	0.0	0.755280589926	0.142857142857	0.020202020202	0.878787878788	0.697183098592	0.0140845070423	1429.0	-0.00174114915844	5.0	0.0	0.0
BarxA	ATA	I	F	0.0	0.620689655172	1.0	0.0344827586207	0.724137931034	0.725	0.025	434.0	-0.0229127432517	4.0	0.0	0.228
CoxycA	ATT	I	F	0.0	0.27419349827	1.0	0.0588235294118	0.470588235294	0.377777777778	0.0222222222222	434.0	0.0181915462814	5.0	0.0	0.101
CsubhA	ATC	I	F	0.0	0.644560796246	0.153846153846	0.0118343195266	0.881656804734	0.836633663366	0.00990099009901	2244.0	-0.0432224905567	7.0	0.0	0.0
CsubhB	ATC	I	F	0.0	0.644560796246	0.153846153846	0.0118343195266	0.881656804734	0.836633663366	0.00990099009901	2244.0	-0.0432224905567	7.0	0.0	0.0
OanguA	ATT	I	F	0.0	0.637142731865	0.0769230769231	0.00588235294118	0.741176470588	0.708333333333	0.00416666666667	2248.0	-0.108518161363	5.0	0.0	0.0
SarboA	ATT	I	F	0.0	0.590163792929	0.142857142857	0.00854700854701	0.846153846154	0.78	0.00666666666667	1429.0	-0.0162701332679	5.0	0.0	0.0
CalaiA	ATA	I	F	0.0	0.689743482626	0.0909090909091	0.00729927007299	0.875912408759	0.603524229075	0.00440528634361	2056.0	-0.0658409387223	4.0	0.0	0.2
KtherA	ATT	I	F	0.0	0.536585365854	0.142857142857	0.0078125	0.8828125	0.927536231884	0.00724637681159	1429.0	-0.0235919712403	5.0	0.0	0.0
CblacA	ATA	I	F	1.0	0.742424153495	1.0	0.05	0.8	0.5	0.025	434.0	-0.0305239179954	4.0	0.0	0.234
CnorvA	ATT	I	F	0.0	0.187910559325	0.153846153846	0.030303030303	0.787878787879	0.259842519685	0.0157480314961	2249.0	0.00682482937927	5.0	0.0	0.0
CnorvA	ATA	I	F	0.0	0.187910559325	0.0769230769231	0.010752688172	0.795698924731	0.732283464567	0.0157480314961	2249.0	-0.0997039096018	4.0	0.0	0.217
CviswA	ATT	I	F	0.0	0.253333276558	0.0769230769231	0.0121951219512	0.890243902439	0.334693877551	0.00408163265306	2249.0	-0.0700794581217	5.0	0.0	0.0
MstarA	ATT	I	F	0.0	0.10569330433	0.0833333333333	0.0128205128205	0.782051282051	0.317073170732	0.0121951219512	2249.0	-0.0733724251992	5.0	0.0	0.0
MstarA	ATC	I	F	0.0	0.10569330433	0.2	0.166666666667	0.833333333333	0.0243902439024	0.0121951219512	2249.0	0.854132901135	7.0	0.0	0.0
MstarA	ATA	I	F	0.0	0.10569330433	0.0909090909091	0.00617283950617	0.746913580247	0.658536585366	0.0121951219512	2249.0	-0.0549060817024	4.0	0.0	0.22
NbaciA	ATT	I	F	0.0	0.570247785511	0.142857142857	0.00813008130081	0.837398373984	0.825503355705	0.00671140939597	1428.0	-0.0443265178711	5.0	0.0	0.0
CtetrA	ATA	I	F	0.0	0.782110016516	0.0769230769231	0.00943396226415	0.88679245283	0.447257383966	0.0042194092827	2249.0	-0.0853238866397	4.0	0.0	0.2
CbohiA	ATA	I	F	0.0	0.237669197083	0.230769230769	0.0232558139535	0.899224806202	0.556034482759	0.0129310344828	2250.0	-0.030203324053	4.0	0.0	0.221
LstarA	ATT	I	F	0.0	0.519695707923	0.111111111111	0.0103092783505	0.752577319588	0.570588235294	0.0176470588235	1834.0	-0.0518106457243	5.0	0.0	0.0
LstarA	ATA	I	F	0.0	0.519695707923	0.222222222222	0.031746031746	0.746031746032	0.370588235294	0.0176470588235	1834.0	0.0498245614035	4.0	0.0	0.238
MfariA	ATA	I	F	0.0	0.710526215847	0.0769230769231	0.00724637681159	0.869565217391	0.582278481013	0.0042194092827	2248.0	-0.0589112017571	4.0	0.0	0.2
MfariB	ATA	I	F	0.0	0.716346055914	0.0769230769231	0.00751879699248	0.87969924812	0.578260869565	0.00434782608696	2250.0	-0.0501217362102	4.0	0.0	0.2
CcastA	ATT	I	F	0.0	0.0401244361968	0.285714285714	0.0222222222222	0.844444444444	0.849056603774	0.0251572327044	1428.0	0.0574614674338	5.0	0.0	0.0
CcastA	ATA	I	F	0.0	0.0401244361968	0.2	0.0555555555556	0.0555555555556	0.11320754717	0.0251572327044	1428.0	0.235388739946	4.0	0.0	0.015
LanspB	ATT	I	F	0.0	0.532786885246	0.142857142857	0.0077519379845	0.875968992248	0.934782608696	0.00724637681159	1429.0	-0.0145789943469	5.0	0.0	0.0
CphanA	ATA	I	F	0.0	0.747023722183	0.0833333333333	0.00892857142857	0.75	0.51376146789	0.0045871559633	2247.0	-0.058642587815	4.0	0.0	0.2
LanspA	ATT	I	F	0.0	0.571428571429	0.142857142857	0.00884955752212	0.893805309735	0.84962406015	0.00751879699248	1429.0	-0.0164184157075	5.0	0.0	0.0
CsojaA	ATA	I	F	1.0	0.732638796581	0.125	0.0120481927711	0.915662650602	0.538961038961	0.00649350649351	1498.0	-0.0302350145234	4.0	0.0	0.202
CglabA	ATT	I	F	0.0	0.593889716841	0.142857142857	0.0157480314961	0.850393700787	0.907142857143	0.0142857142857	1413.0	-0.0200376647834	5.0	0.0	0.0
ScryoA	ATT	I	F	0.0	0.801319955156	0.571428571429	0.0630630630631	0.63963963964	0.816176470588	0.0588235294118	1424.0	0.155817174515	5.0	0.0	0.0
ScryoA	ATC	I	F	0.0	0.801319955156	0.2	0.04	0.52	0.183823529412	0.0588235294118	1424.0	-0.0775960441232	7.0	0.0	0.0
CneerA	ATC	I	F	0.0	0.0913241693832	0.1	0.0217391304348	0.847826086957	0.189300411523	0.00411522633745	2249.0	-0.106345346009	7.0	0.0	0.0
CsakeA	ATA	I	F	0.0	0.662679309376	0.0833333333333	0.00641025641026	0.897435897436	0.678260869565	0.00434782608696	2207.0	-0.0413257523228	4.0	0.0	0.2
HuvarA	ATT	I	F	0.0	0.212042850396	0.666666666667	0.0526315789474	0.631578947368	0.748031496063	0.0393700787402	1361.0	0.172956609485	5.0	0.0	0.0
CjiufA	ATA	I	F	0.0	0.10321097354	0.0909090909091	0.0208333333333	0.916666666667	0.206008583691	0.00429184549356	2231.0	-0.0659207005595	4.0	0.0	0.174
KlactA	ATT	I	F	0.0	0.529166666667	0.142857142857	0.00806451612903	0.903225806452	0.925373134328	0.00746268656716	1408.0	-0.0157833655706	5.0	0.0	0.0
CzempA	ATA	I	F	0.0	0.721153749881	0.142857142857	0.010989010989	0.626373626374	0.53216374269	0.00584795321637	1428.0	-0.26835978836	4.0	0.0	0.236
CmetaB	ATT	I	F	0.0	0.727876012243	0.0769230769231	0.00763358778626	0.931297709924	0.555084745763	0.00423728813559	2250.0	-0.0637904715996	5.0	0.0	0.0
CmetaC	ATT	I	F	0.0	0.727876012243	0.0769230769231	0.00763358778626	0.931297709924	0.555084745763	0.00423728813559	2250.0	-0.0637904715996	5.0	0.0	0.0
CmetaA	ATT	I	F	0.0	0.727876012243	0.0769230769231	0.00763358778626	0.931297709924	0.555084745763	0.00423728813559	2250.0	-0.0637904715996	5.0	0.0	0.0
CmetaF	ATT	I	F	0.0	0.727876012243	0.0769230769231	0.00763358778626	0.931297709924	0.555084745763	0.00423728813559	2250.0	-0.0637904715996	5.0	0.0	0.0
CfrijA	ATA	I	F	0.0	0.72954536117	0.0769230769231	0.00724637681159	0.855072463768	0.552	0.004	2249.0	-0.0935468140442	4.0	0.0	0.2
CmetaD	ATT	I	F	0.0	0.727876012243	0.0769230769231	0.00763358778626	0.931297709924	0.555084745763	0.00423728813559	2250.0	-0.0637904715996	5.0	0.0	0.0
CmetaE	ATT	I	F	0.0	0.727876012243	0.0769230769231	0.00763358778626	0.931297709924	0.555084745763	0.00423728813559	2250.0	-0.0637904715996	5.0	0.0	0.0
PpastA	ATA	I	F	0.0	0.682584160074	0.0769230769231	0.00714285714286	0.8	0.648148148148	0.00462962962963	2248.0	-0.118705035971	4.0	0.0	0.2
SjapoA	ATT	I	F	0.0	0.785993507079	0.428571428571	0.0384615384615	0.605769230769	0.654088050314	0.0440251572327	1423.0	-0.00537136506761	5.0	0.0	0.0
SjapoA	ATC	I	F	0.0	0.785993507079	0.142857142857	0.0333333333333	0.533333333333	0.188679245283	0.0440251572327	1423.0	0.0279025016036	7.0	0.0	0.0
SjapoA	ATA	I	F	0.0	0.785993507079	0.4	0.08	0.64	0.157232704403	0.0440251572327	1423.0	0.247921390779	4.0	0.0	0.04
MmagnB	ATT	I	F	0.0	0.18023255814	0.1	0.0243902439024	0.731707317073	0.190697674419	0.0093023255814	2249.0	-0.0683107274969	5.0	0.0	0.0
MmagnB	ATC	I	F	0.0	0.18023255814	0.0769230769231	0.00574712643678	0.804597701149	0.809302325581	0.0093023255814	2249.0	-0.025121452314	7.0	0.0	0.0
MmagnA	ATT	I	F	0.0	0.197674418605	0.1	0.0227272727273	0.75	0.203703703704	0.00925925925926	2249.0	-0.0879478827362	5.0	0.0	0.0
MmagnA	ATC	I	F	0.0	0.197674418605	0.0769230769231	0.00581395348837	0.796511627907	0.796296296296	0.00925925925926	2249.0	-0.0252192982456	7.0	0.0	0.0
CcoryA	ATC	I	F	0.0	0.0934065611576	0.1	0.0285714285714	0.942857142857	0.174129353234	0.00497512437811	2250.0	-0.0376877302352	7.0	0.0	0.0
CparaC	ATT	I	F	0.0	0.67555544354	0.0769230769231	0.00657894736842	0.953947368421	0.652360515021	0.00429184549356	2250.0	-0.0584074515022	5.0	0.0	0.0
CparaB	ATT	I	F	0.0	0.67555544354	0.0769230769231	0.00657894736842	0.953947368421	0.652360515021	0.00429184549356	2250.0	-0.0584074515022	5.0	0.0	0.0
CparaE	ATT	I	F	0.0	0.67555544354	0.0769230769231	0.00657894736842	0.953947368421	0.652360515021	0.00429184549356	2250.0	-0.0584074515022	5.0	0.0	0.0
CparaD	ATT	I	F	0.0	0.67555544354	0.0769230769231	0.00657894736842	0.953947368421	0.652360515021	0.00429184549356	2250.0	-0.0584074515022	5.0	0.0	0.0
CparaF	ATT	I	F	0.0	0.67555544354	0.0769230769231	0.00657894736842	0.953947368421	0.652360515021	0.00429184549356	2250.0	-0.0584074515022	5.0	0.0	0.0
MtetrA	ATT	I	F	0.0	0.0833333333333	0.125	0.030303030303	0.787878787879	0.165	0.005	2248.0	-0.0523255813953	5.0	0.0	0.0
CsaraA	ATT	I	F	0.0	0.26351346608	0.0909090909091	0.0144927536232	0.869565217391	0.282786885246	0.00409836065574	2249.0	-0.0353260869565	5.0	0.0	0.0
CsuavA	ATT	I	F	0.0	0.722014829398	0.0769230769231	0.0106382978723	0.787234042553	0.758064516129	0.00806451612903	2250.0	-0.0430253090053	5.0	0.0	0.0
PkluyA	ATA	I	F	0.0	0.521604773104	0.0769230769231	0.00485436893204	0.747572815534	0.953703703704	0.00462962962963	2247.0	-0.0381627296588	4.0	0.0	0.2
PcanaA	ATT	I	F	0.0	0.78372550601	0.1	0.010752688172	0.806451612903	0.373493975904	0.00803212851406	2250.0	-0.0943162633652	5.0	0.0	0.0
PcanaA	ATA	I	F	0.0	0.78372550601	0.0833333333333	0.00694444444444	0.763888888889	0.578313253012	0.00803212851406	2250.0	-0.0708877074271	4.0	0.0	0.2
CjadiA	ATT	I	F	0.0	0.622980949666	0.0769230769231	0.00970873786408	0.825242718447	0.865546218487	0.00840336134454	2250.0	-0.0458344423742	5.0	0.0	0.0
AgossB	ATT	I	F	0.0	0.527343586814	0.142857142857	0.00680272108844	0.816326530612	0.753846153846	0.00512820512821	1427.0	-0.0464217900871	5.0	0.0	0.0
NdelpA	ATT	I	F	0.0	0.585765550706	0.142857142857	0.0151515151515	0.833333333333	0.910344827586	0.0137931034483	1412.0	-0.0279410697438	5.0	0.0	0.0
CpseuA	ATA	I	F	0.0	0.117647018205	1.0	0.111111111111	0.777777777778	0.214285714286	0.0238095238095	434.0	0.142857142857	4.0	0.0	0.354
CchauA	ATA	I	F	0.0	0.563542856202	0.153846153846	0.0217391304348	0.880434782609	0.457711442786	0.00995024875622	2250.0	-0.0805562215296	4.0	0.0	0.2
BcaliA	ATT	I	F	0.0	0.809513661581	0.0833333333333	0.00909090909091	0.790909090909	0.438247011952	0.0119521912351	2250.0	-0.0991539119688	5.0	0.0	0.0
BcaliA	ATA	I	F	0.0	0.809513661581	0.166666666667	0.015037593985	0.827067669173	0.529880478088	0.0119521912351	2250.0	-0.0319650655022	4.0	0.0	0.201
SoctoA	ATT	I	F	0.0	0.209879155502	0.666666666667	0.051724137931	0.603448275862	0.834532374101	0.0575539568345	1425.0	0.101416853095	5.0	0.0	0.0
SoctoA	ATC	I	F	0.0	0.209879155502	0.166666666667	0.0869565217391	0.478260869565	0.165467625899	0.0575539568345	1425.0	0.090458488228	7.0	0.0	0.0
CvartA	ATT	I	F	0.0	0.686048191868	0.0769230769231	0.0106951871658	0.828877005348	0.779166666667	0.00833333333333	2250.0	-0.0510755780513	5.0	0.0	0.0
LdasiA	ATT	I	F	0.0	0.540983606557	0.142857142857	0.008	0.888	0.912408759124	0.00729927007299	1429.0	-0.0190111153699	5.0	0.0	0.0
LkluyF	ATT	I	F	0.0	0.512820512821	0.142857142857	0.00787401574803	0.889763779528	0.962121212121	0.00757575757576	1429.0	-0.0149795733091	5.0	0.0	0.0
LkluyE	ATT	I	F	0.0	0.521551724138	0.142857142857	0.008	0.88	0.954198473282	0.00763358778626	1429.0	-0.0078377132319	5.0	0.0	0.0
LkluyD	ATT	I	F	0.0	0.525862068966	0.142857142857	0.00819672131148	0.893442622951	0.931297709924	0.00763358778626	1429.0	-0.0128356563509	5.0	0.0	0.0
LkluyC	ATT	I	F	0.0	0.512820512821	0.142857142857	0.00787401574803	0.889763779528	0.962121212121	0.00757575757576	1429.0	-0.0149795733091	5.0	0.0	0.0
LkluyB	ATT	I	F	0.0	0.517857142857	1.0	0.030303030303	0.787878787879	0.942857142857	0.0285714285714	434.0	0.0308710033076	5.0	0.0	0.061
LkluyA	ATT	I	F	0.0	0.512820512821	0.142857142857	0.00787401574803	0.889763779528	0.962121212121	0.00757575757576	1429.0	-0.0149795733091	5.0	0.0	0.0
CorthB	ATT	I	F	0.0	0.690582852814	0.0769230769231	0.00689655172414	0.944827586207	0.625	0.00431034482759	2250.0	-0.0626881010057	5.0	0.0	0.0
CorthC	ATT	I	F	0.0	0.686098546333	0.0769230769231	0.00680272108844	0.945578231293	0.633620689655	0.00431034482759	2250.0	-0.0639312287799	5.0	0.0	0.0
CorthA	ATT	I	F	0.0	0.690582852814	0.0769230769231	0.00689655172414	0.944827586207	0.625	0.00431034482759	2250.0	-0.0632799882543	5.0	0.0	0.0
ClusiA	ATA	I	F	0.0	0.573459568375	0.0769230769231	0.00507614213198	0.908629441624	0.849137931034	0.00431034482759	2250.0	-0.061835325074	4.0	0.0	0.2
MguilA	ATA	I	F	0.0	0.636363510817	0.0769230769231	0.00574712643678	0.913793103448	0.719008264463	0.00413223140496	2250.0	-0.0466369961763	4.0	0.0	0.2
SpastA	ATT	I	F	0.0	0.59243697479	0.142857142857	0.00877192982456	0.842105263158	0.797202797203	0.00699300699301	1429.0	-0.0251450676983	5.0	0.0	0.0
ScereC	ATT	I	F	0.0	0.573770344646	0.142857142857	0.00813008130081	0.837398373984	0.831081081081	0.00675675675676	1429.0	-0.0343137254902	5.0	0.0	0.0
ScereA	ATT	I	F	0.0	0.577868706717	0.142857142857	0.00826446280992	0.842975206612	0.828767123288	0.00684931506849	1429.0	-0.0333675970586	5.0	0.0	0.0
ScereD	ATT	I	F	0.0	0.594262154999	0.142857142857	0.00854700854701	0.837606837607	0.801369863014	0.00684931506849	1429.0	-0.0333633167062	5.0	0.0	0.0
ScereE	ATT	I	F	0.0	0.581967068787	0.142857142857	0.00833333333333	0.841666666667	0.816326530612	0.00680272108844	1429.0	-0.0354977664327	5.0	0.0	0.0
CsalmA	ATT	I	F	0.0	0.105270193659	0.333333333333	0.0235294117647	0.664705882353	0.699588477366	0.0205761316872	2153.0	0.00664876614244	5.0	0.0	0.0
CsalmA	ATC	I	F	0.0	0.105270193659	0.142857142857	0.1	0.6	0.0411522633745	0.0205761316872	2153.0	0.0988184747583	7.0	0.0	0.0
LnothA	ATT	I	F	0.0	0.540650406504	0.142857142857	0.0078125	0.875	0.920863309353	0.00719424460432	1429.0	-0.0245895494415	5.0	0.0	0.0
BcustA	ATA	I	F	0.0	0.434491063831	0.230769230769	0.0192307692308	0.724358974359	0.712328767123	0.013698630137	2247.0	-0.0721792035398	4.0	0.0	0.221
CtheaA	ATT	I	F	0.0	0.727477383388	0.0769230769231	0.008	0.96	0.541125541126	0.004329004329	2250.0	-0.0567269076305	5.0	0.0	0.0
AgossA	ATT	I	F	0.0	0.523437335465	0.142857142857	0.00675675675676	0.817567567568	0.770833333333	0.00520833333333	1427.0	-0.0475416233091	5.0	0.0	0.0
MingeA	ATT	I	F	0.0	0.0586063700125	0.0833333333333	0.010752688172	0.806451612903	0.378048780488	0.0121951219512	2249.0	-0.0515526443474	5.0	0.0	0.0
MingeA	ATC	I	F	0.0	0.0586063700125	0.333333333333	0.166666666667	0.666666666667	0.0243902439024	0.0121951219512	2249.0	0.196567862715	7.0	0.0	0.0
MingeA	ATA	I	F	0.0	0.0586063700125	0.0833333333333	0.00680272108844	0.741496598639	0.59756097561	0.0121951219512	2249.0	-0.0850608631501	4.0	0.0	0.149
ScastA	ATT	I	F	0.0	0.100501020444	0.142857142857	0.0077519379845	0.837209302326	0.816455696203	0.0126582278481	1426.0	-0.0654713190983	5.0	0.0	0.0
ScastA	ATA	I	F	0.0	0.100501020444	0.2	0.0416666666667	0.125	0.151898734177	0.0126582278481	1426.0	-0.239408473221	4.0	0.0	0.159
CmaltA	ATA	I	F	0.0	0.7079438244	0.0769230769231	0.00724637681159	0.898550724638	0.587234042553	0.00425531914894	2250.0	-0.0782965947697	4.0	0.0	0.2
KmarxA	ATT	I	F	0.0	0.58064516129	1.0	0.0322580645161	0.806451612903	0.837837837838	0.027027027027	434.0	0.0134976525822	5.0	0.0	0.06