### Random Forest prediction
genome	codon	ori_aa	rea_aa	fitch	Fisher_pval	Gene_frac	N._rea	N._used	Cod._count	Sub._count	G._len	codon_lik	id	prediction	probability
SpombA	TCA	S	I	0.0	0.248033848975	0.166666666667	0.0487804878049	0.536585365854	0.394230769231	0.0192307692308	1424.0	-1.44282069125	28.0	0.0	0.0
CgallA	TCA	S	I	0.0	0.753846068861	0.0833333333333	0.0123456790123	0.777777777778	0.48502994012	0.0059880239521	2247.0	-1.83307107265	28.0	0.0	0.0
BarxA	TCA	S	I	0.0	0.739999910234	1.0	0.047619047619	0.571428571429	0.583333333333	0.0277777777778	434.0	-1.40926808142	28.0	0.0	0.064
CsubhA	AGT	S	I	0.0	0.0874999892108	0.166666666667	0.0909090909091	0.818181818182	0.0621468926554	0.00564971751412	2244.0	-1.42280524723	9.0	0.0	0.0
CsubhB	AGT	S	I	0.0	0.0874999892108	0.166666666667	0.0909090909091	0.818181818182	0.0621468926554	0.00564971751412	2244.0	-1.42280524723	9.0	0.0	0.0
OanguA	TCA	S	I	0.0	0.755101956264	0.0769230769231	0.0119047619048	0.845238095238	0.48	0.00571428571429	2248.0	-1.81797974809	28.0	0.0	0.0
CalaiA	TCT	S	I	0.0	0.135714238858	0.125	0.025	0.925	0.254777070064	0.00636942675159	2056.0	-1.79260059411	29.0	0.0	0.0
LstarA	TCA	S	I	0.0	0.158163224792	0.125	0.037037037037	0.814814814815	0.2	0.00740740740741	1834.0	-1.81299286519	28.0	0.0	0.0
CphanA	TCA	S	I	0.0	0.753846068861	0.0833333333333	0.0117647058824	0.741176470588	0.518292682927	0.00609756097561	2247.0	-1.83111718653	28.0	0.0	0.0
ScryoA	AGT	S	I	0.0	0.0184331744201	0.166666666667	0.0322580645161	0.451612903226	0.292452830189	0.0188679245283	1424.0	-1.63313971263	9.0	0.0	0.0
ScryoA	AGC	S	I	0.0	0.0184331744201	0.333333333333	0.166666666667	0.5	0.0566037735849	0.0188679245283	1424.0	-0.868932038835	11.0	0.0	0.0
HuvarA	TCT	S	I	0.0	0.607243422974	0.166666666667	0.0384615384615	0.615384615385	0.247619047619	0.0190476190476	1361.0	-1.50073800738	29.0	0.0	0.0
HuvarA	TCA	S	I	0.0	0.607243422974	0.166666666667	0.02	0.62	0.47619047619	0.0190476190476	1361.0	-1.67793696275	28.0	0.0	0.0
CzempA	TCT	S	I	0.0	0.887096735213	0.166666666667	0.0294117647059	0.588235294118	0.309090909091	0.0181818181818	1428.0	-1.63926174497	29.0	0.0	0.0
CzempA	TCA	S	I	0.0	0.887096735213	0.166666666667	0.0263157894737	0.526315789474	0.345454545455	0.0181818181818	1428.0	-1.50024962556	28.0	0.0	0.0
PpastA	TCA	S	I	0.0	0.701298598171	0.0769230769231	0.00884955752212	0.805309734513	0.597883597884	0.00529100529101	2248.0	-1.81830456167	28.0	0.0	0.0
SjapoA	TCT	S	I	0.0	0.793759844183	0.285714285714	0.0327868852459	0.622950819672	0.586538461538	0.0192307692308	1423.0	-1.67898923725	29.0	0.0	0.0
MtetrA	TCA	S	I	3.0	0.667910412978	0.111111111111	0.027027027027	0.702702702703	0.217647058824	0.0	2248.0	-1.42403568617	28.0	0.0	0.056
PkluyA	TCA	S	I	0.0	0.642857019552	0.0769230769231	0.00819672131148	0.811475409836	0.697142857143	0.00571428571429	2247.0	-1.83736126029	28.0	0.0	0.0
YlipoB	AGT	S	I	0.0	0.414062451449	0.0833333333333	0.0232558139535	0.813953488372	0.262195121951	0.00609756097561	2247.0	-1.78948801743	9.0	0.0	0.0
YlipoA	AGT	S	I	0.0	0.414062451449	0.0833333333333	0.0232558139535	0.813953488372	0.262195121951	0.00609756097561	2247.0	-1.78948801743	9.0	0.0	0.0
CjadiA	TCT	S	I	0.0	0.087248294342	0.1	0.0384615384615	0.884615384615	0.148571428571	0.00571428571429	2250.0	-1.78676470588	29.0	0.0	0.0
CalimA	TCA	S	I	0.0	0.753846068861	0.0833333333333	0.0121951219512	0.768292682927	0.493975903614	0.00602409638554	2247.0	-1.85346611485	28.0	0.0	0.0
SoctoA	AGT	S	I	0.0	0.0348182163455	0.333333333333	0.0625	0.46875	0.301886792453	0.0188679245283	1425.0	-1.39571556084	9.0	0.0	0.0
CdefoA	AGT	S	I	0.0	0.376923026463	0.0833333333333	0.0227272727273	0.840909090909	0.266666666667	0.00606060606061	2247.0	-1.80378250591	9.0	0.0	0.0
CsalmA	TCA	S	I	0.0	0.149122764618	0.125	0.0277777777778	0.75	0.220858895706	0.00613496932515	2153.0	-1.75405254332	28.0	0.0	0.0
BcustA	TCA	S	I	0.0	0.712686467968	0.0833333333333	0.0103092783505	0.783505154639	0.557471264368	0.00574712643678	2247.0	-1.8140954495	28.0	0.0	0.0
ScastA	AGT	S	I	0.0	0.104651134689	0.166666666667	0.0588235294118	0.764705882353	0.166666666667	0.00980392156863	1426.0	-1.52944507361	9.0	0.0	0.0