### Random Forest prediction
genome	codon	ori_aa	rea_aa	fitch	Fisher pval	Gene frac	N. rea	N. used	Cod. count	Sub. count	G. len	codon_lik	id	prediction	probability
Paracentrotus	GCC	A	L	0.0	0.439655109911	0.25	0.037037037037	0.740740740741	0.409090909091	0.0151515151515	979.0	-0.895962732919	47.0	0.0	0.005
Fasciola	GCT	A	L	2.0	0.718749902897	0.2	0.0434782608696	0.347826086957	0.69696969697	0.030303030303	878.0	-1.42936802974	45.0	0.0	0.044
Patiria	GCA	A	L	0.0	0.398305023302	0.2	0.047619047619	0.952380952381	0.35	0.0166666666667	979.0	-0.894409937888	44.0	0.0	0.005
Lumbricus	GCA	A	L	0.0	0.0857142789886	0.2	0.0434782608696	0.826086956522	0.323943661972	0.0281690140845	977.0	-1.02033271719	44.0	0.0	0.047
Lumbricus	GCG	A	L	0.0	0.0857142789886	0.5	0.25	0.5	0.056338028169	0.0281690140845	977.0	0.520408163265	46.0	0.0	0.084
Halocynthia	GCT	A	L	0.0	0.674999887792	0.2	0.0333333333333	0.833333333333	0.612244897959	0.0204081632653	963.0	-0.862606232295	45.0	0.0	0.005
Caenorhabditis	GCA	A	L	0.0	0.00628359397	0.25	0.105263157895	0.684210526316	0.358490566038	0.0754716981132	959.0	-0.928730512249	44.0	0.0	0.139
Caenorhabditis	GCC	A	L	0.0	0.00628359397	0.333333333333	0.333333333333	0.333333333333	0.0566037735849	0.0754716981132	959.0	-0.0833333333333	47.0	0.0	0.214
Caenorhabditis	GCG	A	L	0.0	0.00628359397	1.0	1.0	0.0	0.0188679245283	0.0754716981132	959.0	2.95833333333	46.0	0.0	0.422
Terebratulina	GCA	A	L	0.0	0.851178399797	0.2	0.05	0.8	0.307692307692	0.0307692307692	977.0	-1.0	44.0	0.0	0.005
Terebratulina	GCC	A	L	0.0	0.851178399797	0.2	0.03125	0.78125	0.492307692308	0.0307692307692	977.0	-0.955941255007	47.0	0.0	0.005
Katharina	GCA	A	L	0.0	0.0392156819419	0.2	0.0909090909091	0.636363636364	0.196428571429	0.0357142857143	976.0	-1.04580152672	44.0	0.0	0.14
Katharina	GCC	A	L	0.0	0.0392156819419	0.5	0.25	0.75	0.0714285714286	0.0357142857143	976.0	-0.122448979592	47.0	0.0	0.165
Geodia	GCA	A	L	0.0	0.212549004985	0.2	0.0588235294118	0.647058823529	0.27868852459	0.0327868852459	979.0	-1.06393861893	44.0	0.0	0.007
Geodia	GCG	A	L	0.0	0.212549004985	0.2	0.111111111111	0.888888888889	0.147540983607	0.0327868852459	979.0	-0.703349282297	46.0	0.0	0.011
Metridium	GCC	A	L	0.0	0.40517235129	0.2	0.0416666666667	0.833333333333	0.363636363636	0.0151515151515	979.0	-0.804920913884	47.0	0.0	0.005
Trichinella	GCC	A	L	0.0	0.386363581437	0.333333333333	0.125	0.75	0.210526315789	0.0263157894737	866.0	-0.63829787234	47.0	0.0	0.009
Balanoglossus	GCC	A	L	0.0	0.62704914967	0.2	0.0689655172414	0.827586206897	0.432835820896	0.0298507462687	978.0	-0.80706921944	47.0	0.0	0.005
Drosophila	GCA	A	L	0.0	0.172413751435	0.25	0.0714285714286	0.928571428571	0.229508196721	0.016393442623	979.0	-0.699088145897	44.0	0.0	0.041
Myxine	GCT	A	L	0.0	0.809999934402	0.2	0.0454545454545	0.818181818182	0.379310344828	0.0172413793103	979.0	-0.825581395349	45.0	0.0	0.005
Saccoglossus	GCA	A	L	0.0	0.816949089343	0.25	0.0357142857143	0.928571428571	0.444444444444	0.031746031746	978.0	-0.904255319149	44.0	0.0	0.005
Saccoglossus	GCT	A	L	0.0	0.816949089343	0.2	0.0416666666667	0.958333333333	0.380952380952	0.031746031746	978.0	-0.830630630631	45.0	0.0	0.005
Daphnia	GCA	A	L	0.0	0.285714242558	0.25	0.0625	0.8125	0.262295081967	0.016393442623	979.0	-0.876344086022	44.0	0.0	0.005
Homo	GCA	A	L	0.0	0.286953206514	0.25	0.0833333333333	0.666666666667	0.203389830508	0.0338983050847	978.0	-0.564285714286	44.0	0.0	0.009
Homo	GCC	A	L	0.0	0.286953206514	0.2	0.0294117647059	0.882352941176	0.576271186441	0.0338983050847	978.0	-0.96973518285	47.0	0.0	0.005
Epigonichthys	GCT	A	L	0.0	0.499999944513	0.25	0.05	0.85	0.327868852459	0.016393442623	978.0	-0.939583333333	45.0	0.0	0.005