### Random Forest prediction
genome	codon	ori_aa	rea_aa	fitch	Fisher pval	Gene frac	N. rea	N. used	Cod. count	Sub. count	G. len	codon_lik	id	prediction
Paracentrotus	CTC	L	G	0.0	0.178115969622	0.125	0.04	0.72	0.0915750915751	0.010989010989	1926.0	-3.33230054222	55.0	0.0
Paracentrotus	TTA	L	G	0.0	0.178115969622	0.166666666667	0.037037037037	0.722222222222	0.197802197802	0.010989010989	1926.0	-3.16492617933	20.0	0.0
Caenorhabditis	CTA	L	G	0.0	0.154474698243	0.181818181818	0.0909090909091	0.454545454545	0.0827067669173	0.0187969924812	1865.0	-2.54480286738	52.0	0.0
Caenorhabditis	TTA	L	G	0.0	0.154474698243	0.25	0.0171428571429	0.6	0.657894736842	0.0187969924812	1865.0	-3.19425901202	20.0	0.0
Schistosoma	CTC	L	G	0.0	0.123425566802	0.333333333333	0.25	0.5	0.0160642570281	0.0361445783133	1800.0	-1.54187192118	55.0	0.0
Schistosoma	TTA	L	G	0.0	0.123425566802	0.416666666667	0.056338028169	0.450704225352	0.570281124498	0.0361445783133	1800.0	-2.69324900316	20.0	0.0
Fasciola	CTT	L	G	0.0	0.95913673345	0.1	0.0263157894737	0.421052631579	0.139194139194	0.029304029304	1825.0	-3.13136456212	53.0	0.0
Fasciola	TTA	L	G	0.0	0.95913673345	0.166666666667	0.0357142857143	0.535714285714	0.205128205128	0.029304029304	1825.0	-2.90224525043	20.0	0.0
Fasciola	TTG	L	G	0.0	0.95913673345	0.333333333333	0.030303030303	0.466666666667	0.604395604396	0.029304029304	1825.0	-3.02206139839	22.0	0.0
Dunaliella_salina	CTT	L	G	0.0	0.394808731561	0.166666666667	0.0384615384615	0.653846153846	0.12380952381	0.0142857142857	1392.0	-3.13303437967	53.0	0.0
Dunaliella_salina	TTA	L	G	0.0	0.394808731561	0.142857142857	0.0121951219512	0.664634146341	0.780952380952	0.0142857142857	1392.0	-3.37091503268	20.0	0.0
Patiria	CTA	L	G	0.0	0.548494967689	0.0769230769231	0.010752688172	0.763440860215	0.336956521739	0.00724637681159	1926.0	-3.48428065792	52.0	0.0
Patiria	CTC	L	G	0.0	0.548494967689	0.111111111111	0.0285714285714	0.742857142857	0.126811594203	0.00724637681159	1926.0	-3.427100271	55.0	0.0
Mesostigma_viride	CTT	L	G	0.0	0.281124461941	0.0909090909091	0.015625	0.796875	0.231884057971	0.0036231884058	1873.0	-3.5245603396	53.0	0.0
Lumbricus	TTA	L	G	0.0	0.567039068534	0.0833333333333	0.0161290322581	0.612903225806	0.235741444867	0.00380228136882	1920.0	-3.27684667908	20.0	0.0
Halocynthia	TTA	L	G	0.0	0.516044821901	0.416666666667	0.0461538461538	0.607692307692	0.509803921569	0.0274509803922	1893.0	-3.04991034071	20.0	0.0
Halocynthia	TTG	L	G	0.0	0.516044821901	0.0833333333333	0.0105263157895	0.610526315789	0.372549019608	0.0274509803922	1893.0	-3.42857142857	22.0	0.0
Limulus	CTA	L	G	0.0	0.366099815461	0.222222222222	0.046511627907	0.697674418605	0.166666666667	0.0232558139535	1919.0	-3.21521252796	52.0	0.0
Limulus	TTA	L	G	0.0	0.366099815461	0.166666666667	0.0192307692308	0.692307692308	0.403100775194	0.0232558139535	1919.0	-3.2578125	20.0	0.0
Limulus	TTG	L	G	0.0	0.366099815461	0.166666666667	0.0588235294118	0.735294117647	0.131782945736	0.0232558139535	1919.0	-3.09178470255	22.0	0.0
Bracteacoccus_aerius	TTG	L	G	0.0	0.814931472727	0.181818181818	0.0109289617486	0.704918032787	0.626712328767	0.00684931506849	1789.0	-3.42077076552	22.0	0.0
Polytoma_uvella	CTG	L	G	0.0	0.632624309558	0.142857142857	0.025974025974	0.675324675325	0.396907216495	0.0103092783505	1394.0	-3.34042553191	54.0	0.0
Terebratulina	CTA	L	G	0.0	0.692042235714	0.0909090909091	0.00990099009901	0.653465346535	0.371323529412	0.0110294117647	1915.0	-3.40955697427	52.0	0.0
Terebratulina	CTC	L	G	0.0	0.692042235714	0.181818181818	0.0350877192982	0.649122807018	0.209558823529	0.0110294117647	1915.0	-3.23294279807	55.0	0.0
Bfloridae	TTA	L	G	0.0	0.630298092254	0.2	0.0352941176471	0.694117647059	0.425	0.015	1192.0	-3.30959963603	20.0	0.0
Katharina	TTA	L	G	0.0	0.736842014407	0.0769230769231	0.00746268656716	0.738805970149	0.517374517375	0.003861003861	1917.0	-3.45478374836	20.0	0.0
Metridium	TTG	L	G	0.0	0.342553162841	0.0833333333333	0.0217391304348	0.826086956522	0.163701067616	0.00355871886121	1928.0	-3.3505942275	22.0	0.0
Chlamydomonas_reinhardtii	TTG	L	G	0.0	0.458013186683	0.142857142857	0.0165289256198	0.710743801653	0.590243902439	0.00975609756098	1389.0	-3.40977084659	22.0	0.0
Acropora	TTA	L	G	0.0	0.854040727744	0.0769230769231	0.00884955752212	0.840707964602	0.407942238267	0.0072202166065	1926.0	-3.46820003485	20.0	0.0
Acropora	TTG	L	G	0.0	0.854040727744	0.0833333333333	0.0112359550562	0.865168539326	0.321299638989	0.0072202166065	1926.0	-3.55738424402	22.0	0.0
Trichinella	CTT	L	G	0.0	0.33449021197	0.0833333333333	0.0322580645161	0.354838709677	0.11231884058	0.036231884058	1883.0	-2.68694550063	53.0	0.0
Trichinella	CTG	L	G	0.0	0.33449021197	0.25	0.25	0.5	0.0144927536232	0.036231884058	1883.0	-1.44761904762	54.0	0.0
Trichinella	CTA	L	G	0.0	0.33449021197	0.1	0.0235294117647	0.541176470588	0.307971014493	0.036231884058	1883.0	-3.16845714286	52.0	0.0
Trichinella	TTA	L	G	0.0	0.33449021197	0.363636363636	0.0493827160494	0.592592592593	0.29347826087	0.036231884058	1883.0	-2.85891620912	20.0	0.0
Trichinella	TTG	L	G	0.0	0.33449021197	0.333333333333	0.0434782608696	0.565217391304	0.166666666667	0.036231884058	1883.0	-2.7990752417	22.0	0.0
Bracteacoccus_minor	TTG	L	G	0.0	0.75451079573	0.272727272727	0.02	0.646666666667	0.559701492537	0.0111940298507	1686.0	-3.32323491656	22.0	0.0
Chromochloris_zofingiensis	CTT	L	G	0.0	0.272380606716	0.1	0.0454545454545	0.590909090909	0.101851851852	0.0138888888889	1522.0	-3.10549258936	53.0	0.0
Chromochloris_zofingiensis	CTA	L	G	0.0	0.272380606716	0.1	0.0204081632653	0.69387755102	0.226851851852	0.0138888888889	1522.0	-3.34453781513	52.0	0.0
Chromochloris_zofingiensis	TTG	L	G	0.0	0.272380606716	0.0909090909091	0.0078125	0.71875	0.592592592593	0.0138888888889	1522.0	-3.35828146349	22.0	0.0
Balanoglossus	CTT	L	G	0.0	0.334090869073	0.0833333333333	0.0142857142857	0.714285714286	0.233333333333	0.00333333333333	1926.0	-3.39977603583	53.0	0.0
Drosophila	TTA	L	G	0.0	0.669461987264	0.166666666667	0.0127118644068	0.707627118644	0.867647058824	0.0110294117647	1919.0	-3.41809069997	20.0	0.0
Myxine	TTA	L	G	0.0	0.858695603388	0.0833333333333	0.0117647058824	0.6	0.3125	0.00367647058824	1919.0	-3.26355698529	20.0	0.0
Ciona	CTT	L	G	0.0	0.00462757813415	0.166666666667	0.0625	0.5	0.123076923077	0.0230769230769	1891.0	-2.97092671108	53.0	0.0
Ciona	CTA	L	G	0.0	0.00462757813415	0.2	0.0571428571429	0.542857142857	0.134615384615	0.0230769230769	1891.0	-2.95286195286	52.0	0.0
Ciona	TTG	L	G	0.0	0.00462757813415	0.25	0.0666666666667	0.6	0.115384615385	0.0230769230769	1891.0	-3.07242693774	22.0	0.0
Epigonichthys	CTG	L	G	0.0	0.140140874828	0.0833333333333	0.037037037037	0.703703703704	0.0967741935484	0.00716845878136	1918.0	-3.39566787004	54.0	0.0
Epigonichthys	CTA	L	G	0.0	0.140140874828	0.0833333333333	0.0227272727273	0.636363636364	0.15770609319	0.00716845878136	1918.0	-3.33465959328	52.0	0.0
Daphnia	CTT	L	G	0.0	0.555142413947	0.0909090909091	0.0151515151515	0.69696969697	0.23487544484	0.017793594306	1916.0	-3.42760447322	53.0	0.0
Daphnia	TTA	L	G	0.0	0.555142413947	0.333333333333	0.0449438202247	0.662921348315	0.316725978648	0.017793594306	1916.0	-3.17726775956	20.0	0.0
Homo	TTA	L	G	0.0	0.270201998406	0.1	0.03125	0.75	0.116363636364	0.00363636363636	1920.0	-3.30280830281	20.0	0.0
Blanceolatum	CTA	L	G	0.0	0.5511671132	0.111111111111	0.0243902439024	0.658536585366	0.199029126214	0.00970873786408	1187.0	-3.40985915493	52.0	0.0
Blanceolatum	TTA	L	G	0.0	0.5511671132	0.1	0.0121951219512	0.743902439024	0.398058252427	0.00970873786408	1187.0	-3.40354660915	20.0	0.0
Saccoglossus	CTA	L	G	0.0	0.527330790334	0.0769230769231	0.0185185185185	0.796296296296	0.184931506849	0.0102739726027	1924.0	-3.41991182954	52.0	0.0
Saccoglossus	TTA	L	G	0.0	0.527330790334	0.166666666667	0.0243902439024	0.69512195122	0.280821917808	0.0102739726027	1924.0	-3.29918699187	20.0	0.0

### Alignment improvement:
