### Random Forest prediction
genome	codon	ori_aa	rea_aa	fitch	Fisher pval	Gene frac	N. rea	N. used	Cod. count	Sub. count	G. len	codon_lik	id	prediction
Paracentrotus	CTT	L	P	0.0	0.177966421826	0.0833333333333	0.0350877192982	0.701754385965	0.208791208791	0.010989010989	1926.0	-2.45083932854	53.0	0.0
Paracentrotus	CTG	L	P	0.0	0.177966421826	0.1	0.0434782608696	0.782608695652	0.0842490842491	0.010989010989	1926.0	-2.40769230769	54.0	0.0
Caenorhabditis	CTT	L	P	0.0	0.0382198397652	0.3	0.111111111111	0.407407407407	0.101503759398	0.0187969924812	1865.0	-1.53978494624	53.0	0.0
Caenorhabditis	TTA	L	P	0.0	0.0382198397652	0.166666666667	0.0114285714286	0.6	0.657894736842	0.0187969924812	1865.0	-2.56419670672	20.0	0.0
Schistosoma	TTA	L	P	0.0	0.88082501615	0.166666666667	0.0140845070423	0.450704225352	0.570281124498	0.0120481927711	1800.0	-2.45923277877	20.0	0.0
Schistosoma	TTG	L	P	0.0	0.88082501615	0.0833333333333	0.0169491525424	0.525423728814	0.236947791165	0.0120481927711	1800.0	-2.53602869253	22.0	0.0
Fasciola	TTA	L	P	0.0	0.928353413333	0.0833333333333	0.0178571428571	0.535714285714	0.205128205128	0.018315018315	1825.0	-2.42763385147	20.0	0.0
Fasciola	TTG	L	P	0.0	0.928353413333	0.333333333333	0.0242424242424	0.466666666667	0.604395604396	0.018315018315	1825.0	-2.48791875802	22.0	0.0
Dunaliella_salina	TTA	L	P	0.0	0.123843758698	0.142857142857	0.00609756097561	0.664634146341	0.780952380952	0.00952380952381	1392.0	-2.69526143791	20.0	0.0
Dunaliella_salina	CTA	L	P	0.0	0.123843758698	0.25	0.0625	0.6875	0.0761904761905	0.00952380952381	1392.0	-1.70872641509	52.0	0.0
Patiria	CTT	L	P	0.0	0.921404655139	0.0833333333333	0.015873015873	0.730158730159	0.228260869565	0.00724637681159	1926.0	-2.70400500626	53.0	0.0
Patiria	CTA	L	P	0.0	0.921404655139	0.0769230769231	0.010752688172	0.763440860215	0.336956521739	0.00724637681159	1926.0	-2.59629398293	52.0	0.0
Chaetosphaeridium_globosum	CTT	L	P	0.0	0.252669004743	0.0833333333333	0.0172413793103	0.948275862069	0.198630136986	0.00342465753425	1930.0	-2.55551782683	53.0	0.0
Pseudendoclonium_akinetum	CTT	L	P	0.0	0.434042522339	0.0833333333333	0.0175438596491	0.719298245614	0.198606271777	0.00348432055749	1930.0	-2.64436860068	53.0	0.0
Lumbricus	CTT	L	P	0.0	0.725655100552	0.0833333333333	0.02	0.76	0.190114068441	0.0114068441065	1920.0	-2.71842410197	53.0	0.0
Lumbricus	CTA	L	P	0.0	0.725655100552	0.153846153846	0.021978021978	0.637362637363	0.346007604563	0.0114068441065	1920.0	-2.53735508802	52.0	0.0
Halocynthia	TTG	L	P	0.0	0.304487114199	0.0833333333333	0.0105263157895	0.610526315789	0.372549019608	0.00392156862745	1893.0	-2.64387755102	22.0	0.0
Limulus	CTT	L	P	0.0	0.837573324469	0.0909090909091	0.0208333333333	0.604166666667	0.186046511628	0.015503875969	1919.0	-2.60676446618	53.0	0.0
Limulus	TTA	L	P	0.0	0.837573324469	0.0833333333333	0.0288461538462	0.692307692308	0.403100775194	0.015503875969	1919.0	-2.46521577381	20.0	0.0
Polytoma_uvella	CTG	L	P	0.0	0.548129932416	0.142857142857	0.012987012987	0.675324675325	0.396907216495	0.0154639175258	1394.0	-2.63704630788	54.0	0.0
Polytoma_uvella	CTC	L	P	0.0	0.548129932416	0.166666666667	0.0147058823529	0.764705882353	0.350515463918	0.0154639175258	1394.0	-2.70157215048	55.0	0.0
Polytoma_uvella	TTG	L	P	0.0	0.548129932416	0.142857142857	0.0555555555556	0.5	0.0927835051546	0.0154639175258	1394.0	-2.16101694915	22.0	0.0
Axinella	TTA	L	P	0.0	0.68354419454	0.0769230769231	0.00609756097561	0.908536585366	0.607407407407	0.0037037037037	1924.0	-2.64293406725	20.0	0.0
Terebratulina	CTT	L	P	0.0	0.154681486972	0.0909090909091	0.0169491525424	0.64406779661	0.216911764706	0.0183823529412	1915.0	-2.54744764398	53.0	0.0
Terebratulina	CTA	L	P	0.0	0.154681486972	0.0909090909091	0.00990099009901	0.653465346535	0.371323529412	0.0183823529412	1915.0	-2.69916811762	52.0	0.0
Terebratulina	CTC	L	P	0.0	0.154681486972	0.0909090909091	0.0175438596491	0.649122807018	0.209558823529	0.0183823529412	1915.0	-2.53480358374	55.0	0.0
Terebratulina	TTA	L	P	0.0	0.154681486972	0.111111111111	0.0357142857143	0.678571428571	0.102941176471	0.0183823529412	1915.0	-2.55517477724	20.0	0.0
Terebratulina	TTG	L	P	0.0	0.154681486972	0.333333333333	0.25	0.5	0.0147058823529	0.0183823529412	1915.0	-0.443396226415	22.0	0.0
Bfloridae	CTG	L	P	0.0	0.291637930344	0.2	0.0769230769231	0.615384615385	0.065	0.01	1192.0	-2.17424242424	54.0	0.0
Bfloridae	TTA	L	P	0.0	0.291637930344	0.1	0.0117647058824	0.694117647059	0.425	0.01	1192.0	-2.70131938126	20.0	0.0
Katharina	CTT	L	P	0.0	0.729752810659	0.111111111111	0.0294117647059	0.705882352941	0.131274131274	0.015444015444	1917.0	-2.41718135879	53.0	0.0
Katharina	CTA	L	P	0.0	0.729752810659	0.111111111111	0.0263157894737	0.763157894737	0.146718146718	0.015444015444	1917.0	-2.49159449822	52.0	0.0
Katharina	TTA	L	P	0.0	0.729752810659	0.153846153846	0.0149253731343	0.738805970149	0.517374517375	0.015444015444	1917.0	-2.55307994758	20.0	0.0
Metridium	CTT	L	P	0.0	0.416372137256	0.0833333333333	0.025641025641	0.666666666667	0.138790035587	0.00711743772242	1928.0	-2.76358296623	53.0	0.0
Metridium	TTA	L	P	0.0	0.416372137256	0.0833333333333	0.00641025641026	0.865384615385	0.555160142349	0.00711743772242	1928.0	-2.64486921529	20.0	0.0
Chlamydomonas_reinhardtii	TTG	L	P	0.0	0.573457616584	0.285714285714	0.0247933884298	0.710743801653	0.590243902439	0.0146341463415	1389.0	-2.566359007	22.0	0.0
Acropora	CTT	L	P	0.0	0.181415909344	0.0833333333333	0.027027027027	0.675675675676	0.13357400722	0.00361010830325	1926.0	-2.62128325509	53.0	0.0
Trichinella	CTT	L	P	0.0	0.0793178367318	0.166666666667	0.0645161290323	0.354838709677	0.11231884058	0.0144927536232	1883.0	-1.95183776933	53.0	0.0
Trichinella	CTA	L	P	0.0	0.0793178367318	0.1	0.0117647058824	0.541176470588	0.307971014493	0.0144927536232	1883.0	-2.5296	52.0	0.0
Trichinella	TTG	L	P	0.0	0.0793178367318	0.166666666667	0.0217391304348	0.565217391304	0.166666666667	0.0144927536232	1883.0	-2.3051702396	22.0	0.0
Chromochloris_zofingiensis	TTG	L	P	0.0	0.689999892971	0.0909090909091	0.0078125	0.71875	0.592592592593	0.00462962962963	1522.0	-2.60740853196	22.0	0.0
Balanoglossus	CTT	L	P	0.0	0.334090869073	0.0833333333333	0.0142857142857	0.714285714286	0.233333333333	0.00333333333333	1926.0	-2.54367301232	53.0	0.0
Drosophila	TTA	L	P	0.0	0.620853455979	0.0833333333333	0.00847457627119	0.707627118644	0.867647058824	0.00735294117647	1919.0	-2.64114360828	20.0	0.0
Myxine	CTT	L	P	0.0	0.43526116554	0.181818181818	0.037037037037	0.777777777778	0.198529411765	0.0110294117647	1919.0	-2.32711621234	53.0	0.0
Myxine	CTA	L	P	0.0	0.43526116554	0.0909090909091	0.0149253731343	0.686567164179	0.246323529412	0.0110294117647	1919.0	-2.62197928654	52.0	0.0
Ciona	TTA	L	P	0.0	0.910843496283	0.230769230769	0.0392156862745	0.673202614379	0.588461538462	0.0269230769231	1891.0	-2.36574487065	20.0	0.0
Ciona	TTG	L	P	0.0	0.910843496283	0.125	0.0333333333333	0.6	0.115384615385	0.0269230769231	1891.0	-2.46505717916	22.0	0.0
Epigonichthys	CTA	L	P	0.0	0.296019875591	0.0833333333333	0.0227272727273	0.636363636364	0.15770609319	0.00358422939068	1918.0	-2.62599469496	52.0	0.0
Daphnia	CTG	L	P	0.0	0.233392243535	0.111111111111	0.0714285714286	0.714285714286	0.0498220640569	0.0142348754448	1916.0	-2.42361111111	54.0	0.0
Daphnia	CTC	L	P	0.0	0.233392243535	0.1	0.027027027027	0.621621621622	0.131672597865	0.0142348754448	1916.0	-2.62435233161	55.0	0.0
Daphnia	TTA	L	P	0.0	0.233392243535	0.166666666667	0.0224719101124	0.662921348315	0.316725978648	0.0142348754448	1916.0	-2.53398907104	20.0	0.0
Homo	CTA	L	P	0.0	0.775252447658	0.0833333333333	0.0078125	0.6875	0.465454545455	0.00363636363636	1920.0	-2.6312414109	52.0	0.0
Blanceolatum	CTT	L	P	0.0	0.14665615564	0.142857142857	0.0625	0.5625	0.0776699029126	0.00970873786408	1187.0	-2.24854142357	53.0	0.0
Blanceolatum	TTG	L	P	0.0	0.14665615564	0.125	0.0208333333333	0.604166666667	0.233009708738	0.00970873786408	1187.0	-2.53612774451	22.0	0.0
Saccoglossus	CTT	L	P	0.0	0.440407204065	0.0909090909091	0.0106382978723	0.723404255319	0.321917808219	0.0102739726027	1924.0	-2.6630794702	53.0	0.0
Saccoglossus	CTA	L	P	0.0	0.440407204065	0.0769230769231	0.037037037037	0.796296296296	0.184931506849	0.0102739726027	1924.0	-2.44489346069	52.0	0.0

### Alignment improvement:
