### Random Forest prediction
genome	codon	ori_aa	rea_aa	fitch	Fisher pval	Gene frac	N. rea	N. used	Cod. count	Sub. count	G. len	codon_lik	id	prediction
LmeyeA	CTT	L	T	0.0	5.34159457468e-06	0.666666666667	0.666666666667	0.333333333333	0.0144927536232	0.0144927536232	1456.0	2.36271186441	53.0	0.0
LmeyeA	CTA	L	T	0.0	5.34159457468e-06	0.333333333333	0.2	0.0	0.024154589372	0.0144927536232	1456.0	0.779625779626	52.0	0.0
SpombA	TTA	L	T	0.0	0.624137801267	0.142857142857	0.00641025641026	0.692307692308	0.772277227723	0.0049504950495	1452.0	-0.973855778729	20.0	0.0
SpastA	CTT	L	T	0.0	2.0270621507e-07	0.5	0.5	0.0	0.00952380952381	0.0190476190476	1456.0	2.13065326633	53.0	1.0
SpastA	CTA	L	T	0.0	2.0270621507e-07	0.4	0.375	0.25	0.0380952380952	0.0190476190476	1456.0	1.11240310078	52.0	1.0
AacerA	CTA	L	T	0.0	0.00724637681159	0.5	0.0666666666667	0.0	0.163043478261	0.0108695652174	643.0	0.077580539119	52.0	0.0
CsantA	CTA	L	T	0.0	0.429529722772	0.333333333333	0.0215053763441	0.801075268817	0.607843137255	0.0130718954248	2073.0	-0.891946679771	52.0	0.0
OanguA	TTA	L	T	0.0	0.560553481498	0.0833333333333	0.0034965034965	0.884615384615	0.871951219512	0.0030487804878	2101.0	-0.958113910719	20.0	0.0
SarboA	CTA	L	T	0.0	2.32038927051e-10	0.6	0.5	0.166666666667	0.0560747663551	0.0280373831776	1456.0	1.84648006785	52.0	1.0
CcastA	CTA	L	T	0.0	1.87179379226e-14	0.8	0.615384615385	0.0	0.0634146341463	0.0390243902439	1455.0	2.30976965846	52.0	1.0
KtherA	CTT	L	T	0.0	6.67087283441e-06	0.666666666667	0.666666666667	0.333333333333	0.0142857142857	0.0142857142857	1456.0	2.36271186441	53.0	0.0
KtherA	CTA	L	T	0.0	6.67087283441e-06	0.333333333333	0.25	0.0	0.0190476190476	0.0142857142857	1456.0	0.984455958549	52.0	0.0
CnorvA	TTA	L	T	0.0	0.00948844884488	0.0833333333333	0.0061919504644	0.931888544892	1.0	0.0061919504644	2101.0	-0.958179581796	20.0	0.0
MstarA	TTA	L	T	0.0	0.488970889709	0.166666666667	0.00657894736842	0.875	0.990228013029	0.00651465798046	2101.0	-0.948160148114	20.0	0.0
NbaciA	CTT	L	T	0.0	3.12375608068e-11	0.5	0.5	0.0	0.0100502512563	0.0301507537688	1455.0	2.14070351759	53.0	1.0
NbaciA	CTA	L	T	0.0	3.12375608068e-11	0.5	0.625	0.0	0.0402010050251	0.0301507537688	1455.0	2.64378238342	52.0	1.0
LanspB	CTT	L	T	0.0	7.02342952276e-09	0.666666666667	0.666666666667	0.333333333333	0.0143540669856	0.0239234449761	1456.0	2.36271186441	53.0	1.0
LanspB	CTA	L	T	0.0	7.02342952276e-09	0.75	0.428571428571	0.0	0.0334928229665	0.0239234449761	1456.0	1.55752212389	52.0	1.0
CphanA	TTA	L	T	0.0	0.523550560142	0.0833333333333	0.00324675324675	0.850649350649	0.953560371517	0.0030959752322	2100.0	-0.973504891697	20.0	0.0
LanspA	CTT	L	T	0.0	1.97188067384e-09	1.0	1.0	0.0	0.00925925925926	0.0231481481481	1456.0	3.8040201005	53.0	1.0
LanspA	CTA	L	T	0.0	1.97188067384e-09	0.6	0.375	0.125	0.037037037037	0.0231481481481	1456.0	1.0	52.0	1.0
CglabA	CTA	L	T	0.0	8.81316098708e-05	0.5	0.5	0.25	0.02	0.01	1439.0	1.80512820513	52.0	0.0
ScryoA	TTA	L	T	0.0	0.669999886066	0.142857142857	0.00735294117647	0.720588235294	0.660194174757	0.00485436893204	1454.0	-0.958058899235	20.0	0.0
CsakeA	TTA	L	T	0.0	0.511705517033	0.0909090909091	0.00320512820513	0.932692307692	0.978056426332	0.00313479623824	2065.0	-0.962518684604	20.0	0.0
HuvarA	CTT	L	T	0.0	6.79226531845e-17	1.0	0.2	0.2	0.0473933649289	0.085308056872	1397.0	0.104356636272	53.0	1.0
HuvarA	CTG	L	T	0.0	6.79226531845e-17	0.5	0.333333333333	0.0	0.0142180094787	0.085308056872	1397.0	1.53220338983	54.0	1.0
HuvarA	CTA	L	T	0.0	6.79226531845e-17	0.833333333333	0.590909090909	0.0454545454545	0.104265402844	0.085308056872	1397.0	2.41662774404	52.0	1.0
HuvarA	TTA	L	T	0.0	6.79226531845e-17	0.166666666667	0.0116959064327	0.74269005848	0.810426540284	0.085308056872	1397.0	-0.923518850987	20.0	0.0
CzempA	TTA	L	T	0.0	0.513840158492	0.285714285714	0.0104712041885	0.732984293194	0.984536082474	0.0103092783505	1455.0	-0.934062986212	20.0	0.0
CgallA	TTA	L	T	0.0	0.554545300751	0.0833333333333	0.00348432055749	0.850174216028	0.894080996885	0.00311526479751	2101.0	-0.974303456165	20.0	0.0
PpastA	TTA	L	T	0.0	0.506896381478	0.0833333333333	0.0031746031746	0.904761904762	0.987460815047	0.00313479623824	2101.0	-0.963759575722	20.0	0.0
SjapoA	CTT	L	T	0.0	0.158978136895	0.2	0.0243902439024	0.634146341463	0.188073394495	0.0183486238532	1450.0	-0.747060295221	53.0	0.0
SjapoA	TTA	L	T	0.0	0.158978136895	0.285714285714	0.0126582278481	0.645569620253	0.724770642202	0.0183486238532	1450.0	-0.888644023853	20.0	0.0
SjapoA	CTA	L	T	0.0	0.158978136895	0.166666666667	0.0625	0.6875	0.0733944954128	0.0183486238532	1450.0	-0.69930947897	52.0	0.0
MmagnB	CTT	L	T	0.0	0.162494826909	0.0833333333333	0.00934579439252	0.878504672897	0.348534201954	0.00651465798046	2101.0	-0.937198597107	53.0	0.0
MmagnB	TTA	L	T	0.0	0.162494826909	0.166666666667	0.037037037037	0.777777777778	0.0879478827362	0.00651465798046	2101.0	-0.788817529278	20.0	0.0
MmagnA	CTT	L	T	0.0	0.213369122452	0.0833333333333	0.00917431192661	0.880733944954	0.353896103896	0.00649350649351	2101.0	-0.938320775027	53.0	0.0
MmagnA	TTA	L	T	0.0	0.213369122452	0.166666666667	0.0434782608696	0.782608695652	0.0746753246753	0.00649350649351	2101.0	-0.748556197246	20.0	0.0
CcoryA	TTA	L	T	0.0	0.545576283126	0.25	0.0131578947368	0.912280701754	0.666666666667	0.00877192982456	2101.0	-0.921895684406	20.0	0.0
MtetrA	CTT	L	T	0.0	0.0452254202402	0.0833333333333	0.0138888888889	0.805555555556	0.233009708738	0.00647249190939	2100.0	-0.918376449599	53.0	0.0
MtetrA	TTA	L	T	0.0	0.0452254202402	0.142857142857	0.0909090909091	0.818181818182	0.0355987055016	0.00647249190939	2100.0	-0.488023952096	20.0	0.0
CsuavA	CTT	L	T	0.0	0.0467366585119	0.166666666667	0.142857142857	0.857142857143	0.0227272727273	0.00649350649351	2101.0	-0.449180327869	53.0	0.0
CsuavA	TTA	L	T	0.0	0.0467366585119	0.0833333333333	0.0034965034965	0.937062937063	0.928571428571	0.00649350649351	2101.0	-0.967123733572	20.0	0.0
PkluyA	TTA	L	T	0.0	0.519999834278	0.0833333333333	0.00332225913621	0.873754152824	0.961661341853	0.00319488817891	2101.0	-0.972162489737	20.0	0.0
PcanaA	TTA	L	T	0.0	0.526976319926	0.166666666667	0.00664451827243	0.940199335548	0.967845659164	0.0064308681672	2101.0	-0.957242345252	20.0	0.0
YlipoB	TTA	L	T	0.0	0.547272570967	0.0833333333333	0.00341296928328	0.846416382253	0.91277258567	0.00311526479751	2100.0	-0.971812455147	20.0	0.0
YlipoA	TTA	L	T	0.0	0.547272570967	0.0833333333333	0.00341296928328	0.846416382253	0.91277258567	0.00311526479751	2100.0	-0.971812455147	20.0	0.0
CjadiA	TTA	L	T	0.0	0.510344409953	0.0833333333333	0.00664451827243	0.943521594684	0.990131578947	0.00657894736842	2100.0	-0.953808221289	20.0	0.0
AgossB	TTA	L	T	2.0	0.0275322227339	0.142857142857	0.00510204081633	0.897959183673	0.834042553191	0.00851063829787	1456.0	-0.952694235589	20.0	0.0
AgossB	CTA	L	T	2.0	0.0275322227339	0.2	0.0434782608696	0.0869565217391	0.0978723404255	0.00851063829787	1456.0	-0.0710526315789	52.0	0.0
NdelpA	CTA	L	T	0.0	5.52939407411e-08	0.4	0.5	0.125	0.0394088669951	0.0197044334975	1439.0	1.84605433376	52.0	1.0
LkluyF	CTA	L	T	0.0	8.2152844875e-09	0.75	0.8	0.0	0.0239234449761	0.0191387559809	1456.0	2.97565922921	52.0	1.0
CalimA	TTA	L	T	0.0	0.530908928954	0.0833333333333	0.00333333333333	0.856666666667	0.934579439252	0.00311526479751	2100.0	-0.974202681977	20.0	0.0
BcaliA	TTA	L	T	0.0	0.495065789474	0.166666666667	0.00934579439252	0.934579439252	0.996894409938	0.00931677018634	2101.0	-0.942106801081	20.0	0.0
SoctoA	TTA	L	T	0.0	0.692272703478	0.285714285714	0.0123456790123	0.70987654321	0.790243902439	0.00975609756098	1454.0	-0.947401814606	20.0	0.0
LkluyB	CTA	L	T	0.0	0.00031328320802	1.0	1.0	0.0	0.0338983050847	0.0338983050847	442.0	4.15533980583	52.0	0.0
CdefoA	TTA	L	T	0.0	0.548912887739	0.0833333333333	0.00342465753425	0.849315068493	0.906832298137	0.00310559006211	2100.0	-0.974772390005	20.0	0.0
LdasiA	CTT	L	T	0.0	6.77350164725e-06	0.666666666667	0.666666666667	0.333333333333	0.0143540669856	0.0143540669856	1456.0	2.36271186441	53.0	0.0
LdasiA	CTA	L	T	0.0	6.77350164725e-06	0.333333333333	0.2	0.0	0.0239234449761	0.0143540669856	1456.0	0.779625779626	52.0	0.0
LkluyE	CTA	L	T	0.0	8.21528165114e-09	0.75	0.8	0.0	0.0239234449761	0.0191387559809	1456.0	2.97565922921	52.0	1.0
LkluyD	CTA	L	T	0.0	8.38554655583e-09	0.75	0.666666666667	0.0	0.0287081339713	0.0191387559809	1456.0	2.48896434635	52.0	1.0
LkluyC	CTA	L	T	0.0	8.2152844875e-09	0.75	0.8	0.0	0.0239234449761	0.0191387559809	1456.0	2.97565922921	52.0	1.0
CvartA	TTA	L	T	0.0	0.56024325588	0.0833333333333	0.00694444444444	0.9375	0.938110749186	0.00651465798046	2101.0	-0.950630294678	20.0	0.0
LkluyA	CTA	L	T	0.0	8.2152844875e-09	0.75	0.8	0.0	0.0239234449761	0.0191387559809	1456.0	2.97565922921	52.0	1.0
WmucoA	TTA	L	T	0.0	0.593623749931	0.166666666667	0.00701754385965	0.926315789474	0.896226415094	0.0062893081761	2101.0	-0.95145194274	20.0	0.0
ScereC	CTA	L	T	0.0	2.24749746096e-10	0.6	0.5	0.166666666667	0.056338028169	0.0281690140845	1456.0	1.84648006785	52.0	1.0
ScereA	CTA	L	T	0.0	2.24749746096e-10	0.6	0.5	0.166666666667	0.0566037735849	0.0283018867925	1456.0	1.84648006785	52.0	1.0
ScereD	CTG	L	T	0.0	2.80937221418e-10	0.5	0.5	0.0	0.0093023255814	0.0279069767442	1456.0	2.53333333333	54.0	1.0
ScereD	CTA	L	T	0.0	2.80937221418e-10	0.6	0.454545454545	0.181818181818	0.0511627906977	0.0279069767442	1456.0	1.59293680297	52.0	1.0
ScereE	CTG	L	T	0.0	6.18061956957e-10	1.0	1.0	0.0	0.0046511627907	0.0279069767442	1456.0	4.49514563107	54.0	1.0
ScereE	CTA	L	T	0.0	6.18061956957e-10	0.5	0.416666666667	0.166666666667	0.0558139534884	0.0279069767442	1456.0	1.49400684932	52.0	1.0
CsalmA	CTT	L	T	0.0	0.126432579715	0.125	0.0666666666667	0.933333333333	0.0498338870432	0.00996677740864	2098.0	-0.680284191829	53.0	0.0
CsalmA	TTA	L	T	0.0	0.126432579715	0.166666666667	0.00706713780919	0.791519434629	0.940199335548	0.00996677740864	2098.0	-0.959021431791	20.0	0.0
LnothA	CTT	L	T	0.0	1.4488773904e-07	0.5	0.5	0.5	0.00947867298578	0.0189573459716	1456.0	1.85427135678	53.0	1.0
LnothA	CTG	L	T	0.0	1.4488773904e-07	1.0	1.0	0.0	0.00473933649289	0.0189573459716	1456.0	3.41666666667	54.0	1.0
LnothA	CTA	L	T	0.0	1.4488773904e-07	0.666666666667	0.333333333333	0.0	0.0284360189573	0.0189573459716	1456.0	1.43493150685	52.0	1.0
BcustA	TTA	L	T	0.0	0.546904312612	0.166666666667	0.00675675675676	0.864864864865	0.951768488746	0.0064308681672	2101.0	-0.971088435374	20.0	0.0
AgossA	TTA	L	T	2.0	0.0275322227339	0.142857142857	0.00510204081633	0.897959183673	0.834042553191	0.00851063829787	1456.0	-0.952694235589	20.0	0.0
AgossA	CTA	L	T	2.0	0.0275322227339	0.2	0.0434782608696	0.0869565217391	0.0978723404255	0.00851063829787	1456.0	-0.0710526315789	52.0	0.0
MingeA	TTA	L	T	0.0	0.488930194135	0.166666666667	0.00651465798046	0.86319218241	0.990322580645	0.00645161290323	2101.0	-0.946410862766	20.0	0.0
ScastA	CTT	L	T	0.0	1.23662240556e-08	1.0	0.5	0.0	0.00970873786408	0.0194174757282	1456.0	2.203125	53.0	1.0
ScastA	CTA	L	T	0.0	1.23662240556e-08	0.666666666667	0.6	0.0	0.0242718446602	0.0194174757282	1456.0	2.81781376518	52.0	1.0
CmaltA	TTA	L	T	0.0	0.692063385747	0.0833333333333	0.00490196078431	0.946078431373	0.610778443114	0.00299401197605	2101.0	-0.959261616805	20.0	0.0
CbohiA	CTT	L	T	0.0	0.0634841987556	0.142857142857	0.0769230769231	0.846153846154	0.0392749244713	0.00604229607251	2101.0	-0.645994832041	53.0	0.0
CbohiA	TTA	L	T	0.0	0.0634841987556	0.0833333333333	0.0031847133758	0.93949044586	0.948640483384	0.00604229607251	2101.0	-0.979801002469	20.0	0.0

### Alignment improvement:
CTT	Thr	2.07e-01
CTG	Thr	1.40e-01
CTA	Thr	1.48e-04
