### Random Forest prediction
genome	codon	ori_aa	rea_aa	fitch	Fisher_pval	Gene_frac	N._rea	N._used	Cod._count	Sub._count	G._len	codon_lik	id	prediction	probability
Metaseiulus_occidentalis	CTC	L	W	0.0	0.0641780193309	0.166666666667	0.111111111111	0.777777777778	0.0511363636364	0.0113636363636	1280.0	-0.880341880342	55.0	0.0	0.0
Metaseiulus_occidentalis	TTG	L	W	0.0	0.0641780193309	0.142857142857	0.0454545454545	0.818181818182	0.125	0.0113636363636	1280.0	-1.49252013809	22.0	0.0	0.0
Aphrocallistes_vastus	TTA	L	W	0.0	0.854054003666	0.0833333333333	0.0135135135135	0.824324324324	0.352380952381	0.00952380952381	1349.0	-1.89909847434	20.0	0.0	0.0
Aphrocallistes_vastus	CTA	L	W	0.0	0.854054003666	0.0833333333333	0.0114942528736	0.919540229885	0.414285714286	0.00952380952381	1349.0	-1.76884716926	52.0	0.0	0.0
Fasciola	CTT	L	W	0.0	0.0339360768351	0.222222222222	0.08	0.56	0.12077294686	0.0289855072464	1332.0	-1.32507739938	53.0	0.0	0.0
Fasciola	CTC	L	W	0.0	0.0339360768351	0.5	0.5	0.0	0.00966183574879	0.0289855072464	1332.0	2.03896103896	55.0	0.0	0.013
Fasciola	TTA	L	W	0.0	0.0339360768351	0.1	0.0232558139535	0.744186046512	0.207729468599	0.0289855072464	1332.0	-1.84633710542	20.0	0.0	0.0
Fasciola	TTG	L	W	0.0	0.0339360768351	0.0833333333333	0.0157480314961	0.677165354331	0.613526570048	0.0289855072464	1332.0	-1.74123337364	22.0	0.0	0.0
Trichobilharzia_regenti	CTT	L	W	0.0	0.265100240444	0.166666666667	0.0833333333333	0.833333333333	0.06	0.015	1324.0	-1.1047008547	53.0	0.0	0.0
Trichobilharzia_regenti	TTA	L	W	0.0	0.265100240444	0.166666666667	0.021978021978	0.637362637363	0.455	0.015	1324.0	-1.68038063252	20.0	0.0	0.0
Versteria_mustelae	CTT	L	W	0.0	0.485093669885	0.166666666667	0.0714285714286	0.642857142857	0.0693069306931	0.0247524752475	1328.0	-1.14285714286	53.0	0.0	0.0
Versteria_mustelae	TTA	L	W	0.0	0.485093669885	0.2	0.027397260274	0.739726027397	0.361386138614	0.0247524752475	1328.0	-1.6173272536	20.0	0.0	0.0
Versteria_mustelae	TTG	L	W	0.0	0.485093669885	0.166666666667	0.018691588785	0.719626168224	0.529702970297	0.0247524752475	1328.0	-1.8310328415	22.0	0.0	0.0
Euseius_nicholsi	CTA	L	W	0.0	0.0769230614309	0.111111111111	0.0588235294118	0.764705882353	0.0944444444444	0.00555555555556	1296.0	-1.26417910448	52.0	0.0	0.0
Daphnia	TTA	L	W	0.0	0.826190416182	0.0833333333333	0.0135135135135	0.972972972973	0.339449541284	0.0045871559633	1351.0	-1.84525043178	20.0	0.0	0.0
Haplorchis_taichui	CTT	L	W	0.0	0.876405976277	0.181818181818	0.0416666666667	0.541666666667	0.234146341463	0.0292682926829	1320.0	-1.24390243902	53.0	0.0	0.0
Haplorchis_taichui	TTA	L	W	0.0	0.876405976277	0.1	0.0384615384615	0.692307692308	0.253658536585	0.0292682926829	1320.0	-1.50024594196	20.0	0.0	0.0
Haplorchis_taichui	TTG	L	W	0.0	0.876405976277	0.166666666667	0.0281690140845	0.746478873239	0.346341463415	0.0292682926829	1320.0	-1.72677990604	22.0	0.0	0.0
Lumbricus	CTT	L	W	0.0	0.327127621927	0.0909090909091	0.0222222222222	0.888888888889	0.225	0.005	1350.0	-1.78352272727	53.0	0.0	0.0
Halocynthia	TTG	L	W	0.0	0.209158456569	0.25	0.0422535211268	0.87323943662	0.349753694581	0.0147783251232	1348.0	-1.61444043321	22.0	0.0	0.0
Echinococcus_equinus	TTA	L	W	0.0	0.868083186297	0.0909090909091	0.0166666666667	0.716666666667	0.295566502463	0.0197044334975	1331.0	-1.61042814752	20.0	0.0	0.0
Echinococcus_equinus	TTG	L	W	0.0	0.868083186297	0.166666666667	0.0243902439024	0.715447154472	0.605911330049	0.0197044334975	1331.0	-1.79692051602	22.0	0.0	0.0
Taenia_crassiceps	CTT	L	W	0.0	0.418887246019	0.142857142857	0.0714285714286	0.714285714286	0.0682926829268	0.0243902439024	1333.0	-1.11376146789	53.0	0.0	0.0
Taenia_crassiceps	TTA	L	W	0.0	0.418887246019	0.166666666667	0.0166666666667	0.675	0.585365853659	0.0243902439024	1333.0	-1.77171373965	20.0	0.0	0.0
Taenia_crassiceps	TTG	L	W	0.0	0.418887246019	0.0909090909091	0.031746031746	0.746031746032	0.307317073171	0.0243902439024	1333.0	-1.68701668702	22.0	0.0	0.0
Axinella	TTA	L	W	0.0	0.684728955191	0.0833333333333	0.00751879699248	0.954887218045	0.627358490566	0.00471698113208	1348.0	-1.83570604078	20.0	0.0	0.0
Tetrancistrum_nebulosi	CTG	L	W	0.0	0.668336226185	0.142857142857	0.0909090909091	0.727272727273	0.0588235294118	0.0320855614973	1333.0	-1.11600928074	54.0	0.0	0.0
Tetrancistrum_nebulosi	TTA	L	W	0.0	0.668336226185	0.25	0.043956043956	0.703296703297	0.486631016043	0.0320855614973	1333.0	-1.35214446953	20.0	0.0	0.0
Tetrancistrum_nebulosi	TTG	L	W	0.0	0.668336226185	0.111111111111	0.037037037037	0.740740740741	0.144385026738	0.0320855614973	1333.0	-1.66666666667	22.0	0.0	0.0
Trichinella	CTA	L	W	0.0	0.893717488105	0.125	0.015625	0.765625	0.326530612245	0.0102040816327	1343.0	-1.78658043654	52.0	0.0	0.0
Trichinella	TTA	L	W	0.0	0.893717488105	0.0909090909091	0.016393442623	0.72131147541	0.311224489796	0.0102040816327	1343.0	-1.68025210084	20.0	0.0	0.0
Pseudogarypus_banksi	CTA	L	W	0.0	0.286184191219	0.111111111111	0.0434782608696	0.695652173913	0.122340425532	0.00531914893617	1347.0	-1.72354948805	52.0	0.0	0.0
Benedenia_hoshinai	TTA	L	W	0.0	0.81666660337	0.0833333333333	0.0161290322581	0.693548387097	0.629441624365	0.010152284264	1333.0	-1.76615575808	20.0	0.0	0.0
Myxine	CTC	L	W	0.0	0.169270803663	0.1	0.0263157894737	0.842105263158	0.18009478673	0.00473933649289	1350.0	-1.71418918919	55.0	0.0	0.0
Ciona	TTA	L	W	0.0	0.697604686016	0.0833333333333	0.00862068965517	0.862068965517	0.594871794872	0.00512820512821	1348.0	-1.79942566821	20.0	0.0	0.0
Caenorhabditis	TTA	L	W	0.0	0.790154452936	0.166666666667	0.0165289256198	0.793388429752	0.636842105263	0.0105263157895	1346.0	-1.68549585899	20.0	0.0	0.0
Ascidiella_aspersa	CTA	L	W	0.0	0.584213483206	0.125	0.047619047619	0.809523809524	0.116022099448	0.0110497237569	1350.0	-1.41769041769	52.0	0.0	0.0
Ascidiella_aspersa	TTG	L	W	0.0	0.584213483206	0.0909090909091	0.0166666666667	0.883333333333	0.331491712707	0.0110497237569	1350.0	-1.8497232865	22.0	0.0	0.0