### Random Forest prediction
genome	codon	ori_aa	rea_aa	fitch	Fisher pval	Gene frac	N. rea	N. used	Cod. count	Sub. count	G. len	codon_lik	id	prediction	probability
Paracentrotus	ACC	T	S	0.0	0.145833290177	0.25	0.0833333333333	0.916666666667	0.25	0.0208333333333	979.0	1.01041666667	15.0	0.0	0.047
Fasciola	ACG	T	S	0.0	0.0901923039078	0.666666666667	0.666666666667	0.333333333333	0.1	0.1	878.0	2.92753623188	14.0	0.0	0.263
Fasciola	ACT	T	S	0.0	0.0901923039078	0.2	0.047619047619	0.857142857143	0.7	0.1	878.0	1.01825557809	13.0	0.0	0.043
Lumbricus	ACA	T	S	0.0	0.851988848066	0.25	0.047619047619	0.904761904762	0.411764705882	0.0392156862745	977.0	0.914285714286	12.0	0.0	0.005
Lumbricus	ACT	T	S	0.0	0.851988848066	0.25	0.0588235294118	0.882352941176	0.333333333333	0.0392156862745	977.0	0.808564231738	13.0	0.0	0.005
Limulus	ACA	T	S	0.0	0.846907941111	0.4	0.0666666666667	0.9	0.555555555556	0.037037037037	979.0	0.968481375358	12.0	0.0	0.005
Caenorhabditis	ACA	T	S	0.0	0.812934298349	0.2	0.0625	0.53125	0.533333333333	0.05	959.0	0.514018691589	12.0	0.0	0.006
Caenorhabditis	ACT	T	S	0.0	0.812934298349	0.2	0.037037037037	0.592592592593	0.45	0.05	959.0	0.466034755134	13.0	0.0	0.001
Axinella	ACA	T	S	0.0	0.0336614607561	0.4	0.0869565217391	0.869565217391	0.433962264151	0.0566037735849	977.0	1.06954887218	12.0	0.0	0.132
Axinella	ACG	T	S	0.0	0.0336614607561	0.5	0.5	0.5	0.0377358490566	0.0566037735849	977.0	1.54166666667	14.0	0.0	0.175
Terebratulina	ACC	T	S	0.0	0.781249924476	0.2	0.04	0.8	0.438596491228	0.0175438596491	977.0	0.762068965517	15.0	0.0	0.005
Katharina	ACA	T	S	0.0	0.208333275791	0.333333333333	0.0625	0.9375	0.307692307692	0.0192307692308	976.0	0.944297082228	12.0	0.0	0.007
Geodia	ACA	T	S	1.0	0.245605905912	0.5	0.125	0.75	0.32	0.04	979.0	1.02486187845	12.0	0.0	0.013
Metridium	ACT	T	S	1.0	0.77450972607	0.25	0.0434782608696	0.95652173913	0.450980392157	0.0196078431373	979.0	1.00378787879	13.0	0.0	0.005
Acropora	ACA	T	S	0.0	0.239999965475	0.2	0.0909090909091	0.818181818182	0.21568627451	0.0196078431373	978.0	1.14007782101	12.0	0.0	0.009
Trichinella	ACA	T	S	0.0	0.7	0.4	0.0487804878049	0.634146341463	0.719298245614	0.0350877192982	866.0	0.419766206164	12.0	0.0	0.005
Drosophila	ACT	T	S	0.0	0.414027100111	0.4	0.0666666666667	0.866666666667	0.545454545455	0.0363636363636	979.0	1.04836415363	13.0	0.0	0.005
Myxine	ACC	T	S	3.0	0.495567343749	0.25	0.0555555555556	0.722222222222	0.295081967213	0.0327868852459	979.0	0.387323943662	15.0	0.0	0.057
Myxine	ACT	T	S	3.0	0.495567343749	0.2	0.0555555555556	0.777777777778	0.295081967213	0.0327868852459	979.0	1.07710843373	13.0	0.0	0.057
Ciona	ACA	T	S	3.0	0.808362303174	0.2	0.0625	0.875	0.340425531915	0.0425531914894	958.0	0.901856763926	12.0	0.0	0.056
Ciona	ACT	T	S	3.0	0.808362303174	0.2	0.04	0.84	0.531914893617	0.0425531914894	958.0	0.969125214408	13.0	0.0	0.056
Daphnia	ACC	T	S	0.0	0.152653044314	0.4	0.125	0.875	0.301886792453	0.0377358490566	979.0	1.13492063492	15.0	0.0	0.047
Homo	ACC	T	S	3.0	0.826923017168	0.2	0.0416666666667	0.666666666667	0.393442622951	0.0327868852459	978.0	0.416225749559	15.0	0.0	0.056
Homo	ACA	T	S	3.0	0.826923017168	0.2	0.0357142857143	0.928571428571	0.459016393443	0.0327868852459	978.0	0.98315467075	12.0	0.0	0.056
Epigonichthys	ACA	T	S	3.0	0.528301841193	0.2	0.0666666666667	0.866666666667	0.277777777778	0.0185185185185	978.0	1.07062146893	12.0	0.0	0.057