### Random Forest prediction
genome	codon	ori_aa	rea_aa	fitch	Fisher_pval	Gene_frac	N._rea	N._used	Cod._count	Sub._count	G._len	codon_lik	id	prediction	probability
SpombA	TCA	S	E	2.0	0.798245544379	0.166666666667	0.0243902439024	0.536585365854	0.394230769231	0.00961538461538	1424.0	-0.375318951519	28.0	0.0	0.0
CgallA	AGT	S	E	0.0	0.864709289755	0.0833333333333	0.0238095238095	0.833333333333	0.251497005988	0.0119760479042	2247.0	-0.122408963585	9.0	0.0	0.0
CgallA	TCA	S	E	0.0	0.864709289755	0.0833333333333	0.0123456790123	0.777777777778	0.48502994012	0.0119760479042	2247.0	-0.305271439811	28.0	0.0	0.0
CgigaA	AGC	S	E	0.0	0.843971577336	0.111111111111	0.0217391304348	0.934782608696	0.304635761589	0.00662251655629	2002.0	-0.0933908045977	11.0	0.0	0.0
CtropB	TCG	S	E	13.0	0.0683229727887	0.166666666667	0.111111111111	0.777777777778	0.0529411764706	0.00588235294118	2250.0	0.433376455369	30.0	0.0	0.061
CtropA	TCG	S	E	13.0	0.0683229727887	0.166666666667	0.111111111111	0.777777777778	0.0529411764706	0.00588235294118	2250.0	0.433376455369	30.0	0.0	0.061
CalaiA	TCA	S	E	0.0	0.799999930949	0.0909090909091	0.016393442623	0.901639344262	0.388535031847	0.00636942675159	2056.0	-0.123775433308	28.0	0.0	0.0
CtetrA	TCC	S	E	12.0	0.0122699365322	0.5	0.5	0.5	0.0113636363636	0.00568181818182	2249.0	1.99425287356	31.0	0.0	0.115
LstarA	AGT	S	E	0.0	0.443877489368	0.125	0.0204081632653	0.69387755102	0.362962962963	0.00740740740741	1834.0	-0.28355173972	9.0	0.0	0.0
CphanA	TCT	S	E	0.0	0.368643532543	0.1	0.0294117647059	0.823529411765	0.207317073171	0.0121951219512	2247.0	-0.11817877469	29.0	0.0	0.0
CphanA	TCA	S	E	0.0	0.368643532543	0.0833333333333	0.0117647058824	0.741176470588	0.518292682927	0.0121951219512	2247.0	-0.348452839568	28.0	0.0	0.0
ScryoA	TCC	S	E	3.0	0.00806451334473	0.333333333333	0.333333333333	0.0	0.0283018867925	0.00943396226415	1424.0	0.668789808917	31.0	0.0	0.082
HuvarA	AGT	S	E	0.0	0.392857086137	0.25	0.0344827586207	0.758620689655	0.27619047619	0.00952380952381	1361.0	-0.210664049722	9.0	0.0	0.0
CzempA	TCA	S	E	0.0	0.83064510282	0.166666666667	0.0263157894737	0.526315789474	0.345454545455	0.00909090909091	1428.0	-0.404892661008	28.0	0.0	0.0
SjapoA	TCT	S	E	0.0	0.0626652529178	0.142857142857	0.016393442623	0.622950819672	0.586538461538	0.0192307692308	1423.0	-0.453127437217	29.0	0.0	0.0
SjapoA	TCC	S	E	0.0	0.0626652529178	0.333333333333	0.333333333333	0.0	0.0288461538462	0.0192307692308	1423.0	1.13782051282	31.0	0.0	0.009
CsaraA	AGT	S	E	0.0	0.818181755408	0.0833333333333	0.0153846153846	0.907692307692	0.371428571429	0.00571428571429	2249.0	-0.145052667933	9.0	0.0	0.0
PkluyA	TCA	S	E	0.0	0.642857019552	0.0769230769231	0.00819672131148	0.811475409836	0.697142857143	0.00571428571429	2247.0	-0.278643036162	28.0	0.0	0.0
YlipoB	AGT	S	E	0.0	0.873546467969	0.0833333333333	0.0232558139535	0.813953488372	0.262195121951	0.0121951219512	2247.0	-0.177287581699	9.0	0.0	0.0
YlipoB	TCA	S	E	0.0	0.873546467969	0.0833333333333	0.0133333333333	0.76	0.457317073171	0.0121951219512	2247.0	-0.29179544816	28.0	0.0	0.0
YlipoA	AGT	S	E	0.0	0.873546467969	0.0833333333333	0.0232558139535	0.813953488372	0.262195121951	0.0121951219512	2247.0	-0.177287581699	9.0	0.0	0.0
YlipoA	TCA	S	E	0.0	0.873546467969	0.0833333333333	0.0133333333333	0.76	0.457317073171	0.0121951219512	2247.0	-0.29179544816	28.0	0.0	0.0
CalimA	TCT	S	E	0.0	0.376159683112	0.111111111111	0.027027027027	0.702702702703	0.222891566265	0.0120481927711	2247.0	-0.285065131778	29.0	0.0	0.0
CalimA	TCA	S	E	0.0	0.376159683112	0.0833333333333	0.0121951219512	0.768292682927	0.493975903614	0.0120481927711	2247.0	-0.310010346611	28.0	0.0	0.0
CbuenA	TCA	S	E	0.0	0.152866195858	0.1	0.0212765957447	0.872340425532	0.28313253012	0.00602409638554	2248.0	-0.108935404006	28.0	0.0	0.0
CdefoA	AGT	S	E	0.0	0.859424496386	0.0833333333333	0.0227272727273	0.840909090909	0.266666666667	0.0121212121212	2247.0	-0.178881008668	9.0	0.0	0.0
CdefoA	TCA	S	E	0.0	0.859424496386	0.0833333333333	0.0125	0.775	0.484848484848	0.0121212121212	2247.0	-0.27834780321	28.0	0.0	0.0