### Random Forest prediction
genome	codon	ori_aa	rea_aa	fitch	Fisher_pval	Gene_frac	N._rea	N._used	Cod._count	Sub._count	G._len	codon_lik	id	prediction	probability
LmeyeA	TCT	S	G	0.0	0.277188287212	0.4	0.0714285714286	0.892857142857	0.282828282828	0.040404040404	1429.0	0.252295137708	29.0	0.0	0.0
LmeyeA	AGT	S	G	0.0	0.277188287212	0.166666666667	0.0769230769231	0.923076923077	0.131313131313	0.040404040404	1429.0	0.618942731278	9.0	0.0	0.0
LmeyeA	TCA	S	G	0.0	0.277188287212	0.142857142857	0.0181818181818	0.927272727273	0.555555555556	0.040404040404	1429.0	0.0376474670368	28.0	0.0	0.0
SpombA	TCT	S	G	0.0	0.422867479775	0.166666666667	0.0344827586207	0.586206896552	0.278846153846	0.0192307692308	1424.0	-0.483870967742	29.0	0.0	0.0
SpombA	AGT	S	G	0.0	0.422867479775	0.166666666667	0.0322580645161	0.548387096774	0.298076923077	0.0192307692308	1424.0	-0.249078624079	9.0	0.0	0.0
WmucoA	TCT	S	G	0.0	0.84552059204	0.166666666667	0.0545454545455	0.890909090909	0.316091954023	0.0574712643678	2246.0	0.285538461538	29.0	0.0	0.0
WmucoA	AGT	S	G	0.0	0.84552059204	0.333333333333	0.0740740740741	0.796296296296	0.310344827586	0.0574712643678	2246.0	0.263808914481	9.0	0.0	0.0
WmucoA	TCA	S	G	0.0	0.84552059204	0.3	0.0483870967742	0.838709677419	0.35632183908	0.0574712643678	2246.0	0.0758436351487	28.0	0.0	0.0
AacerA	TCT	S	G	0.0	0.32833018306	0.5	0.0769230769231	0.692307692308	0.270833333333	0.0625	630.0	0.108108108108	29.0	0.0	0.013
AacerA	AGT	S	G	0.0	0.32833018306	0.5	0.142857142857	0.714285714286	0.145833333333	0.0625	630.0	1.1033557047	9.0	0.0	0.023
AacerA	TCA	S	G	0.0	0.32833018306	0.5	0.037037037037	0.851851851852	0.5625	0.0625	630.0	0.216280653951	28.0	0.0	0.009
CgallA	TCT	S	G	0.0	0.288531865387	0.2	0.0512820512821	0.717948717949	0.233532934132	0.0239520958084	2247.0	0.0755416191562	29.0	0.0	0.0
CgallA	TCA	S	G	0.0	0.288531865387	0.166666666667	0.0246913580247	0.777777777778	0.48502994012	0.0239520958084	2247.0	-0.0954628901128	28.0	0.0	0.0
CgigaA	AGC	S	G	0.0	0.962886965357	0.111111111111	0.0217391304348	0.934782608696	0.304635761589	0.0198675496689	2002.0	0.0483716475096	11.0	0.0	0.0
CgigaA	AGT	S	G	0.0	0.962886965357	0.0833333333333	0.0434782608696	0.95652173913	0.152317880795	0.0198675496689	2002.0	0.138613861386	9.0	0.0	0.0
CgigaA	TCA	S	G	0.0	0.962886965357	0.1	0.025641025641	0.871794871795	0.258278145695	0.0198675496689	2002.0	-0.104062909567	28.0	0.0	0.0
CsantA	TCT	S	G	0.0	0.291501141995	0.111111111111	0.0243902439024	0.682926829268	0.231638418079	0.045197740113	2220.0	-0.209920736385	29.0	0.0	0.0
CsantA	AGC	S	G	0.0	0.291501141995	0.3	0.125	0.666666666667	0.135593220339	0.045197740113	2220.0	0.403743315508	11.0	0.0	0.0
CsantA	AGT	S	G	0.0	0.291501141995	0.363636363636	0.0512820512821	0.692307692308	0.440677966102	0.045197740113	2220.0	0.0447564721369	9.0	0.0	0.0
CtropB	TCA	S	G	0.0	0.819875714209	0.0909090909091	0.0166666666667	0.95	0.352941176471	0.00588235294118	2250.0	-0.0354747617367	28.0	0.0	0.0
CtropA	TCA	S	G	0.0	0.816770123075	0.0833333333333	0.016393442623	0.950819672131	0.358823529412	0.00588235294118	2250.0	-0.0351941747573	28.0	0.0	0.0
WpijpA	TCT	S	G	0.0	0.766666345947	0.333333333333	0.08	0.84	0.233644859813	0.0467289719626	1429.0	0.286919831224	29.0	0.0	0.0
WpijpA	AGT	S	G	0.0	0.766666345947	0.25	0.0434782608696	0.826086956522	0.214953271028	0.0467289719626	1429.0	0.152829409335	9.0	0.0	0.0
WpijpA	TCA	S	G	0.0	0.766666345947	0.333333333333	0.0338983050847	0.864406779661	0.551401869159	0.0467289719626	1429.0	0.057791371539	28.0	0.0	0.0
BarxA	TCA	S	G	0.0	0.739999910234	1.0	0.047619047619	0.571428571429	0.583333333333	0.0277777777778	434.0	-0.227804244262	28.0	0.0	0.064
CoxycA	TCT	S	G	0.0	0.513368956263	1.0	0.0909090909091	0.727272727273	0.275	0.05	434.0	0.26694214876	29.0	0.0	0.04
CoxycA	TCA	S	G	0.0	0.513368956263	1.0	0.0833333333333	0.75	0.3	0.05	434.0	0.198027314112	28.0	0.0	0.037
CsubhA	TCG	S	G	0.0	0.343200766372	0.111111111111	0.0454545454545	0.909090909091	0.124293785311	0.0169491525424	2244.0	0.129081632653	30.0	0.0	0.0
CsubhA	TCA	S	G	0.0	0.343200766372	0.166666666667	0.046511627907	0.906976744186	0.242937853107	0.0169491525424	2244.0	0.216147810681	28.0	0.0	0.0
CsubhB	TCG	S	G	0.0	0.343200766372	0.111111111111	0.0454545454545	0.909090909091	0.124293785311	0.0169491525424	2244.0	0.129081632653	30.0	0.0	0.0
CsubhB	TCA	S	G	0.0	0.343200766372	0.166666666667	0.046511627907	0.906976744186	0.242937853107	0.0169491525424	2244.0	0.216147810681	28.0	0.0	0.0
OanguA	AGT	S	G	0.0	0.103754370109	0.3	0.1	0.7	0.228571428571	0.0342857142857	2248.0	0.238669805768	9.0	0.0	0.0
OanguA	TCA	S	G	0.0	0.103754370109	0.153846153846	0.0238095238095	0.845238095238	0.48	0.0342857142857	2248.0	-0.123363793529	28.0	0.0	0.0
SarboA	TCA	S	G	0.0	0.830694527859	0.285714285714	0.0350877192982	0.877192982456	0.558823529412	0.0196078431373	1429.0	0.084672021419	28.0	0.0	0.0
CalaiA	AGT	S	G	0.0	0.701322802293	0.1	0.0185185185185	0.87037037037	0.343949044586	0.0191082802548	2056.0	-0.118934544704	9.0	0.0	0.0
CalaiA	TCA	S	G	0.0	0.701322802293	0.181818181818	0.0327868852459	0.901639344262	0.388535031847	0.0191082802548	2056.0	0.0316503391108	28.0	0.0	0.0
KtherA	TCT	S	G	0.0	0.00813772277911	0.4	0.130434782609	0.826086956522	0.23	0.03	1429.0	0.399420529801	29.0	0.0	0.0
CblacA	TCT	S	G	0.0	0.765624919081	1.0	0.0666666666667	0.933333333333	0.428571428571	0.0285714285714	434.0	0.18	29.0	0.0	0.061
CnorvA	TCT	S	G	0.0	0.79091842351	0.2	0.0769230769231	0.807692307692	0.152046783626	0.0584795321637	2249.0	0.225859247136	29.0	0.0	0.0
CnorvA	AGT	S	G	0.0	0.79091842351	0.272727272727	0.0625	0.854166666667	0.280701754386	0.0584795321637	2249.0	0.273714699493	9.0	0.0	0.0
CnorvA	TCA	S	G	0.0	0.79091842351	0.25	0.0520833333333	0.854166666667	0.561403508772	0.0584795321637	2249.0	0.13358778626	28.0	0.0	0.0
CviswA	AGT	S	G	0.0	0.805932574686	0.153846153846	0.031746031746	0.904761904762	0.357954545455	0.0227272727273	2249.0	0.116729424422	9.0	0.0	0.0
CviswA	TCA	S	G	0.0	0.805932574686	0.0769230769231	0.0294117647059	0.955882352941	0.386363636364	0.0227272727273	2249.0	0.093610469592	28.0	0.0	0.0
MstarA	TCT	S	G	0.0	0.926411763446	0.0909090909091	0.025	0.725	0.216216216216	0.027027027027	2249.0	-0.37200538358	29.0	0.0	0.0
MstarA	AGT	S	G	0.0	0.926411763446	0.166666666667	0.027027027027	0.756756756757	0.4	0.027027027027	2249.0	0.0230953809238	9.0	0.0	0.0
MstarA	TCA	S	G	0.0	0.926411763446	0.181818181818	0.0289855072464	0.739130434783	0.372972972973	0.027027027027	2249.0	-0.13567839196	28.0	0.0	0.0
NbaciA	TCT	S	G	0.0	0.866616196567	0.166666666667	0.0263157894737	0.868421052632	0.372549019608	0.0294117647059	1428.0	-0.011988011988	29.0	0.0	0.0
NbaciA	TCA	S	G	0.0	0.866616196567	0.166666666667	0.04	0.8	0.490196078431	0.0294117647059	1428.0	0.0447619047619	28.0	0.0	0.0
CtetrA	TCT	S	G	0.0	0.235157353808	0.0909090909091	0.025	0.925	0.227272727273	0.0227272727273	2249.0	0.0605060506051	29.0	0.0	0.0
CtetrA	AGC	S	G	0.0	0.235157353808	0.2	0.166666666667	0.833333333333	0.0340909090909	0.0227272727273	2249.0	0.566473988439	11.0	0.0	0.0
CtetrA	AGT	S	G	0.0	0.235157353808	0.0909090909091	0.015873015873	0.904761904762	0.357954545455	0.0227272727273	2249.0	0.0165855417343	9.0	0.0	0.0
CtetrA	TCA	S	G	0.0	0.235157353808	0.0833333333333	0.015625	0.953125	0.363636363636	0.0227272727273	2249.0	0.0262454028753	28.0	0.0	0.0
CbohiA	AGT	S	G	0.0	0.766095768934	0.181818181818	0.0333333333333	0.866666666667	0.338983050847	0.0225988700565	2250.0	0.0210122419149	9.0	0.0	0.0
CbohiA	TCA	S	G	0.0	0.766095768934	0.166666666667	0.025	0.925	0.45197740113	0.0225988700565	2250.0	-0.0115131578947	28.0	0.0	0.0
LstarA	TCT	S	G	0.0	0.666702895452	0.285714285714	0.0377358490566	0.698113207547	0.392592592593	0.0296296296296	1834.0	-0.13932680017	29.0	0.0	0.0
LstarA	AGT	S	G	0.0	0.666702895452	0.25	0.0408163265306	0.69387755102	0.362962962963	0.0296296296296	1834.0	0.0216900135563	9.0	0.0	0.0
MfariA	TCT	S	G	0.0	0.93340289142	0.0833333333333	0.0166666666667	0.85	0.338983050847	0.0225988700565	2248.0	-0.0654772852676	29.0	0.0	0.0
MfariA	AGT	S	G	0.0	0.93340289142	0.0909090909091	0.0181818181818	0.927272727273	0.310734463277	0.0225988700565	2248.0	0.0561453654553	9.0	0.0	0.0
MfariA	TCA	S	G	0.0	0.93340289142	0.222222222222	0.0363636363636	0.945454545455	0.310734463277	0.0225988700565	2248.0	0.101045983817	28.0	0.0	0.0
MfariB	TCT	S	G	0.0	0.546414891903	0.0909090909091	0.0217391304348	0.934782608696	0.258426966292	0.0168539325843	2250.0	0.0600794438928	29.0	0.0	0.0
MfariB	TCA	S	G	0.0	0.546414891903	0.166666666667	0.0253164556962	0.911392405063	0.443820224719	0.0168539325843	2250.0	-0.0185762711864	28.0	0.0	0.0
CcastA	TCT	S	G	0.0	0.154776277083	0.6	0.136363636364	0.727272727273	0.222222222222	0.0606060606061	1428.0	0.312311015119	29.0	0.0	0.0
CcastA	AGT	S	G	0.0	0.154776277083	0.2	0.0833333333333	0.916666666667	0.121212121212	0.0606060606061	1428.0	0.51357827476	9.0	0.0	0.0
CcastA	TCA	S	G	0.0	0.154776277083	0.333333333333	0.03125	0.90625	0.646464646465	0.0606060606061	1428.0	0.177599286033	28.0	0.0	0.0
LanspB	TCT	S	G	0.0	0.197928438106	0.4	0.0869565217391	0.869565217391	0.232323232323	0.040404040404	1429.0	0.322139303483	29.0	0.0	0.0
LanspB	AGT	S	G	0.0	0.197928438106	0.2	0.0714285714286	0.857142857143	0.141414141414	0.040404040404	1429.0	0.525991792066	9.0	0.0	0.0
LanspB	TCA	S	G	0.0	0.197928438106	0.142857142857	0.016393442623	0.934426229508	0.616161616162	0.040404040404	1429.0	0.0284597341673	28.0	0.0	0.0
CphanA	TCT	S	G	0.0	0.388344301012	0.1	0.0294117647059	0.823529411765	0.207317073171	0.0243902439024	2247.0	-0.14395714764	29.0	0.0	0.0
CphanA	TCA	S	G	0.0	0.388344301012	0.25	0.0352941176471	0.741176470588	0.518292682927	0.0243902439024	2247.0	-0.031813098049	28.0	0.0	0.0
LanspA	TCT	S	G	0.0	0.306075004247	0.333333333333	0.0689655172414	0.862068965517	0.292929292929	0.030303030303	1429.0	0.297599473857	29.0	0.0	0.0
LanspA	TCA	S	G	0.0	0.306075004247	0.166666666667	0.0175438596491	0.964912280702	0.575757575758	0.030303030303	1429.0	0.0455687719886	28.0	0.0	0.0
CsojaA	TCA	S	G	0.0	0.803738249997	0.142857142857	0.0227272727273	0.931818181818	0.392857142857	0.00892857142857	1498.0	0.125772705659	28.0	0.0	0.0
CglabA	TCT	S	G	0.0	0.0205346749079	0.333333333333	0.111111111111	0.777777777778	0.272727272727	0.040404040404	1413.0	0.379043600563	29.0	0.0	0.0
CglabA	AGT	S	G	0.0	0.0205346749079	0.2	0.0833333333333	0.833333333333	0.121212121212	0.040404040404	1413.0	0.503597122302	9.0	0.0	0.0
ScryoA	AGT	S	G	0.0	0.647977437412	0.166666666667	0.0322580645161	0.451612903226	0.292452830189	0.0188679245283	1424.0	-0.301436869459	9.0	0.0	0.0
ScryoA	TCA	S	G	0.0	0.647977437412	0.166666666667	0.027027027027	0.648648648649	0.349056603774	0.0188679245283	1424.0	-0.125935483871	28.0	0.0	0.0
CneerA	TCA	S	G	0.0	0.453703645096	0.0909090909091	0.0161290322581	0.870967741935	0.354285714286	0.00571428571429	2249.0	-0.14716652136	28.0	0.0	0.0
CsakeA	TCT	S	G	0.0	0.900847828199	0.1	0.0243902439024	0.90243902439	0.241176470588	0.0176470588235	2207.0	0.0879811468971	29.0	0.0	0.0
CsakeA	AGT	S	G	0.0	0.900847828199	0.1	0.02	0.9	0.294117647059	0.0176470588235	2207.0	0.0156002713091	9.0	0.0	0.0
CsakeA	TCA	S	G	0.0	0.900847828199	0.0909090909091	0.0126582278481	0.949367088608	0.464705882353	0.0176470588235	2207.0	-0.00570553854718	28.0	0.0	0.0
HuvarA	AGT	S	G	0.0	0.231039191583	0.5	0.103448275862	0.758620689655	0.27619047619	0.0380952380952	1361.0	0.253516519464	9.0	0.0	0.0
HuvarA	TCA	S	G	0.0	0.231039191583	0.166666666667	0.02	0.62	0.47619047619	0.0380952380952	1361.0	-0.400191021968	28.0	0.0	0.0
CjiufA	TCT	S	G	0.0	0.372519999614	0.166666666667	0.0322580645161	0.903225806452	0.350282485876	0.0112994350282	2231.0	0.0422119815668	29.0	0.0	0.0
KlactA	TCA	S	G	0.0	0.828521980555	0.333333333333	0.0434782608696	0.884057971014	0.676470588235	0.0294117647059	1408.0	0.100207612457	28.0	0.0	0.0
CzempA	AGT	S	G	0.0	0.0790130484496	0.333333333333	0.0789473684211	0.552631578947	0.345454545455	0.0272727272727	1428.0	0.299145299145	9.0	0.0	0.0
CfrijA	TCA	S	G	0.0	0.168524593345	0.0833333333333	0.030303030303	0.848484848485	0.368715083799	0.0111731843575	2249.0	-0.0104855621874	28.0	0.0	0.0
PpastA	AGT	S	G	0.0	0.329359076346	0.272727272727	0.0862068965517	0.793103448276	0.306878306878	0.047619047619	2248.0	0.345251826221	9.0	0.0	0.0
PpastA	TCA	S	G	0.0	0.329359076346	0.230769230769	0.0353982300885	0.805309734513	0.597883597884	0.047619047619	2248.0	-0.0659658597743	28.0	0.0	0.0
SjapoA	TCT	S	G	0.0	0.221113161702	0.285714285714	0.0327868852459	0.622950819672	0.586538461538	0.0480769230769	1423.0	-0.287786616752	29.0	0.0	0.0
SjapoA	AGT	S	G	0.0	0.221113161702	0.333333333333	0.115384615385	0.423076923077	0.25	0.0480769230769	1423.0	0.336520779698	9.0	0.0	0.0
CalbiE	TCA	S	G	0.0	0.785714211731	0.166666666667	0.025641025641	0.974358974359	0.414893617021	0.0106382978723	1183.0	0.0801007556675	28.0	0.0	0.0
CalbiD	TCA	S	G	0.0	0.823717887856	0.111111111111	0.0181818181818	0.981818181818	0.345911949686	0.0062893081761	2058.0	0.0617680392898	28.0	0.0	0.0
CalbiC	TCA	S	G	0.0	0.821212059485	0.1	0.0169491525424	0.983050847458	0.35119047619	0.00595238095238	2250.0	0.0510204081633	28.0	0.0	0.0
CalbiB	TCA	S	G	0.0	0.821212059485	0.1	0.0169491525424	0.983050847458	0.35119047619	0.00595238095238	2250.0	0.0510204081633	28.0	0.0	0.0
CalbiA	TCA	S	G	0.0	0.467948658193	0.111111111111	0.0185185185185	0.981481481481	0.339622641509	0.0062893081761	2058.0	0.0630787037037	28.0	0.0	0.0
MmagnB	AGT	S	G	0.0	0.738442794901	0.0909090909091	0.0196078431373	0.823529411765	0.289772727273	0.0113636363636	2249.0	-0.00770755340233	9.0	0.0	0.0
MmagnB	TCA	S	G	0.0	0.738442794901	0.0909090909091	0.0192307692308	0.653846153846	0.295454545455	0.0113636363636	2249.0	-0.334676645557	28.0	0.0	0.0
MmagnA	AGT	S	G	0.0	0.732360069201	0.0909090909091	0.0188679245283	0.811320754717	0.301136363636	0.0113636363636	2249.0	0.00820361800589	9.0	0.0	0.0
MmagnA	TCA	S	G	0.0	0.732360069201	0.0909090909091	0.0192307692308	0.653846153846	0.295454545455	0.0113636363636	2249.0	-0.334676645557	28.0	0.0	0.0
CcoryA	TCT	S	G	0.0	0.667364923466	0.0909090909091	0.0217391304348	0.934782608696	0.265895953757	0.0115606936416	2250.0	-0.0224258500121	29.0	0.0	0.0
CcoryA	TCA	S	G	0.0	0.667364923466	0.0909090909091	0.0166666666667	0.933333333333	0.346820809249	0.0115606936416	2250.0	0.0815880531779	28.0	0.0	0.0
CparaB	AGT	S	G	0.0	0.455621248659	0.0909090909091	0.0185185185185	0.944444444444	0.306818181818	0.00568181818182	2250.0	-0.0232941661513	9.0	0.0	0.0
CparaD	AGT	S	G	0.0	0.455621248659	0.0909090909091	0.0185185185185	0.944444444444	0.306818181818	0.00568181818182	2250.0	-0.0232941661513	9.0	0.0	0.0
MtetrA	AGT	S	G	0.0	0.774626851758	0.1	0.030303030303	0.787878787879	0.194117647059	0.0117647058824	2248.0	-0.0286184210526	9.0	0.0	0.0
MtetrA	TCA	S	G	0.0	0.774626851758	0.111111111111	0.027027027027	0.702702702703	0.217647058824	0.0117647058824	2248.0	-0.250852794542	28.0	0.0	0.0
CsaraA	TCT	S	G	0.0	0.675794053668	0.111111111111	0.0232558139535	0.953488372093	0.245714285714	0.0114285714286	2249.0	0.0425639726374	29.0	0.0	0.0
CsaraA	AGT	S	G	0.0	0.675794053668	0.0833333333333	0.0153846153846	0.907692307692	0.371428571429	0.0114285714286	2249.0	0.00500777067864	9.0	0.0	0.0
CsuavA	TCT	S	G	0.0	0.124896779209	0.1	0.025641025641	0.897435897436	0.221590909091	0.0511363636364	2250.0	0.0891517599538	29.0	0.0	0.0
CsuavA	AGT	S	G	0.0	0.124896779209	0.4	0.0851063829787	0.808510638298	0.267045454545	0.0511363636364	2250.0	0.33198585144	9.0	0.0	0.0
CsuavA	TCC	S	G	0.0	0.124896779209	0.5	0.5	0.5	0.0113636363636	0.0511363636364	2250.0	1.5763546798	31.0	0.0	0.037
CsuavA	TCA	S	G	0.0	0.124896779209	0.272727272727	0.0352941176471	0.847058823529	0.482954545455	0.0511363636364	2250.0	0.0181840520949	28.0	0.0	0.0
PkluyA	AGT	S	G	0.0	0.163010895722	0.272727272727	0.108695652174	0.717391304348	0.262857142857	0.0457142857143	2247.0	0.360041088855	9.0	0.0	0.0
PkluyA	TCA	S	G	0.0	0.163010895722	0.230769230769	0.0245901639344	0.811475409836	0.697142857143	0.0457142857143	2247.0	-0.0431435732188	28.0	0.0	0.0
PcanaA	TCT	S	G	0.0	0.426960962473	0.25	0.0606060606061	0.818181818182	0.189655172414	0.0632183908046	2250.0	0.209150326797	29.0	0.0	0.0
PcanaA	AGT	S	G	0.0	0.426960962473	0.454545454545	0.0980392156863	0.78431372549	0.293103448276	0.0632183908046	2250.0	0.400318979266	9.0	0.0	0.0
PcanaA	TCA	S	G	0.0	0.426960962473	0.333333333333	0.0449438202247	0.876404494382	0.511494252874	0.0632183908046	2250.0	0.111611374408	28.0	0.0	0.0
YlipoB	TCT	S	G	0.0	0.325288550647	0.222222222222	0.0487804878049	0.756097560976	0.25	0.0243902439024	2247.0	0.0144124168514	29.0	0.0	0.0
YlipoB	TCA	S	G	0.0	0.325288550647	0.166666666667	0.0266666666667	0.76	0.457317073171	0.0243902439024	2247.0	-0.0528238269177	28.0	0.0	0.0
YlipoA	TCT	S	G	0.0	0.325288550647	0.222222222222	0.0487804878049	0.756097560976	0.25	0.0243902439024	2247.0	0.0144124168514	29.0	0.0	0.0
YlipoA	TCA	S	G	0.0	0.325288550647	0.166666666667	0.0266666666667	0.76	0.457317073171	0.0243902439024	2247.0	-0.0528238269177	28.0	0.0	0.0
CjadiA	AGT	S	G	0.0	0.351641605412	0.4	0.0851063829787	0.829787234043	0.268571428571	0.0514285714286	2250.0	0.36168084042	9.0	0.0	0.0
CjadiA	TCA	S	G	0.0	0.351641605412	0.307692307692	0.049504950495	0.841584158416	0.577142857143	0.0514285714286	2250.0	0.106436420722	28.0	0.0	0.0
AgossB	TCT	S	G	0.0	0.395711283656	0.142857142857	0.03125	0.90625	0.304761904762	0.0666666666667	1427.0	0.054443790465	29.0	0.0	0.0
AgossB	AGT	S	G	0.0	0.395711283656	0.166666666667	0.125	0.8125	0.152380952381	0.0666666666667	1427.0	0.915173237754	9.0	0.0	0.0
AgossB	TCA	S	G	0.0	0.395711283656	0.5	0.0701754385965	0.771929824561	0.542857142857	0.0666666666667	1427.0	0.22828991316	28.0	0.0	0.0
NdelpA	TCT	S	G	0.0	0.0130138676866	0.4	0.115384615385	0.692307692308	0.26	0.04	1412.0	0.37278960664	29.0	0.0	0.0
NdelpA	AGT	S	G	0.0	0.0130138676866	0.2	0.0909090909091	0.818181818182	0.11	0.04	1412.0	0.548302872063	9.0	0.0	0.0
LelonA	TCA	S	G	0.0	0.772455011259	0.0833333333333	0.0121951219512	0.914634146341	0.458100558659	0.00558659217877	2249.0	-0.0810355987055	28.0	0.0	0.0
CpseuA	TCT	S	G	0.0	0.823529350838	1.0	0.0714285714286	0.785714285714	0.358974358974	0.025641025641	434.0	0.327698309493	29.0	0.0	0.06
CalimA	TCT	S	G	0.0	0.412552797682	0.111111111111	0.027027027027	0.702702702703	0.222891566265	0.0240963855422	2247.0	-0.220539230536	29.0	0.0	0.0
CalimA	TCA	S	G	0.0	0.412552797682	0.25	0.0365853658537	0.768292682927	0.493975903614	0.0240963855422	2247.0	-0.018494568029	28.0	0.0	0.0
CchauA	AGT	S	G	0.0	0.877300571135	0.0833333333333	0.0185185185185	0.981481481481	0.315789473684	0.0116959064327	2250.0	0.0439719240297	9.0	0.0	0.0
CchauA	TCA	S	G	0.0	0.877300571135	0.0909090909091	0.0153846153846	0.907692307692	0.380116959064	0.0116959064327	2250.0	0.0153922542205	28.0	0.0	0.0
BcaliA	TCT	S	G	0.0	0.053414498002	0.0909090909091	0.0285714285714	0.857142857143	0.204678362573	0.0584795321637	2250.0	0.0312195121951	29.0	0.0	0.0
BcaliA	AGT	S	G	0.0	0.053414498002	0.363636363636	0.0851063829787	0.829787234043	0.27485380117	0.0584795321637	2250.0	0.387704511651	9.0	0.0	0.0
BcaliA	TCC	S	G	0.0	0.053414498002	1.0	1.0	0.0	0.00584795321637	0.0584795321637	2250.0	3.43689320388	31.0	0.0	0.182
BcaliA	TCA	S	G	0.0	0.053414498002	0.272727272727	0.0454545454545	0.863636363636	0.514619883041	0.0584795321637	2250.0	0.0888835649257	28.0	0.0	0.0
SoctoA	AGC	S	G	0.0	0.0133128500779	0.333333333333	0.25	0.0	0.0377358490566	0.0188679245283	1425.0	0.484412470024	11.0	0.0	0.0
SoctoA	TCA	S	G	0.0	0.0133128500779	0.166666666667	0.0285714285714	0.6	0.330188679245	0.0188679245283	1425.0	-0.101874490628	28.0	0.0	0.0
CvartA	TCT	S	G	0.0	0.447611445486	0.2	0.0555555555556	0.861111111111	0.204545454545	0.0511363636364	2250.0	0.311291328759	29.0	0.0	0.0
CvartA	AGT	S	G	0.0	0.447611445486	0.363636363636	0.0816326530612	0.816326530612	0.278409090909	0.0511363636364	2250.0	0.311105780763	9.0	0.0	0.0
CvartA	TCA	S	G	0.0	0.447611445486	0.230769230769	0.0333333333333	0.855555555556	0.511363636364	0.0511363636364	2250.0	-0.0417441860465	28.0	0.0	0.0
CbuenA	TCT	S	G	0.0	0.872288918255	0.0909090909091	0.0204081632653	0.959183673469	0.295180722892	0.0120481927711	2248.0	0.00933940774487	29.0	0.0	0.0
CbuenA	AGT	S	G	0.0	0.872288918255	0.0909090909091	0.0149253731343	0.970149253731	0.403614457831	0.0120481927711	2248.0	0.0657695542473	9.0	0.0	0.0
CdefoA	TCT	S	G	0.0	0.529065533208	0.1	0.0263157894737	0.736842105263	0.230303030303	0.0242424242424	2247.0	-0.16726618705	29.0	0.0	0.0
CdefoA	TCA	S	G	0.0	0.529065533208	0.25	0.0375	0.775	0.484848484848	0.0242424242424	2247.0	0.0268350434096	28.0	0.0	0.0
LdasiA	TCT	S	G	0.0	0.0327899536823	0.4	0.125	0.791666666667	0.237623762376	0.039603960396	1429.0	0.365834324217	29.0	0.0	0.0
LdasiA	AGT	S	G	0.0	0.0327899536823	0.2	0.0666666666667	0.8	0.148514851485	0.039603960396	1429.0	0.533844189017	9.0	0.0	0.0
LkluyF	TCT	S	G	0.0	0.859053940827	0.2	0.0454545454545	0.863636363636	0.222222222222	0.030303030303	1429.0	0.0160520607375	29.0	0.0	0.0
LkluyF	TCA	S	G	0.0	0.859053940827	0.333333333333	0.0322580645161	0.935483870968	0.626262626263	0.030303030303	1429.0	0.138265149185	28.0	0.0	0.0
LkluyE	TCT	S	G	0.0	0.574972081524	0.2	0.047619047619	0.857142857143	0.212121212121	0.030303030303	1429.0	0.0186194368756	29.0	0.0	0.0
LkluyE	TCA	S	G	0.0	0.574972081524	0.333333333333	0.031746031746	0.936507936508	0.636363636364	0.030303030303	1429.0	0.13550340651	28.0	0.0	0.0
LkluyD	TCT	S	G	0.0	0.889035096727	0.2	0.0434782608696	0.869565217391	0.23	0.04	1429.0	0.0372670807453	29.0	0.0	0.0
LkluyD	TCA	S	G	0.0	0.889035096727	0.5	0.05	0.916666666667	0.6	0.04	1429.0	0.217695735201	28.0	0.0	0.0
LkluyC	TCT	S	G	0.0	0.859053940827	0.2	0.0454545454545	0.863636363636	0.222222222222	0.030303030303	1429.0	0.0160520607375	29.0	0.0	0.0
LkluyC	TCA	S	G	0.0	0.859053940827	0.333333333333	0.0322580645161	0.935483870968	0.626262626263	0.030303030303	1429.0	0.138265149185	28.0	0.0	0.0
LkluyB	TCA	S	G	0.0	0.66129020564	1.0	0.0454545454545	0.909090909091	0.666666666667	0.030303030303	434.0	0.303844563869	28.0	0.0	0.061
LkluyA	TCT	S	G	0.0	0.859053940827	0.2	0.0454545454545	0.863636363636	0.222222222222	0.030303030303	1429.0	0.0160520607375	29.0	0.0	0.0
LkluyA	TCA	S	G	0.0	0.859053940827	0.333333333333	0.0322580645161	0.935483870968	0.626262626263	0.030303030303	1429.0	0.138265149185	28.0	0.0	0.0
CdublA	TCA	S	G	0.0	0.506410207721	0.1	0.0227272727273	0.977272727273	0.276729559748	0.0062893081761	2058.0	0.0584629891561	28.0	0.0	0.0
ClusiA	TCT	S	G	0.0	0.891116605858	0.0909090909091	0.0212765957447	0.978723404255	0.271676300578	0.0173410404624	2250.0	0.0413143271322	29.0	0.0	0.0
ClusiA	AGT	S	G	0.0	0.891116605858	0.0909090909091	0.0185185185185	0.888888888889	0.312138728324	0.0173410404624	2250.0	0.0774127310062	9.0	0.0	0.0
ClusiA	TCA	S	G	0.0	0.891116605858	0.0833333333333	0.0138888888889	0.916666666667	0.416184971098	0.0173410404624	2250.0	0.011377245509	28.0	0.0	0.0
MguilA	TCT	S	G	0.0	0.886805989852	0.0769230769231	0.0185185185185	0.888888888889	0.312138728324	0.0115606936416	2250.0	-0.0284409383434	29.0	0.0	0.0
MguilA	TCA	S	G	0.0	0.886805989852	0.0909090909091	0.0161290322581	0.967741935484	0.35838150289	0.0115606936416	2250.0	0.02341838518	28.0	0.0	0.0
SpastA	TCT	S	G	0.0	0.490595555006	0.166666666667	0.037037037037	0.851851851852	0.27	0.02	1429.0	0.0571327182399	29.0	0.0	0.0
SpastA	TCA	S	G	0.0	0.490595555006	0.142857142857	0.0169491525424	0.864406779661	0.59	0.02	1429.0	0.0271098918832	28.0	0.0	0.0
ScereC	TCA	S	G	0.0	0.806034415791	0.285714285714	0.0333333333333	0.883333333333	0.612244897959	0.0204081632653	1429.0	0.106554781507	28.0	0.0	0.0
ScereA	TCA	S	G	0.0	0.806034415791	0.285714285714	0.0338983050847	0.898305084746	0.60824742268	0.020618556701	1429.0	0.101031260071	28.0	0.0	0.0
ScereD	TCA	S	G	0.0	0.806034415791	0.285714285714	0.0338983050847	0.898305084746	0.602040816327	0.0204081632653	1429.0	0.100209778925	28.0	0.0	0.0
ScereE	TCA	S	G	0.0	0.806034415791	0.285714285714	0.0338983050847	0.898305084746	0.59595959596	0.020202020202	1429.0	0.100209778925	28.0	0.0	0.0
DhansA	TCT	S	G	0.0	0.910483174131	0.1	0.0243902439024	0.926829268293	0.231638418079	0.0225988700565	2250.0	0.0497397339503	29.0	0.0	0.0
DhansA	AGT	S	G	0.0	0.910483174131	0.0909090909091	0.016393442623	0.885245901639	0.344632768362	0.0225988700565	2250.0	-0.0413385826772	9.0	0.0	0.0
DhansA	TCA	S	G	0.0	0.910483174131	0.166666666667	0.027027027027	0.932432432432	0.418079096045	0.0225988700565	2250.0	0.0109321058688	28.0	0.0	0.0
CsalmA	TCT	S	G	0.0	0.431020983921	0.111111111111	0.0232558139535	0.674418604651	0.263803680982	0.0368098159509	2153.0	-0.0972722593927	29.0	0.0	0.0
CsalmA	AGT	S	G	0.0	0.431020983921	0.363636363636	0.0632911392405	0.683544303797	0.484662576687	0.0368098159509	2153.0	-0.020373988278	9.0	0.0	0.0
LnothA	TCT	S	G	0.0	0.693919074665	0.2	0.0434782608696	0.913043478261	0.232323232323	0.040404040404	1429.0	0.166666666667	29.0	0.0	0.0
LnothA	AGT	S	G	0.0	0.693919074665	0.2	0.0666666666667	0.866666666667	0.151515151515	0.040404040404	1429.0	0.513496143959	9.0	0.0	0.0
LnothA	TCA	S	G	0.0	0.693919074665	0.142857142857	0.0327868852459	0.918032786885	0.616161616162	0.040404040404	1429.0	0.0879138038726	28.0	0.0	0.0
BcustA	AGT	S	G	0.0	0.0281991330573	0.454545454545	0.148936170213	0.68085106383	0.270114942529	0.0574712643678	2247.0	0.61324570273	9.0	0.0	0.0
BcustA	TCA	S	G	0.0	0.0281991330573	0.25	0.0309278350515	0.783505154639	0.557471264368	0.0574712643678	2247.0	-0.049833518313	28.0	0.0	0.0
AgossA	TCT	S	G	0.0	0.403850771855	0.142857142857	0.030303030303	0.909090909091	0.314285714286	0.0666666666667	1427.0	0.0590584878745	29.0	0.0	0.0
AgossA	AGT	S	G	0.0	0.403850771855	0.166666666667	0.125	0.8125	0.152380952381	0.0666666666667	1427.0	0.915173237754	9.0	0.0	0.0
AgossA	TCA	S	G	0.0	0.403850771855	0.5	0.0714285714286	0.767857142857	0.533333333333	0.0666666666667	1427.0	0.228702601598	28.0	0.0	0.0
MingeA	AGT	S	G	0.0	0.511929541243	0.25	0.041095890411	0.767123287671	0.394594594595	0.0216216216216	2249.0	0.14479433479	9.0	0.0	0.0
MingeA	TCA	S	G	0.0	0.511929541243	0.0833333333333	0.013698630137	0.72602739726	0.394594594595	0.0216216216216	2249.0	-0.306912310768	28.0	0.0	0.0
ScastA	TCT	S	G	0.0	0.729098532451	0.2	0.0434782608696	0.826086956522	0.225490196078	0.0392156862745	1426.0	0.0765709529754	29.0	0.0	0.0
ScastA	AGT	S	G	0.0	0.729098532451	0.166666666667	0.0588235294118	0.764705882353	0.166666666667	0.0392156862745	1426.0	-0.0583238958097	9.0	0.0	0.0
ScastA	TCA	S	G	0.0	0.729098532451	0.285714285714	0.0333333333333	0.85	0.588235294118	0.0392156862745	1426.0	0.132009531374	28.0	0.0	0.0
CmaltA	AGT	S	G	0.0	0.492424214214	0.181818181818	0.0281690140845	0.915492957746	0.408045977011	0.0114942528736	2250.0	0.000634920634921	9.0	0.0	0.0
KmarxA	TCA	S	G	0.0	0.629032129986	1.0	0.0416666666667	0.916666666667	0.727272727273	0.030303030303	434.0	0.211144806672	28.0	0.0	0.061