### Random Forest prediction
genome	codon	ori_aa	rea_aa	fitch	Fisher pval	Gene frac	N. rea	N. used	Cod. count	Sub. count	G. len	codon_lik	id	prediction
SpombA	TTA	L	Y	1.0	0.716816151639	0.285714285714	0.0128205128205	0.692307692308	0.772277227723	0.00990099009901	1452.0	-0.643529799144	20.0	0.0
SpastA	TTA	L	Y	0.0	0.505434782609	0.142857142857	0.005	0.905	0.952380952381	0.0047619047619	1456.0	-0.818907305095	20.0	0.0
CmetaD	TTA	L	Y	0.0	0.556922923949	0.0833333333333	0.00338983050847	0.972881355932	0.885885885886	0.003003003003	2101.0	-0.874501674374	20.0	0.0
CsantA	CTA	L	Y	0.0	0.891140163516	0.25	0.0161290322581	0.801075268817	0.607843137255	0.00980392156863	2073.0	-0.765710424473	52.0	0.0
CtropB	CTA	L	Y	0.0	0.507861587992	0.0833333333333	0.010752688172	0.924731182796	0.280120481928	0.00301204819277	2101.0	-0.763629799013	52.0	0.0
CtropA	CTA	L	Y	0.0	0.503144606317	0.0833333333333	0.0106382978723	0.925531914894	0.28313253012	0.00301204819277	2101.0	-0.76067055047	52.0	0.0
CoxycA	TTA	L	Y	1.0	0.724313630308	1.0	0.0487804878049	0.878048780488	0.732142857143	0.0357142857143	442.0	-0.588012319356	20.0	0.0
OanguA	CTT	L	Y	0.0	0.0998925995976	0.0909090909091	0.0526315789474	0.684210526316	0.0579268292683	0.00609756097561	2101.0	-0.533685601057	53.0	0.0
OanguA	TTA	L	Y	0.0	0.0998925995976	0.0833333333333	0.0034965034965	0.884615384615	0.871951219512	0.00609756097561	2101.0	-0.862108077453	20.0	0.0
SarboA	TTA	L	Y	0.0	0.513513345552	0.142857142857	0.00510204081633	0.913265306122	0.915887850467	0.00467289719626	1456.0	-0.813390387726	20.0	0.0
CcastA	TTA	L	Y	0.0	0.00950611888112	0.142857142857	0.00520833333333	0.911458333333	0.936585365854	0.00487804878049	1455.0	-0.787287367355	20.0	0.0
CblacA	TTA	L	Y	1.0	0.519230769231	1.0	0.0181818181818	0.890909090909	0.948275862069	0.0172413793103	442.0	-0.78125	20.0	0.0
CnorvA	TTA	L	Y	0.0	0.00948844884488	0.166666666667	0.0061919504644	0.931888544892	1.0	0.0061919504644	2101.0	-0.841436943781	20.0	0.0
CviswA	TTA	L	Y	0.0	0.525973862315	0.0833333333333	0.00327868852459	0.954098360656	0.95015576324	0.00311526479751	2101.0	-0.877335593482	20.0	0.0
LstarA	TTA	L	Y	0.0	0.568888740046	0.1	0.00452488687783	0.873303167421	0.859922178988	0.00389105058366	1779.0	-0.82491600448	20.0	0.0
MfariA	TTA	L	Y	0.0	0.561872758434	0.0833333333333	0.00357142857143	0.932142857143	0.877742946708	0.00313479623824	2101.0	-0.889396862679	20.0	0.0
CphanA	TTA	L	Y	0.0	0.18347200095	0.25	0.012987012987	0.850649350649	0.953560371517	0.015479876161	2100.0	-0.814267768092	20.0	0.0
CphanA	CTA	L	Y	0.0	0.18347200095	0.166666666667	0.142857142857	0.714285714286	0.0216718266254	0.015479876161	2100.0	0.171846435101	52.0	0.0
CsojaA	TTA	L	Y	0.0	0.608695517074	0.125	0.00546448087432	0.978142076503	0.775423728814	0.00423728813559	1435.0	-0.848166843783	20.0	0.0
CglabA	TTA	L	Y	0.0	0.502717391304	0.142857142857	0.00512820512821	0.933333333333	0.975	0.005	1439.0	-0.866078462266	20.0	0.0
ScryoA	TTA	L	Y	0.0	0.854783846692	0.428571428571	0.0220588235294	0.720588235294	0.660194174757	0.0145631067961	1454.0	-0.68680445151	20.0	0.0
CneerA	TTA	L	Y	0.0	0.594551142068	0.0833333333333	0.00373134328358	0.940298507463	0.809667673716	0.00302114803625	2101.0	-0.870131000566	20.0	0.0
CsakeA	TTA	L	Y	0.0	0.511705517033	0.0909090909091	0.00320512820513	0.932692307692	0.978056426332	0.00313479623824	2065.0	-0.868647234679	20.0	0.0
HuvarA	TTA	L	Y	0.0	0.550326642134	0.333333333333	0.0116959064327	0.74269005848	0.810426540284	0.00947867298578	1397.0	-0.766606822262	20.0	0.0
CjiufA	TTA	L	Y	0.0	0.576190329868	0.0833333333333	0.00363636363636	0.967272727273	0.843558282209	0.00306748466258	2080.0	-0.877030162413	20.0	0.0
KlactA	TTA	L	Y	0.0	0.505376344086	0.142857142857	0.00507614213198	0.928934010152	0.989949748744	0.00502512562814	1434.0	-0.851429164289	20.0	0.0
CzempA	TTA	L	Y	0.0	0.50699283678	0.142857142857	0.00523560209424	0.732984293194	0.984536082474	0.00515463917526	1455.0	-0.768496163957	20.0	0.0
CmetaB	TTA	L	Y	0.0	0.556922923949	0.0833333333333	0.00338983050847	0.972881355932	0.885885885886	0.003003003003	2101.0	-0.874501674374	20.0	0.0
CmetaC	TTA	L	Y	0.0	0.556922923949	0.0833333333333	0.00338983050847	0.972881355932	0.885885885886	0.003003003003	2101.0	-0.874501674374	20.0	0.0
CmetaA	TTA	L	Y	0.0	0.556922923949	0.0833333333333	0.00338983050847	0.972881355932	0.885885885886	0.003003003003	2101.0	-0.874501674374	20.0	0.0
CmetaF	TTA	L	Y	0.0	0.556922923949	0.0833333333333	0.00338983050847	0.972881355932	0.885885885886	0.003003003003	2101.0	-0.874501674374	20.0	0.0
CfrijA	TTA	L	Y	1.0	0.547923166602	0.0833333333333	0.00334448160535	0.943143812709	0.90332326284	0.00302114803625	2101.0	-0.871792850668	20.0	0.0
CgallA	CTT	L	Y	0.0	0.385319932185	0.166666666667	0.0909090909091	0.909090909091	0.0342679127726	0.0155763239875	2101.0	-0.223322332233	53.0	0.0
CgallA	TTA	L	Y	0.0	0.385319932185	0.25	0.01393728223	0.850174216028	0.894080996885	0.0155763239875	2101.0	-0.793324618024	20.0	0.0
CmetaE	TTA	L	Y	0.0	0.556922923949	0.0833333333333	0.00338983050847	0.972881355932	0.885885885886	0.003003003003	2101.0	-0.874501674374	20.0	0.0
PpastA	TTA	L	Y	0.0	0.506896381478	0.0833333333333	0.0031746031746	0.904761904762	0.987460815047	0.00313479623824	2101.0	-0.86737625221	20.0	0.0
SjapoA	CTT	L	Y	0.0	0.466859129858	0.2	0.0243902439024	0.634146341463	0.188073394495	0.0137614678899	1450.0	-0.853390042532	53.0	0.0
SjapoA	TTA	L	Y	0.0	0.466859129858	0.285714285714	0.0126582278481	0.645569620253	0.724770642202	0.0137614678899	1450.0	-0.753111226342	20.0	0.0
CalbiE	TTA	L	Y	0.0	0.628204999841	0.166666666667	0.00819672131148	0.94262295082	0.748466257669	0.00613496932515	1101.0	-0.795021961933	20.0	0.0
CtetrA	TTA	L	Y	0.0	0.689969813094	0.0833333333333	0.00778210116732	0.945525291829	0.788343558282	0.00613496932515	2101.0	-0.820886681551	20.0	0.0
CcoryA	CTT	L	Y	1.0	0.220447244635	0.0909090909091	0.0131578947368	0.934210526316	0.222222222222	0.00292397660819	2101.0	-0.865384615385	53.0	0.0
CparaC	TTA	L	Y	0.0	0.555900467791	0.0833333333333	0.00340136054422	0.969387755102	0.888217522659	0.00302114803625	2101.0	-0.871377610325	20.0	0.0
CparaB	TTA	L	Y	0.0	0.555900467791	0.0833333333333	0.00340136054422	0.969387755102	0.888217522659	0.00302114803625	2101.0	-0.871377610325	20.0	0.0
CparaE	TTA	L	Y	0.0	0.555900467791	0.0833333333333	0.00340136054422	0.969387755102	0.888217522659	0.00302114803625	2101.0	-0.871377610325	20.0	0.0
CparaD	TTA	L	Y	0.0	0.555900467791	0.0833333333333	0.00340136054422	0.969387755102	0.888217522659	0.00302114803625	2101.0	-0.871377610325	20.0	0.0
CparaF	TTA	L	Y	0.0	0.555900467791	0.0833333333333	0.00340136054422	0.969387755102	0.888217522659	0.00302114803625	2101.0	-0.871377610325	20.0	0.0
MtetrA	CTG	L	Y	4.0	0.486694243264	0.0909090909091	0.00900900900901	0.873873873874	0.359223300971	0.0	2100.0	-0.792733837301	54.0	0.0
MtetrA	CTC	L	Y	4.0	0.486694243264	0.0833333333333	0.0208333333333	0.875	0.155339805825	0.0	2100.0	-0.642209398186	55.0	0.0
CsaraA	TTA	L	Y	0.0	0.589576405531	0.0833333333333	0.00375939849624	0.943609022556	0.823529411765	0.0030959752322	2101.0	-0.853994850984	20.0	0.0
CsuavA	TTA	L	Y	0.0	0.566698335068	0.166666666667	0.00699300699301	0.937062937063	0.928571428571	0.00649350649351	2101.0	-0.836839321317	20.0	0.0
PkluyA	TTA	L	Y	2.0	0.557431961469	0.25	0.00996677740864	0.873754152824	0.961661341853	0.00958466453674	2101.0	-0.830042616413	20.0	0.0
PcanaA	TTA	L	Y	0.0	0.539847712581	0.25	0.00996677740864	0.940199335548	0.967845659164	0.0096463022508	2101.0	-0.845465509863	20.0	0.0
YlipoB	CTT	L	Y	0.0	0.024046444542	0.166666666667	0.0833333333333	0.916666666667	0.0373831775701	0.0155763239875	2100.0	-0.301867219917	53.0	0.0
YlipoB	TTA	L	Y	0.0	0.024046444542	0.166666666667	0.0102389078498	0.846416382253	0.91277258567	0.0155763239875	2100.0	-0.820827685193	20.0	0.0
YlipoB	TTG	L	Y	0.0	0.024046444542	0.5	0.333333333333	0.666666666667	0.00934579439252	0.0155763239875	2100.0	1.34554973822	22.0	0.0
YlipoA	CTT	L	Y	0.0	0.024046444542	0.166666666667	0.0833333333333	0.916666666667	0.0373831775701	0.0155763239875	2100.0	-0.301867219917	53.0	0.0
YlipoA	TTA	L	Y	0.0	0.024046444542	0.166666666667	0.0102389078498	0.846416382253	0.91277258567	0.0155763239875	2100.0	-0.820827685193	20.0	0.0
YlipoA	TTG	L	Y	0.0	0.024046444542	0.5	0.333333333333	0.666666666667	0.00934579439252	0.0155763239875	2100.0	1.34554973822	22.0	0.0
CjadiA	TTA	L	Y	0.0	0.510344409953	0.166666666667	0.00664451827243	0.943521594684	0.990131578947	0.00657894736842	2100.0	-0.856454906191	20.0	0.0
AgossB	TTA	L	Y	4.0	0.508333163584	0.142857142857	0.00510204081633	0.897959183673	0.834042553191	0.00425531914894	1456.0	-0.816207184628	20.0	0.0
NdelpA	TTA	L	Y	1.0	0.508333163584	0.142857142857	0.00523560209424	0.921465968586	0.940886699507	0.00492610837438	1439.0	-0.865117277656	20.0	0.0
LelonA	TTA	L	Y	0.0	0.666134070035	0.0833333333333	0.00467289719626	0.971962616822	0.66253869969	0.0030959752322	2101.0	-0.854904782994	20.0	0.0
CalimA	CTT	L	Y	0.0	0.229730749289	0.2	0.111111111111	0.777777777778	0.0280373831776	0.0155763239875	2100.0	-0.123870967742	53.0	0.0
CalimA	TTA	L	Y	0.0	0.229730749289	0.25	0.0133333333333	0.856666666667	0.934579439252	0.0155763239875	2100.0	-0.805969562311	20.0	0.0
BcaliA	TTA	L	Y	0.0	0.496699669967	0.166666666667	0.00623052959502	0.934579439252	0.996894409938	0.00621118012422	2101.0	-0.856161881803	20.0	0.0
SoctoA	TTA	L	Y	0.0	0.757921193403	0.428571428571	0.0185185185185	0.70987654321	0.790243902439	0.0146341463415	1454.0	-0.642345028869	20.0	0.0
CdefoA	CTT	L	Y	0.0	0.352588518469	0.166666666667	0.0909090909091	0.818181818182	0.0341614906832	0.0155279503106	2100.0	-0.257425742574	53.0	0.0
CdefoA	TTA	L	Y	0.0	0.352588518469	0.25	0.013698630137	0.849315068493	0.906832298137	0.0155279503106	2100.0	-0.803433200979	20.0	0.0
CpseuA	TTA	L	Y	1.0	0.64814802667	1.0	0.025	0.925	0.701754385965	0.0175438596491	442.0	-0.812287518213	20.0	0.0
CvartA	TTA	L	Y	0.0	0.56024325588	0.166666666667	0.00694444444444	0.9375	0.938110749186	0.00651465798046	2101.0	-0.861294637429	20.0	0.0
CorthB	TTA	L	Y	0.0	0.556922923949	0.0833333333333	0.00337837837838	0.969594594595	0.88622754491	0.00299401197605	2101.0	-0.874133903472	20.0	0.0
CorthC	TTA	L	Y	0.0	0.555384461879	0.0833333333333	0.003367003367	0.969696969697	0.889221556886	0.00299401197605	2101.0	-0.87445203586	20.0	0.0
CorthA	TTA	L	Y	0.0	0.556922923949	0.0833333333333	0.00337837837838	0.969594594595	0.88622754491	0.00299401197605	2101.0	-0.872705649158	20.0	0.0
MguilA	TTA	L	Y	0.0	0.566775094727	0.0833333333333	0.00352112676056	0.933098591549	0.871165644172	0.00306748466258	2101.0	-0.855535178393	20.0	0.0
WmucoA	TTA	L	Y	0.0	0.593623749931	0.166666666667	0.00701754385965	0.926315789474	0.896226415094	0.0062893081761	2101.0	-0.854192229039	20.0	0.0
ScereC	TTA	L	Y	0.0	0.510752519257	0.142857142857	0.00505050505051	0.914141414141	0.929577464789	0.00469483568075	1456.0	-0.810866646008	20.0	0.0
ScereA	TTA	L	Y	0.0	0.510752519257	0.142857142857	0.00507614213198	0.918781725888	0.929245283019	0.00471698113208	1456.0	-0.826066645905	20.0	0.0
ScereD	TTA	L	Y	0.0	0.510752519257	0.142857142857	0.00505050505051	0.914141414141	0.920930232558	0.0046511627907	1456.0	-0.810866646008	20.0	0.0
ScereE	TTA	L	Y	0.0	0.508064346286	0.142857142857	0.00502512562814	0.914572864322	0.925581395349	0.0046511627907	1456.0	-0.811780427632	20.0	0.0
DhansA	TTA	L	Y	0.0	0.516233599212	0.0833333333333	0.00315457413249	0.93690851735	0.963525835866	0.00303951367781	2101.0	-0.868899167438	20.0	0.0
CsalmA	TTA	L	Y	0.0	0.597769033227	0.166666666667	0.0106007067138	0.791519434629	0.940199335548	0.00996677740864	2098.0	-0.781010531492	20.0	0.0
BcustA	CTT	L	Y	2.0	0.0321746109135	0.2	0.166666666667	0.666666666667	0.0192926045016	0.0096463022508	2101.0	-0.0485232067511	53.0	0.0
BcustA	TTA	L	Y	2.0	0.0321746109135	0.166666666667	0.00675675675676	0.864864864865	0.951768488746	0.0096463022508	2101.0	-0.811105837684	20.0	0.0
CtheaA	TTA	L	Y	0.0	0.546153689462	0.0833333333333	0.003300330033	0.970297029703	0.907185628743	0.00299401197605	2101.0	-0.876605788578	20.0	0.0
AgossA	TTA	L	Y	4.0	0.508333163584	0.142857142857	0.00510204081633	0.897959183673	0.834042553191	0.00425531914894	1456.0	-0.816207184628	20.0	0.0
ScastA	TTA	L	Y	0.0	0.00950549450549	0.142857142857	0.00502512562814	0.874371859296	0.966019417476	0.00485436893204	1456.0	-0.776260396345	20.0	0.0
CmaltA	CTA	L	Y	0.0	0.269841229288	0.0833333333333	0.0125	0.9125	0.239520958084	0.00299401197605	2101.0	-0.802669762043	52.0	0.0
CbohiA	TTA	L	Y	0.0	0.546994649435	0.166666666667	0.00636942675159	0.93949044586	0.948640483384	0.00604229607251	2101.0	-0.866387371886	20.0	0.0

### Alignment improvement:
