### Random Forest prediction
genome	codon	ori_aa	rea_aa	fitch	Fisher pval	Gene frac	N. rea	N. used	Cod. count	Sub. count	G. len	codon_lik	id	prediction
Paracentrotus	CTT	L	Y	0.0	0.168010890803	0.0833333333333	0.0175438596491	0.701754385965	0.208791208791	0.018315018315	1926.0	-0.687906817403	53.0	0.0
Paracentrotus	CTC	L	Y	0.0	0.168010890803	0.125	0.04	0.72	0.0915750915751	0.018315018315	1926.0	-0.632842757552	55.0	0.0
Paracentrotus	TTA	L	Y	0.0	0.168010890803	0.166666666667	0.037037037037	0.722222222222	0.197802197802	0.018315018315	1926.0	-0.646380986676	20.0	0.0
Paracentrotus	TTG	L	Y	0.0	0.168010890803	0.1	0.05	0.7	0.0732600732601	0.018315018315	1926.0	-0.828408007626	22.0	0.0
Caenorhabditis	CTA	L	Y	0.0	0.747786253892	0.0909090909091	0.0454545454545	0.454545454545	0.0827067669173	0.0263157894737	1865.0	-0.81541218638	52.0	0.0
Caenorhabditis	TTA	L	Y	0.0	0.747786253892	0.333333333333	0.0285714285714	0.6	0.657894736842	0.0263157894737	1865.0	-0.645527369826	20.0	0.0
Caenorhabditis	TTG	L	Y	0.0	0.747786253892	0.0833333333333	0.025641025641	0.538461538462	0.146616541353	0.0263157894737	1865.0	-0.520718921618	22.0	0.0
Schistosoma	CTT	L	Y	0.0	0.343852225916	0.2	0.08	0.48	0.100401606426	0.0281124497992	1800.0	-0.47299382716	53.0	0.0
Schistosoma	TTA	L	Y	0.0	0.343852225916	0.25	0.0352112676056	0.450704225352	0.570281124498	0.0281124497992	1800.0	-0.708235941152	20.0	0.0
Fasciola	TTA	L	Y	0.0	0.706087970958	0.166666666667	0.0535714285714	0.535714285714	0.205128205128	0.029304029304	1825.0	-0.699827288428	20.0	0.0
Fasciola	TTG	L	Y	0.0	0.706087970958	0.333333333333	0.030303030303	0.466666666667	0.604395604396	0.029304029304	1825.0	-0.610948990312	22.0	0.0
Dunaliella_salina	TTA	L	Y	0.0	0.686279439477	0.285714285714	0.0121951219512	0.664634146341	0.780952380952	0.00952380952381	1392.0	-0.677170868347	20.0	0.0
Patiria	CTT	L	Y	0.0	0.515557878834	0.25	0.047619047619	0.730158730159	0.228260869565	0.018115942029	1926.0	-0.546933667084	53.0	0.0
Patiria	CTA	L	Y	0.0	0.515557878834	0.153846153846	0.0215053763441	0.763440860215	0.336956521739	0.018115942029	1926.0	-0.716219029773	52.0	0.0
Pseudendoclonium_akinetum	TTA	L	Y	0.0	0.759574385077	0.0769230769231	0.00757575757576	0.848484848485	0.459930313589	0.00348432055749	1930.0	-0.758026159334	20.0	0.0
Lumbricus	CTT	L	Y	0.0	0.905592313769	0.0833333333333	0.02	0.76	0.190114068441	0.0152091254753	1920.0	-0.655851680185	53.0	0.0
Lumbricus	CTA	L	Y	0.0	0.905592313769	0.153846153846	0.021978021978	0.637362637363	0.346007604563	0.0152091254753	1920.0	-0.74259338772	52.0	0.0
Lumbricus	TTA	L	Y	0.0	0.905592313769	0.0833333333333	0.0161290322581	0.612903225806	0.235741444867	0.0152091254753	1920.0	-0.677529484792	20.0	0.0
Halocynthia	TTA	L	Y	0.0	0.743589655063	0.0833333333333	0.00769230769231	0.607692307692	0.509803921569	0.00392156862745	1893.0	-0.826509264794	20.0	0.0
Limulus	CTT	L	Y	0.0	0.342198108039	0.181818181818	0.0416666666667	0.604166666667	0.186046511628	0.015503875969	1919.0	-0.460880195599	53.0	0.0
Limulus	TTA	L	Y	0.0	0.342198108039	0.0833333333333	0.00961538461538	0.692307692308	0.403100775194	0.015503875969	1919.0	-0.850632440476	20.0	0.0
Limulus	TTG	L	Y	0.0	0.342198108039	0.166666666667	0.0294117647059	0.735294117647	0.131782945736	0.015503875969	1919.0	-0.726345609065	22.0	0.0
Bracteacoccus_aerius	CTA	L	Y	0.0	0.0708106899058	0.111111111111	0.0344827586207	0.793103448276	0.0993150684932	0.00684931506849	1789.0	-0.490092470277	52.0	0.0
Bracteacoccus_aerius	CTC	L	Y	0.0	0.0708106899058	0.111111111111	0.04	0.72	0.0856164383562	0.00684931506849	1789.0	-0.28649068323	55.0	0.0
Polytoma_uvella	CTC	L	Y	0.0	0.807970948194	0.166666666667	0.0147058823529	0.764705882353	0.350515463918	0.00515463917526	1394.0	-0.57720381808	55.0	0.0
Axinella	CTT	L	Y	0.0	0.162447237718	0.125	0.0344827586207	0.896551724138	0.107407407407	0.0037037037037	1924.0	-0.67417218543	53.0	0.0
Terebratulina	CTT	L	Y	0.0	0.1133711602	0.0909090909091	0.0338983050847	0.64406779661	0.216911764706	0.0257352941176	1915.0	-0.647251308901	53.0	0.0
Terebratulina	CTC	L	Y	0.0	0.1133711602	0.272727272727	0.0526315789474	0.649122807018	0.209558823529	0.0257352941176	1915.0	-0.631288766368	55.0	0.0
Terebratulina	TTA	L	Y	0.0	0.1133711602	0.222222222222	0.0714285714286	0.678571428571	0.102941176471	0.0257352941176	1915.0	-0.461960246744	20.0	0.0
Bfloridae	TTG	L	Y	0.0	0.468309819037	0.111111111111	0.0243902439024	0.780487804878	0.205	0.005	1192.0	-0.853136882129	22.0	0.0
Katharina	CTT	L	Y	0.0	0.398083777752	0.111111111111	0.0294117647059	0.705882352941	0.131274131274	0.015444015444	1917.0	-0.78944413251	53.0	0.0
Katharina	CTC	L	Y	0.0	0.398083777752	0.142857142857	0.05	0.65	0.0772200772201	0.015444015444	1917.0	-0.438356164384	55.0	0.0
Katharina	TTA	L	Y	0.0	0.398083777752	0.153846153846	0.0149253731343	0.738805970149	0.517374517375	0.015444015444	1917.0	-0.799621377603	20.0	0.0
Geodia	CTC	L	Y	0.0	0.00425531767977	0.5	0.333333333333	0.333333333333	0.0109090909091	0.00363636363636	1925.0	0.383647798742	55.0	0.0
Metridium	TTA	L	Y	0.0	0.832023021702	0.166666666667	0.0128205128205	0.865384615385	0.555160142349	0.00711743772242	1928.0	-0.813631790744	20.0	0.0
Chlamydomonas_reinhardtii	TTG	L	Y	0.0	0.811788014489	0.142857142857	0.00826446280992	0.710743801653	0.590243902439	0.00975609756098	1389.0	-0.758593252705	22.0	0.0
Chlamydomonas_reinhardtii	CTA	L	Y	0.0	0.811788014489	0.142857142857	0.0161290322581	0.774193548387	0.30243902439	0.00975609756098	1389.0	-0.739602731223	52.0	0.0
Acropora	TTG	L	Y	0.0	0.407079586438	0.0833333333333	0.0112359550562	0.865168539326	0.321299638989	0.00361010830325	1926.0	-0.789115646259	22.0	0.0
Trichinella	CTT	L	Y	0.0	0.255773864571	0.166666666667	0.0645161290323	0.354838709677	0.11231884058	0.0253623188406	1883.0	-0.7154626109	53.0	0.0
Trichinella	CTA	L	Y	0.0	0.255773864571	0.1	0.0117647058824	0.541176470588	0.307971014493	0.0253623188406	1883.0	-0.759542857143	52.0	0.0
Trichinella	CTC	L	Y	0.0	0.255773864571	0.1	0.0344827586207	0.551724137931	0.105072463768	0.0253623188406	1883.0	-0.235531628533	55.0	0.0
Trichinella	TTA	L	Y	0.0	0.255773864571	0.0909090909091	0.0123456790123	0.592592592593	0.29347826087	0.0253623188406	1883.0	-0.776318930532	20.0	0.0
Trichinella	TTG	L	Y	0.0	0.255773864571	0.333333333333	0.0434782608696	0.565217391304	0.166666666667	0.0253623188406	1883.0	-0.799075241698	22.0	0.0
Bracteacoccus_minor	CTG	L	Y	0.0	0.0193830550623	0.1	0.0222222222222	0.8	0.167910447761	0.0149253731343	1686.0	-0.5444778685	54.0	0.0
Bracteacoccus_minor	CTA	L	Y	0.0	0.0193830550623	0.181818181818	0.0588235294118	0.647058823529	0.126865671642	0.0149253731343	1686.0	-0.482293423272	52.0	0.0
Bracteacoccus_minor	CTC	L	Y	0.0	0.0193830550623	0.142857142857	0.0833333333333	0.75	0.044776119403	0.0149253731343	1686.0	-0.158154859967	55.0	0.0
Chromochloris_zofingiensis	CTT	L	Y	0.0	0.480009141227	0.1	0.0454545454545	0.590909090909	0.101851851852	0.0185185185185	1522.0	-0.371403661726	53.0	0.0
Chromochloris_zofingiensis	CTA	L	Y	0.0	0.480009141227	0.1	0.0204081632653	0.69387755102	0.226851851852	0.0185185185185	1522.0	-0.544617847139	52.0	0.0
Chromochloris_zofingiensis	TTG	L	Y	0.0	0.480009141227	0.181818181818	0.015625	0.71875	0.592592592593	0.0185185185185	1522.0	-0.645362076818	22.0	0.0
Balanoglossus	CTT	L	Y	0.0	0.969244658178	0.0833333333333	0.0142857142857	0.714285714286	0.233333333333	0.0133333333333	1926.0	-0.791433370661	53.0	0.0
Balanoglossus	CTA	L	Y	0.0	0.969244658178	0.0833333333333	0.0119047619048	0.702380952381	0.28	0.0133333333333	1926.0	-0.687250528293	52.0	0.0
Balanoglossus	CTC	L	Y	0.0	0.969244658178	0.181818181818	0.0243902439024	0.756097560976	0.273333333333	0.0133333333333	1926.0	-0.71401999535	55.0	0.0
Drosophila	TTA	L	Y	0.0	0.780009166919	0.416666666667	0.0254237288136	0.707627118644	0.867647058824	0.0220588235294	1919.0	-0.721984883339	20.0	0.0
Myxine	CTT	L	Y	0.0	0.516069666856	0.0909090909091	0.0185185185185	0.777777777778	0.198529411765	0.0183823529412	1919.0	-0.904591104735	53.0	0.0
Myxine	CTG	L	Y	0.0	0.516069666856	0.125	0.0833333333333	0.5	0.0441176470588	0.0183823529412	1919.0	-0.253246753247	54.0	0.0
Myxine	CTA	L	Y	0.0	0.516069666856	0.0909090909091	0.0149253731343	0.686567164179	0.246323529412	0.0183823529412	1919.0	-0.535960874568	52.0	0.0
Myxine	CTC	L	Y	0.0	0.516069666856	0.0909090909091	0.0227272727273	0.681818181818	0.161764705882	0.0183823529412	1919.0	-0.683856502242	55.0	0.0
Myxine	TTA	L	Y	0.0	0.516069666856	0.0833333333333	0.0117647058824	0.6	0.3125	0.0183823529412	1919.0	-0.714384191176	20.0	0.0
Ciona	CTA	L	Y	0.0	0.670724880156	0.1	0.0285714285714	0.542857142857	0.134615384615	0.0115384615385	1891.0	-0.856902356902	52.0	0.0
Ciona	TTA	L	Y	0.0	0.670724880156	0.0769230769231	0.0130718954248	0.673202614379	0.588461538462	0.0115384615385	1891.0	-0.819039123232	20.0	0.0
Epigonichthys	CTG	L	Y	0.0	0.387068940904	0.0833333333333	0.037037037037	0.703703703704	0.0967741935484	0.010752688172	1918.0	-0.771119133574	54.0	0.0
Epigonichthys	CTA	L	Y	0.0	0.387068940904	0.0833333333333	0.0227272727273	0.636363636364	0.15770609319	0.010752688172	1918.0	-0.592838196286	52.0	0.0
Epigonichthys	TTA	L	Y	0.0	0.387068940904	0.0769230769231	0.00833333333333	0.725	0.430107526882	0.010752688172	1918.0	-0.723119147562	20.0	0.0
Daphnia	CTA	L	Y	0.0	0.343707790229	0.0833333333333	0.0204081632653	0.69387755102	0.174377224199	0.0213523131673	1916.0	-0.783537791848	52.0	0.0
Daphnia	CTC	L	Y	0.0	0.343707790229	0.1	0.027027027027	0.621621621622	0.131672597865	0.0213523131673	1916.0	-0.461139896373	55.0	0.0
Daphnia	TTA	L	Y	0.0	0.343707790229	0.166666666667	0.0224719101124	0.662921348315	0.316725978648	0.0213523131673	1916.0	-0.850928961749	20.0	0.0
Daphnia	TTG	L	Y	0.0	0.343707790229	0.2	0.0769230769231	0.730769230769	0.0925266903915	0.0213523131673	1916.0	-0.571851851852	22.0	0.0
Homo	CTA	L	Y	0.0	0.819719913974	0.166666666667	0.015625	0.6875	0.465454545455	0.0145454545455	1920.0	-0.683463124141	52.0	0.0
Homo	CTC	L	Y	0.0	0.819719913974	0.222222222222	0.031746031746	0.698412698413	0.229090909091	0.0145454545455	1920.0	-0.500761035008	55.0	0.0
Blanceolatum	TTA	L	Y	0.0	0.781690065473	0.1	0.0121951219512	0.743902439024	0.398058252427	0.00485436893204	1187.0	-0.705008387251	20.0	0.0
Saccoglossus	CTT	L	Y	0.0	0.392080754422	0.272727272727	0.031914893617	0.723404255319	0.321917808219	0.013698630137	1924.0	-0.636382450331	53.0	0.0
Saccoglossus	CTC	L	Y	0.0	0.392080754422	0.1	0.025	0.7	0.13698630137	0.013698630137	1924.0	-0.613636363636	55.0	0.0

### Alignment improvement:
