### Random Forest prediction
genome	codon	ori_aa	rea_aa	fitch	Fisher_pval	Gene_frac	N._rea	N._used	Cod._count	Sub._count	G._len	codon_lik	id	prediction	probability
Metaseiulus_occidentalis	TCT	S	T	0.0	0.387113307379	0.111111111111	0.025641025641	0.74358974359	0.475609756098	0.0487804878049	1280.0	0.553805774278	29.0	0.0	0.0
Metaseiulus_occidentalis	TCA	S	T	0.0	0.387113307379	0.166666666667	0.176470588235	0.705882352941	0.207317073171	0.0487804878049	1280.0	1.17424242424	28.0	0.0	0.0
Paracentrotus	TCC	S	T	1.0	0.171874967632	0.125	0.0714285714286	0.785714285714	0.2	0.0142857142857	1351.0	0.744058500914	31.0	0.0	0.0
Aphrocallistes_vastus	TCA	S	T	0.0	0.799999930949	0.125	0.0357142857143	0.678571428571	0.444444444444	0.015873015873	1349.0	0.497257769653	28.0	0.0	0.0
Schistosoma	TCT	S	T	0.0	0.863643728	0.625	0.131578947368	0.368421052632	0.395833333333	0.09375	1325.0	0.475675675676	29.0	0.0	0.0
Schistosoma	AGT	S	T	0.0	0.863643728	0.3	0.09375	0.40625	0.333333333333	0.09375	1325.0	0.20810166799	9.0	0.0	0.0
Schistosoma	TCA	S	T	0.0	0.863643728	0.125	0.0588235294118	0.529411764706	0.177083333333	0.09375	1325.0	0.268882175227	28.0	0.0	0.0
Fasciola	TCT	S	T	0.0	0.901312022665	0.3	0.0576923076923	0.384615384615	0.52	0.06	1332.0	0.18547595682	29.0	0.0	0.0
Fasciola	AGT	S	T	0.0	0.901312022665	0.2	0.0833333333333	0.555555555556	0.36	0.06	1332.0	0.462750716332	9.0	0.0	0.0
Trichobilharzia_regenti	TCT	S	T	0.0	0.387082063301	0.25	0.0540540540541	0.567567567568	0.37	0.07	1324.0	0.498611111111	29.0	0.0	0.0
Trichobilharzia_regenti	AGC	S	T	0.0	0.387082063301	0.25	0.25	0.25	0.04	0.07	1324.0	0.46835443038	11.0	0.0	0.0
Trichobilharzia_regenti	AGT	S	T	0.0	0.387082063301	0.222222222222	0.0666666666667	0.333333333333	0.45	0.07	1324.0	0.0328054298643	9.0	0.0	0.0
Trichobilharzia_regenti	TCA	S	T	0.0	0.387082063301	0.25	0.166666666667	0.666666666667	0.06	0.07	1324.0	1.17372881356	28.0	0.0	0.0
Versteria_mustelae	TCT	S	T	1.0	0.258740258935	0.0909090909091	0.0188679245283	0.377358490566	0.5	0.0471698113208	1328.0	0.0513317191283	29.0	0.0	0.0
Versteria_mustelae	TCG	S	T	1.0	0.258740258935	0.166666666667	0.142857142857	0.285714285714	0.0660377358491	0.0471698113208	1328.0	0.447272727273	30.0	0.0	0.0
Versteria_mustelae	AGT	S	T	1.0	0.258740258935	0.333333333333	0.0810810810811	0.405405405405	0.349056603774	0.0471698113208	1328.0	0.113324175824	9.0	0.0	0.0
Euseius_nicholsi	TCT	S	T	1.0	0.922472370733	0.25	0.105263157895	0.736842105263	0.575757575758	0.0757575757576	1296.0	0.83771043771	29.0	0.0	0.0
Euseius_nicholsi	TCA	S	T	1.0	0.922472370733	0.142857142857	0.0588235294118	0.823529411765	0.257575757576	0.0757575757576	1296.0	0.949464012251	28.0	0.0	0.0
Patiria	TCT	S	T	0.0	0.932487596474	0.166666666667	0.0526315789474	0.842105263158	0.246753246753	0.038961038961	1351.0	0.732	29.0	0.0	0.0
Patiria	TCC	S	T	0.0	0.932487596474	0.166666666667	0.0384615384615	0.961538461538	0.337662337662	0.038961038961	1351.0	0.890099009901	31.0	0.0	0.0
Patiria	TCA	S	T	0.0	0.932487596474	0.125	0.0526315789474	0.947368421053	0.246753246753	0.038961038961	1351.0	0.851902173913	28.0	0.0	0.0
Daphnia	AGT	S	T	0.0	0.145337296963	0.166666666667	0.111111111111	0.555555555556	0.123287671233	0.027397260274	1351.0	0.45584045584	9.0	0.0	0.0
Daphnia	TCC	S	T	0.0	0.145337296963	0.142857142857	0.111111111111	0.888888888889	0.123287671233	0.027397260274	1351.0	0.971428571429	31.0	0.0	0.0
Haplorchis_taichui	TCT	S	T	0.0	0.857467987827	0.375	0.0697674418605	0.348837209302	0.494252873563	0.0804597701149	1320.0	0.194991055456	29.0	0.0	0.001
Haplorchis_taichui	AGC	S	T	0.0	0.857467987827	0.166666666667	0.142857142857	0.285714285714	0.0804597701149	0.0804597701149	1320.0	0.362637362637	11.0	0.0	0.0
Haplorchis_taichui	AGT	S	T	0.0	0.857467987827	0.222222222222	0.142857142857	0.47619047619	0.241379310345	0.0804597701149	1320.0	0.509179926561	9.0	0.0	0.0
Lumbricus	TCT	S	T	1.0	0.243257517803	0.111111111111	0.0666666666667	0.866666666667	0.227272727273	0.030303030303	1350.0	0.802065404475	29.0	0.0	0.0
Lumbricus	TCC	S	T	1.0	0.243257517803	0.166666666667	0.0714285714286	0.928571428571	0.212121212121	0.030303030303	1350.0	0.844322344322	31.0	0.0	0.0
Halocynthia	TCT	S	T	0.0	0.26564684613	0.2	0.0512820512821	0.74358974359	0.438202247191	0.0337078651685	1348.0	0.587155963303	29.0	0.0	0.0
Halocynthia	TCC	S	T	0.0	0.26564684613	0.25	0.25	0.75	0.0449438202247	0.0337078651685	1348.0	1.41830065359	31.0	0.0	0.0
Limulus	TCT	S	T	0.0	0.912909845108	0.25	0.0689655172414	0.862068965517	0.386666666667	0.04	1351.0	0.856643356643	29.0	0.0	0.0
Limulus	TCA	S	T	0.0	0.912909845108	0.125	0.0357142857143	0.892857142857	0.373333333333	0.04	1351.0	0.793198529412	28.0	0.0	0.0
Echinococcus_equinus	TCT	S	T	0.0	0.691056895331	0.2	0.0487804878049	0.439024390244	0.488095238095	0.047619047619	1331.0	0.159420289855	29.0	0.0	0.0
Echinococcus_equinus	AGT	S	T	0.0	0.691056895331	0.142857142857	0.0434782608696	0.521739130435	0.27380952381	0.047619047619	1331.0	0.039911308204	9.0	0.0	0.0
Echinococcus_equinus	TCA	S	T	0.0	0.691056895331	0.125	0.1	0.3	0.119047619048	0.047619047619	1331.0	0.36641221374	28.0	0.0	0.0
Taenia_crassiceps	TCT	S	T	0.0	0.577865588085	0.181818181818	0.0454545454545	0.318181818182	0.427184466019	0.0291262135922	1333.0	0.0692082111437	29.0	0.0	0.0
Taenia_crassiceps	AGT	S	T	0.0	0.577865588085	0.111111111111	0.0277777777778	0.472222222222	0.349514563107	0.0291262135922	1333.0	0.0594900849858	9.0	0.0	0.0
Axinella	TCT	S	T	0.0	0.766398365959	0.222222222222	0.0666666666667	0.833333333333	0.394736842105	0.0263157894737	1348.0	0.724786324786	29.0	0.0	0.0
Terebratulina	TCG	S	T	1.0	0.111035523491	1.0	1.0	0.0	0.0138888888889	0.0694444444444	1351.0	4.89473684211	30.0	0.0	0.087
Terebratulina	TCT	S	T	1.0	0.111035523491	0.2	0.0833333333333	0.75	0.333333333333	0.0694444444444	1351.0	0.695837780149	29.0	0.0	0.0
Terebratulina	TCC	S	T	1.0	0.111035523491	0.1	0.0333333333333	0.9	0.416666666667	0.0694444444444	1351.0	0.733617021277	31.0	0.0	0.0
Terebratulina	TCA	S	T	1.0	0.111035523491	0.125	0.0769230769231	0.923076923077	0.180555555556	0.0694444444444	1351.0	0.925196850394	28.0	0.0	0.0
Bfloridae	TCG	S	T	0.0	0.302325557308	0.25	0.142857142857	0.714285714286	0.155555555556	0.0222222222222	777.0	1.04676258993	30.0	0.0	0.076
Katharina	AGC	S	T	0.0	0.0010775001582	0.5	0.5	0.5	0.0289855072464	0.0434782608696	1348.0	1.85	11.0	0.0	0.156
Katharina	AGT	S	T	0.0	0.0010775001582	0.666666666667	0.5	0.5	0.0579710144928	0.0434782608696	1348.0	1.92715231788	9.0	0.0	0.193
Geodia	AGC	S	T	1.0	0.0221621611046	0.5	0.5	0.0	0.025	0.025	1350.0	1.0641025641	11.0	0.0	0.053
Geodia	TCA	S	T	1.0	0.0221621611046	0.125	0.0526315789474	0.842105263158	0.2375	0.025	1350.0	0.806233062331	28.0	0.0	0.0
Metridium	TCT	S	T	0.0	0.787671159569	0.111111111111	0.0322580645161	0.967741935484	0.407894736842	0.0131578947368	1351.0	0.830173124485	29.0	0.0	0.0
Tetrancistrum_nebulosi	TCT	S	T	1.0	0.560919117502	0.125	0.0263157894737	0.421052631579	0.417582417582	0.0659340659341	1333.0	0.188806473365	29.0	0.0	0.0
Tetrancistrum_nebulosi	AGC	S	T	1.0	0.560919117502	0.333333333333	0.166666666667	0.666666666667	0.0659340659341	0.0659340659341	1333.0	0.877637130802	11.0	0.0	0.0
Tetrancistrum_nebulosi	AGT	S	T	1.0	0.560919117502	0.222222222222	0.08	0.28	0.274725274725	0.0659340659341	1333.0	0.0214504596527	9.0	0.0	0.0
Tetrancistrum_nebulosi	TCA	S	T	1.0	0.560919117502	0.285714285714	0.2	0.5	0.10989010989	0.0659340659341	1333.0	0.882352941176	28.0	0.0	0.0
Trichinella	TCG	S	T	0.0	0.232712759071	0.5	0.2	0.8	0.0595238095238	0.0238095238095	1343.0	1.41206030151	30.0	0.0	0.001
Trichinella	TCC	S	T	0.0	0.232712759071	0.166666666667	0.0625	0.5	0.190476190476	0.0238095238095	1343.0	0.388178913738	31.0	0.0	0.0
Balanoglossus	TCA	S	T	0.0	0.839999944759	0.111111111111	0.0416666666667	0.958333333333	0.311688311688	0.012987012987	1351.0	0.823906083244	28.0	0.0	0.0
Acropora	TCT	S	T	0.0	0.311871218194	0.125	0.0277777777778	0.888888888889	0.45	0.025	1350.0	0.709677419355	29.0	0.0	0.0
Acropora	TCC	S	T	0.0	0.311871218194	0.25	0.166666666667	0.5	0.075	0.025	1350.0	0.568965517241	31.0	0.0	0.0
Pseudogarypus_banksi	TCT	S	T	0.0	0.352684418791	0.181818181818	0.046511627907	0.651162790698	0.483146067416	0.0786516853933	1347.0	0.514880952381	29.0	0.0	0.0
Pseudogarypus_banksi	TCA	S	T	0.0	0.352684418791	0.3	0.166666666667	0.533333333333	0.337078651685	0.0786516853933	1347.0	0.910025706941	28.0	0.0	0.0
Benedenia_hoshinai	TCT	S	T	0.0	0.342321538646	0.2	0.0377358490566	0.433962264151	0.469026548673	0.0353982300885	1333.0	0.0597878495661	29.0	0.0	0.0
Benedenia_hoshinai	AGC	S	T	0.0	0.342321538646	0.333333333333	0.166666666667	0.5	0.106194690265	0.0353982300885	1333.0	0.891489361702	11.0	0.0	0.0
Myxine	TCC	S	T	0.0	0.658819521677	0.285714285714	0.105263157895	0.736842105263	0.204301075269	0.0537634408602	1350.0	0.865410497981	31.0	0.0	0.0
Myxine	TCA	S	T	0.0	0.658819521677	0.3	0.0769230769231	0.846153846154	0.41935483871	0.0537634408602	1350.0	0.800131061599	28.0	0.0	0.0
Drosophila	AGT	S	T	0.0	0.107692286446	0.125	0.111111111111	0.777777777778	0.123287671233	0.013698630137	1351.0	0.770114942529	9.0	0.0	0.0
Ciona	TCT	S	T	0.0	0.393890641782	0.3	0.121212121212	0.636363636364	0.351063829787	0.0531914893617	1348.0	0.77492211838	29.0	0.0	0.0
Ciona	AGT	S	T	0.0	0.393890641782	0.125	0.037037037037	0.777777777778	0.287234042553	0.0531914893617	1348.0	0.634123222749	9.0	0.0	0.0
Epigonichthys	TCG	S	T	0.0	0.431506828032	0.25	0.111111111111	0.888888888889	0.115384615385	0.0128205128205	1351.0	1.0775862069	30.0	0.0	0.0
Strigamia_maritima	TCT	S	T	1.0	0.605557080862	0.125	0.0344827586207	0.862068965517	0.432835820896	0.044776119403	1351.0	0.70979020979	29.0	0.0	0.0
Strigamia_maritima	TCC	S	T	1.0	0.605557080862	0.2	0.111111111111	0.666666666667	0.134328358209	0.044776119403	1351.0	0.702857142857	31.0	0.0	0.0
Strigamia_maritima	TCA	S	T	1.0	0.605557080862	0.142857142857	0.047619047619	0.952380952381	0.313432835821	0.044776119403	1351.0	0.869458128079	28.0	0.0	0.0
Caenorhabditis	TCG	S	T	0.0	0.33017217657	1.0	1.0	0.0	0.0172413793103	0.103448275862	1346.0	3.57894736842	30.0	0.0	0.154
Caenorhabditis	TCT	S	T	0.0	0.33017217657	0.111111111111	0.0434782608696	0.521739130435	0.396551724138	0.103448275862	1346.0	0.415073115861	29.0	0.0	0.0
Caenorhabditis	AGT	S	T	0.0	0.33017217657	0.285714285714	0.153846153846	0.615384615385	0.224137931034	0.103448275862	1346.0	0.878727634195	9.0	0.0	0.0
Caenorhabditis	TCA	S	T	0.0	0.33017217657	0.25	0.105263157895	0.526315789474	0.327586206897	0.103448275862	1346.0	0.428180574555	28.0	0.0	0.0
Homo	AGT	S	T	1.0	0.175741623502	0.2	0.2	0.4	0.0617283950617	0.037037037037	1351.0	0.416243654822	9.0	0.0	0.0
Homo	TCA	S	T	1.0	0.175741623502	0.25	0.0645161290323	0.935483870968	0.382716049383	0.037037037037	1351.0	0.823577906018	28.0	0.0	0.0
Ascidiella_aspersa	TCT	S	T	1.0	0.645833466579	0.222222222222	0.0555555555556	0.666666666667	0.378947368421	0.0842105263158	1350.0	0.646932952924	29.0	0.0	0.0
Ascidiella_aspersa	AGC	S	T	1.0	0.645833466579	0.142857142857	0.0833333333333	0.583333333333	0.126315789474	0.0842105263158	1350.0	0.325481798715	11.0	0.0	0.0
Ascidiella_aspersa	AGT	S	T	1.0	0.645833466579	0.444444444444	0.166666666667	0.583333333333	0.252631578947	0.0842105263158	1350.0	0.769560557342	9.0	0.0	0.0
Ascidiella_aspersa	TCC	S	T	1.0	0.645833466579	0.2	0.111111111111	0.666666666667	0.0947368421053	0.0842105263158	1350.0	0.779036827195	31.0	0.0	0.0
Blanceolatum	TCG	S	T	0.0	0.166666650226	0.25	0.25	0.75	0.0909090909091	0.0227272727273	775.0	1.42405063291	30.0	0.0	0.153
Saccoglossus	TCA	S	T	0.0	0.439189126204	0.125	0.0344827586207	0.896551724138	0.381578947368	0.0131578947368	1351.0	0.721340388007	28.0	0.0	0.0