### Random Forest prediction
genome	codon	ori_aa	rea_aa	fitch	Fisher pval	Gene frac	N. rea	N. used	Cod. count	Sub. count	G. len	codon_lik	id	prediction
LmeyeA	TTA	L	I	0.0	0.0388202547414	0.285714285714	0.0203045685279	0.959390862944	0.951690821256	0.024154589372	1456.0	1.96694558495	20.0	0.0
LmeyeA	CTA	L	I	0.0	0.0388202547414	0.333333333333	0.2	0.0	0.024154589372	0.024154589372	1456.0	2.08731808732	52.0	0.0
SpombA	CTT	L	I	0.0	0.263359735877	0.6	0.157894736842	0.789473684211	0.0940594059406	0.113861386139	1452.0	2.11663991439	53.0	0.0
SpombA	TTA	L	I	0.0	0.263359735877	0.857142857143	0.121794871795	0.692307692308	0.772277227723	0.113861386139	1452.0	1.8520250247	20.0	0.0
SpombA	CTG	L	I	0.0	0.263359735877	0.5	0.333333333333	0.666666666667	0.0148514851485	0.113861386139	1452.0	2.37086092715	54.0	0.0
SpastA	TTA	L	I	0.0	0.0476100175725	0.285714285714	0.025	0.905	0.952380952381	0.0285714285714	1456.0	1.90863515449	20.0	0.0
SpastA	CTA	L	I	0.0	0.0476100175725	0.2	0.125	0.25	0.0380952380952	0.0285714285714	1456.0	0.541343669251	52.0	0.0
CmetaD	CTT	L	I	0.0	0.319902053345	0.111111111111	0.0333333333333	0.966666666667	0.0900900900901	0.015015015015	2101.0	2.05371428571	53.0	0.0
CmetaD	TTA	L	I	0.0	0.319902053345	0.25	0.0135593220339	0.972881355932	0.885885885886	0.015015015015	2101.0	1.96790782969	20.0	0.0
CgigaA	CTT	L	I	0.0	0.652017705385	0.272727272727	0.051724137931	0.931034482759	0.195945945946	0.0439189189189	1879.0	1.98867283368	53.0	0.0
CgigaA	CTG	L	I	0.0	0.652017705385	0.125	0.0344827586207	0.931034482759	0.097972972973	0.0439189189189	1879.0	1.84506503443	54.0	0.0
CgigaA	CTA	L	I	0.0	0.652017705385	0.2	0.038961038961	0.948051948052	0.260135135135	0.0439189189189	1879.0	2.06831091181	52.0	0.0
CgigaA	CTC	L	I	0.0	0.652017705385	0.272727272727	0.0373831775701	0.934579439252	0.361486486486	0.0439189189189	1879.0	2.00010727312	55.0	0.0
CgigaA	TTA	L	I	0.0	0.652017705385	0.142857142857	0.0588235294118	0.941176470588	0.0574324324324	0.0439189189189	1879.0	2.15262430939	20.0	0.0
CgigaA	TTG	L	I	0.0	0.652017705385	0.166666666667	0.125	0.75	0.027027027027	0.0439189189189	1879.0	1.74231332357	22.0	0.0
CsantA	CTT	L	I	0.0	0.193804837178	0.0909090909091	0.0178571428571	0.875	0.183006535948	0.0653594771242	2073.0	1.8227461253	53.0	0.0
CsantA	TTA	L	I	0.0	0.193804837178	0.363636363636	0.114754098361	0.786885245902	0.199346405229	0.0653594771242	2073.0	2.198046875	20.0	0.0
CsantA	CTA	L	I	0.0	0.193804837178	0.583333333333	0.0645161290323	0.801075268817	0.607843137255	0.0653594771242	2073.0	1.8659622827	52.0	0.0
CtropB	CTT	L	I	0.0	0.966616021665	0.166666666667	0.0298507462687	0.970149253731	0.201807228916	0.0240963855422	2101.0	2.02937420179	53.0	0.0
CtropB	CTA	L	I	0.0	0.966616021665	0.166666666667	0.0215053763441	0.924731182796	0.280120481928	0.0240963855422	2101.0	1.92538211578	52.0	0.0
CtropB	TTA	L	I	0.0	0.966616021665	0.333333333333	0.034188034188	0.965811965812	0.352409638554	0.0240963855422	2101.0	2.04703744827	20.0	0.0
CtropA	CTT	L	I	0.0	0.967707006829	0.166666666667	0.03125	0.96875	0.192771084337	0.0240963855422	2101.0	2.04316132745	53.0	0.0
CtropA	CTA	L	I	0.0	0.967707006829	0.166666666667	0.0212765957447	0.925531914894	0.28313253012	0.0240963855422	2101.0	1.91083105457	52.0	0.0
CtropA	TTA	L	I	0.0	0.967707006829	0.333333333333	0.0338983050847	0.966101694915	0.355421686747	0.0240963855422	2101.0	2.05150905433	20.0	0.0
WpijpA	TTA	L	I	0.0	0.825601321093	0.571428571429	0.0348837209302	0.936046511628	0.830917874396	0.0338164251208	1456.0	1.98448502208	20.0	0.0
WpijpA	CTA	L	I	0.0	0.825601321093	0.142857142857	0.0322580645161	0.935483870968	0.149758454106	0.0338164251208	1456.0	1.95622119816	52.0	0.0
BarxA	TTA	L	I	0.0	0.511363636364	1.0	0.0185185185185	0.777777777778	0.981818181818	0.0181818181818	442.0	1.81594098597	20.0	0.0
CoxycA	CTG	L	I	0.0	0.0470588210923	1.0	0.333333333333	0.666666666667	0.0535714285714	0.0357142857143	442.0	2.56957928803	54.0	0.0
CoxycA	CTA	L	I	0.0	0.0470588210923	1.0	0.166666666667	0.833333333333	0.107142857143	0.0357142857143	442.0	2.20259319287	52.0	0.0
CsubhA	CTG	L	I	0.0	0.2680249935	0.545454545455	0.0752688172043	0.89247311828	0.280966767372	0.0604229607251	2098.0	2.11646586345	54.0	0.0
CsubhA	CTA	L	I	0.0	0.2680249935	0.363636363636	0.0336134453782	0.90756302521	0.359516616314	0.0604229607251	2098.0	1.92188833065	52.0	0.0
CsubhA	CTC	L	I	0.0	0.2680249935	0.333333333333	0.0729166666667	0.885416666667	0.29003021148	0.0604229607251	2098.0	1.98223062382	55.0	0.0
CsubhA	TTG	L	I	0.0	0.2680249935	0.333333333333	0.2	0.7	0.0302114803625	0.0604229607251	2098.0	2.18207681366	22.0	0.0
CsubhB	CTG	L	I	0.0	0.2680249935	0.545454545455	0.0752688172043	0.89247311828	0.280966767372	0.0604229607251	2098.0	2.11646586345	54.0	0.0
CsubhB	CTA	L	I	0.0	0.2680249935	0.363636363636	0.0336134453782	0.90756302521	0.359516616314	0.0604229607251	2098.0	1.92188833065	52.0	0.0
CsubhB	CTC	L	I	0.0	0.2680249935	0.333333333333	0.0729166666667	0.885416666667	0.29003021148	0.0604229607251	2098.0	1.98223062382	55.0	0.0
CsubhB	TTG	L	I	0.0	0.2680249935	0.333333333333	0.2	0.7	0.0302114803625	0.0604229607251	2098.0	2.18207681366	22.0	0.0
OanguA	CTT	L	I	0.0	0.468841083245	0.272727272727	0.157894736842	0.684210526316	0.0579268292683	0.0640243902439	2101.0	2.04821664465	53.0	0.0
OanguA	CTA	L	I	0.0	0.468841083245	0.111111111111	0.0625	0.9375	0.0487804878049	0.0640243902439	2101.0	2.07365439093	52.0	0.0
OanguA	TTA	L	I	0.0	0.468841083245	0.75	0.0594405594406	0.884615384615	0.871951219512	0.0640243902439	2101.0	1.95892408653	20.0	0.0
SarboA	TTA	L	I	0.0	0.135928454794	0.285714285714	0.0255102040816	0.913265306122	0.915887850467	0.0280373831776	1456.0	1.91295726139	20.0	0.0
SarboA	CTA	L	I	0.0	0.135928454794	0.2	0.0833333333333	0.166666666667	0.0560747663551	0.0280373831776	1456.0	0.149279050042	52.0	0.0
CcastA	TTA	L	I	0.0	0.000460405156538	0.285714285714	0.0208333333333	0.911458333333	0.936585365854	0.0292682926829	1455.0	1.94678184824	20.0	0.0
CcastA	CTA	L	I	0.0	0.000460405156538	0.4	0.153846153846	0.0	0.0634146341463	0.0292682926829	1455.0	0.042891183479	52.0	0.0
KtherA	TTA	L	I	0.0	0.0614987776442	0.285714285714	0.019801980198	0.955445544554	0.961904761905	0.0238095238095	1456.0	1.95839886358	20.0	0.0
KtherA	CTA	L	I	0.0	0.0614987776442	0.333333333333	0.25	0.0	0.0190476190476	0.0238095238095	1456.0	1.87564766839	52.0	0.0
CblacA	TTA	L	I	0.0	0.537373004354	1.0	0.0363636363636	0.890909090909	0.948275862069	0.0344827586207	442.0	1.95127118644	20.0	0.0
CnorvA	TTA	L	I	0.0	0.00917832167832	0.416666666667	0.0216718266254	0.931888544892	1.0	0.0216718266254	2101.0	1.956841039	20.0	0.0
CviswA	TTA	L	I	0.0	0.635994519484	0.416666666667	0.0196721311475	0.954098360656	0.95015576324	0.018691588785	2101.0	1.94899256463	20.0	0.0
MstarA	TTA	L	I	0.0	0.43842951714	0.5	0.0394736842105	0.875	0.990228013029	0.0390879478827	2101.0	1.95907583121	20.0	0.0
NbaciA	TTA	L	I	0.0	0.00018621967642	0.285714285714	0.0106382978723	0.936170212766	0.94472361809	0.0201005025126	1455.0	1.93792238936	20.0	0.0
NbaciA	CTA	L	I	0.0	0.00018621967642	0.5	0.25	0.0	0.0402010050251	0.0201005025126	1455.0	0.0349740932642	52.0	0.0
LstarA	CTT	L	I	0.0	0.4504233906	0.111111111111	0.0869565217391	0.869565217391	0.0894941634241	0.0583657587549	1779.0	2.17015706806	53.0	0.0
LstarA	TTA	L	I	0.0	0.4504233906	0.7	0.0542986425339	0.873303167421	0.859922178988	0.0583657587549	1779.0	1.88384619487	20.0	0.0
LstarA	CTA	L	I	0.0	0.4504233906	0.2	0.0909090909091	0.909090909091	0.0428015564202	0.0583657587549	1779.0	2.1163310962	52.0	0.0
MfariA	CTT	L	I	0.0	0.102627749701	0.1	0.047619047619	0.952380952381	0.0658307210031	0.0376175548589	2101.0	2.04836956522	53.0	0.0
MfariA	CTG	L	I	0.0	0.102627749701	1.0	1.0	0.0	0.00313479623824	0.0376175548589	2101.0	3.77083333333	54.0	0.0
MfariA	TTA	L	I	0.0	0.102627749701	0.5	0.0357142857143	0.932142857143	0.877742946708	0.0376175548589	2101.0	1.95822498113	20.0	0.0
MfariB	TTA	L	I	0.0	0.632629693117	0.5	0.0424242424242	0.930303030303	0.979228486647	0.0415430267062	2101.0	2.00973865005	20.0	0.0
CalaiA	TTA	L	I	0.0	0.553330692006	0.4	0.0179856115108	0.935251798561	0.975438596491	0.0175438596491	1905.0	1.93468111535	20.0	0.0
LanspB	TTA	L	I	0.0	0.0400560379316	0.285714285714	0.0204081632653	0.959183673469	0.937799043062	0.0239234449761	1456.0	1.966506427	20.0	0.0
LanspB	CTA	L	I	0.0	0.0400560379316	0.25	0.142857142857	0.0	0.0334928229665	0.0239234449761	1456.0	1.24041297935	52.0	0.0
CphanA	TTA	L	I	0.0	0.657793239016	0.833333333333	0.0844155844156	0.850649350649	0.953560371517	0.0835913312693	2100.0	2.02824622178	20.0	0.0
CphanA	CTA	L	I	0.0	0.657793239016	0.166666666667	0.142857142857	0.714285714286	0.0216718266254	0.0835913312693	2100.0	1.80073126143	52.0	0.0
LanspA	TTA	L	I	0.0	0.00328354762673	0.285714285714	0.019512195122	0.941463414634	0.949074074074	0.0277777777778	1456.0	1.96657172838	20.0	0.0
LanspA	CTA	L	I	0.0	0.00328354762673	0.4	0.25	0.125	0.037037037037	0.0277777777778	1456.0	1.50967741935	52.0	0.0
CsojaA	CTT	L	I	0.0	0.00879641258161	0.285714285714	0.0555555555556	0.944444444444	0.152542372881	0.0127118644068	1435.0	2.07266435986	53.0	0.0
CsojaA	CTA	L	I	0.0	0.00879641258161	0.142857142857	0.0588235294118	0.941176470588	0.0720338983051	0.0127118644068	1435.0	1.98104575163	52.0	0.0
CglabA	TTA	L	I	0.0	0.0265957446809	0.285714285714	0.0205128205128	0.933333333333	0.975	0.025	1439.0	1.93718817289	20.0	0.0
CglabA	CTA	L	I	0.0	0.0265957446809	0.25	0.25	0.25	0.02	0.025	1439.0	0.853846153846	52.0	0.0
ScryoA	CTT	L	I	0.0	0.968468803492	0.333333333333	0.0952380952381	0.714285714286	0.101941747573	0.111650485437	1454.0	1.81910766246	53.0	0.0
ScryoA	TTA	L	I	0.0	0.968468803492	0.857142857143	0.110294117647	0.720588235294	0.660194174757	0.111650485437	1454.0	1.88242864713	20.0	0.0
ScryoA	TTG	L	I	0.0	0.968468803492	0.333333333333	0.1	0.9	0.0485436893204	0.111650485437	1454.0	2.14979757085	22.0	0.0
ScryoA	CTA	L	I	0.0	0.968468803492	0.5	0.131578947368	0.684210526316	0.184466019417	0.111650485437	1454.0	2.01326611833	52.0	0.0
CneerA	CTT	L	I	0.0	0.939241249982	0.0909090909091	0.0357142857143	0.964285714286	0.0845921450151	0.0332326283988	2101.0	2.06639839034	53.0	0.0
CneerA	TTA	L	I	0.0	0.939241249982	0.583333333333	0.0373134328358	0.940298507463	0.809667673716	0.0332326283988	2101.0	1.97105801454	20.0	0.0
CsakeA	TTA	L	I	0.0	0.604067744417	0.454545454545	0.0320512820513	0.932692307692	0.978056426332	0.0313479623824	2065.0	1.95934230194	20.0	0.0
HuvarA	TTA	L	I	0.0	0.776861286417	0.833333333333	0.093567251462	0.74269005848	0.810426540284	0.0758293838863	1397.0	1.84021543986	20.0	0.0
CjiufA	TTA	L	I	0.0	0.239480704637	0.416666666667	0.0218181818182	0.967272727273	0.843558282209	0.0245398773006	2080.0	1.99127782074	20.0	0.0
CjiufA	CTA	L	I	0.0	0.239480704637	0.222222222222	0.0740740740741	0.888888888889	0.0828220858896	0.0245398773006	2080.0	2.06201550388	52.0	0.0
KlactA	TTA	L	I	0.0	0.526037315511	0.285714285714	0.0253807106599	0.928934010152	0.989949748744	0.0251256281407	1434.0	1.95481662084	20.0	0.0
CzempA	TTA	L	I	0.0	0.620881486922	0.714285714286	0.109947643979	0.732984293194	0.984536082474	0.10824742268	1455.0	1.95541606309	20.0	0.0
CmetaB	CTT	L	I	0.0	0.319902053345	0.111111111111	0.0333333333333	0.966666666667	0.0900900900901	0.015015015015	2101.0	2.05371428571	53.0	0.0
CmetaB	TTA	L	I	0.0	0.319902053345	0.25	0.0135593220339	0.972881355932	0.885885885886	0.015015015015	2101.0	1.96790782969	20.0	0.0
CmetaC	CTT	L	I	0.0	0.319902053345	0.111111111111	0.0333333333333	0.966666666667	0.0900900900901	0.015015015015	2101.0	2.05371428571	53.0	0.0
CmetaC	TTA	L	I	0.0	0.319902053345	0.25	0.0135593220339	0.972881355932	0.885885885886	0.015015015015	2101.0	1.96790782969	20.0	0.0
CmetaA	CTT	L	I	0.0	0.319902053345	0.111111111111	0.0333333333333	0.966666666667	0.0900900900901	0.015015015015	2101.0	2.05371428571	53.0	0.0
CmetaA	TTA	L	I	0.0	0.319902053345	0.25	0.0135593220339	0.972881355932	0.885885885886	0.015015015015	2101.0	1.96790782969	20.0	0.0
CmetaF	CTT	L	I	0.0	0.319902053345	0.111111111111	0.0333333333333	0.966666666667	0.0900900900901	0.015015015015	2101.0	2.05371428571	53.0	0.0
CmetaF	TTA	L	I	0.0	0.319902053345	0.25	0.0135593220339	0.972881355932	0.885885885886	0.015015015015	2101.0	1.96790782969	20.0	0.0
CfrijA	TTA	L	I	0.0	0.831911726313	0.5	0.0367892976589	0.943143812709	0.90332326284	0.0332326283988	2101.0	2.0060694439	20.0	0.0
CgallA	TTA	L	I	0.0	0.970651179379	0.666666666667	0.0836236933798	0.850174216028	0.894080996885	0.0778816199377	2101.0	2.03219217256	20.0	0.0
CgallA	CTA	L	I	0.0	0.970651179379	0.125	0.0909090909091	0.818181818182	0.0342679127726	0.0778816199377	2101.0	1.66349583829	52.0	0.0
CmetaE	CTT	L	I	0.0	0.319902053345	0.111111111111	0.0333333333333	0.966666666667	0.0900900900901	0.015015015015	2101.0	2.05371428571	53.0	0.0
CmetaE	TTA	L	I	0.0	0.319902053345	0.25	0.0135593220339	0.972881355932	0.885885885886	0.015015015015	2101.0	1.96790782969	20.0	0.0
PpastA	TTA	L	I	0.0	0.569727828622	0.583333333333	0.0349206349206	0.904761904762	0.987460815047	0.0344827586207	2101.0	1.96055539187	20.0	0.0
SjapoA	CTT	L	I	0.0	0.323731580596	0.6	0.0975609756098	0.634146341463	0.188073394495	0.123853211009	1450.0	1.82812109082	53.0	0.0
SjapoA	TTA	L	I	0.0	0.323731580596	1.0	0.132911392405	0.645569620253	0.724770642202	0.123853211009	1450.0	1.84003111226	20.0	0.0
SjapoA	CTA	L	I	0.0	0.323731580596	0.166666666667	0.0625	0.6875	0.0733944954128	0.123853211009	1450.0	1.96107972379	52.0	0.0
SjapoA	CTC	L	I	0.0	0.323731580596	0.5	0.5	0.0	0.00917431192661	0.123853211009	1450.0	2.95287958115	55.0	0.0
CalbiE	CTT	L	I	0.0	0.31258563933	0.333333333333	0.0714285714286	0.928571428571	0.0858895705521	0.0184049079755	1101.0	2.0873015873	53.0	0.0
CalbiE	TTA	L	I	0.0	0.31258563933	0.166666666667	0.016393442623	0.94262295082	0.748466257669	0.0184049079755	1101.0	1.93575058135	20.0	0.0
CtetrA	CTT	L	I	0.0	0.115021298345	0.333333333333	0.136363636364	0.863636363636	0.0674846625767	0.0276073619632	2101.0	2.17091295117	53.0	0.0
CtetrA	TTA	L	I	0.0	0.115021298345	0.416666666667	0.0233463035019	0.945525291829	0.788343558282	0.0276073619632	2101.0	1.93579988153	20.0	0.0
MmagnB	CTT	L	I	0.0	0.775174153044	0.25	0.0560747663551	0.878504672897	0.348534201954	0.0488599348534	2101.0	1.94114423498	53.0	0.0
MmagnB	CTG	L	I	0.0	0.775174153044	0.272727272727	0.0566037735849	0.849056603774	0.172638436482	0.0488599348534	2101.0	1.93205532638	54.0	0.0
MmagnB	CTA	L	I	0.0	0.775174153044	0.333333333333	0.0366972477064	0.899082568807	0.355048859935	0.0488599348534	2101.0	2.04167099657	52.0	0.0
MmagnB	TTA	L	I	0.0	0.775174153044	0.333333333333	0.0740740740741	0.777777777778	0.0879478827362	0.0488599348534	2101.0	1.83377408387	20.0	0.0
MmagnA	CTT	L	I	0.0	0.584577928158	0.25	0.0550458715596	0.880733944954	0.353896103896	0.0519480519481	2101.0	1.94004305705	53.0	0.0
MmagnA	CTG	L	I	0.0	0.584577928158	0.25	0.0555555555556	0.851851851852	0.175324675325	0.0519480519481	2101.0	1.93724840161	54.0	0.0
MmagnA	CTA	L	I	0.0	0.584577928158	0.333333333333	0.0366972477064	0.889908256881	0.353896103896	0.0519480519481	2101.0	2.03169819164	52.0	0.0
MmagnA	CTC	L	I	0.0	0.584577928158	0.25	0.1	0.8	0.0324675324675	0.0519480519481	2101.0	2.01632047478	55.0	0.0
MmagnA	TTA	L	I	0.0	0.584577928158	0.333333333333	0.0869565217391	0.782608695652	0.0746753246753	0.0519480519481	2101.0	1.83829409151	20.0	0.0
CparaA	CTT	L	I	1.0	0.318146099259	0.1	0.0344827586207	0.965517241379	0.106227106227	0.018315018315	1659.0	2.02286647611	53.0	0.0
CparaA	TTA	L	I	1.0	0.318146099259	0.181818181818	0.0166666666667	0.979166666667	0.879120879121	0.018315018315	1659.0	1.97699726649	20.0	0.0
CcoryA	CTT	L	I	0.0	0.904245214119	0.363636363636	0.0526315789474	0.934210526316	0.222222222222	0.0497076023392	2101.0	1.9874260355	53.0	0.0
CcoryA	TTA	L	I	0.0	0.904245214119	0.583333333333	0.0482456140351	0.912280701754	0.666666666667	0.0497076023392	2101.0	1.94826581943	20.0	0.0
CcoryA	CTA	L	I	0.0	0.904245214119	0.2	0.0555555555556	0.861111111111	0.105263157895	0.0497076023392	2101.0	1.87814879906	52.0	0.0
CparaC	CTT	L	I	0.0	0.353439522562	0.0909090909091	0.03125	0.96875	0.0966767371601	0.0181268882175	2101.0	2.0264684554	53.0	0.0
CparaC	TTA	L	I	0.0	0.353439522562	0.25	0.0170068027211	0.969387755102	0.888217522659	0.0181268882175	2101.0	1.97074031023	20.0	0.0
CparaB	CTT	L	I	0.0	0.353439522562	0.0909090909091	0.03125	0.96875	0.0966767371601	0.0181268882175	2101.0	2.0264684554	53.0	0.0
CparaB	TTA	L	I	0.0	0.353439522562	0.25	0.0170068027211	0.969387755102	0.888217522659	0.0181268882175	2101.0	1.97074031023	20.0	0.0
CparaE	CTT	L	I	0.0	0.353439522562	0.0909090909091	0.03125	0.96875	0.0966767371601	0.0181268882175	2101.0	2.0264684554	53.0	0.0
CparaE	TTA	L	I	0.0	0.353439522562	0.25	0.0170068027211	0.969387755102	0.888217522659	0.0181268882175	2101.0	1.97074031023	20.0	0.0
CparaD	CTT	L	I	0.0	0.353439522562	0.0909090909091	0.03125	0.96875	0.0966767371601	0.0181268882175	2101.0	2.0264684554	53.0	0.0
CparaD	TTA	L	I	0.0	0.353439522562	0.25	0.0170068027211	0.969387755102	0.888217522659	0.0181268882175	2101.0	1.97074031023	20.0	0.0
CparaF	CTT	L	I	0.0	0.353439522562	0.0909090909091	0.03125	0.96875	0.0966767371601	0.0181268882175	2101.0	2.0264684554	53.0	0.0
CparaF	TTA	L	I	0.0	0.353439522562	0.25	0.0170068027211	0.969387755102	0.888217522659	0.0181268882175	2101.0	1.97074031023	20.0	0.0
MtetrA	CTT	L	I	0.0	0.53784701479	0.333333333333	0.0972222222222	0.805555555556	0.233009708738	0.0550161812298	2100.0	1.92224204579	53.0	0.0
MtetrA	CTG	L	I	0.0	0.53784701479	0.545454545455	0.0540540540541	0.873873873874	0.359223300971	0.0550161812298	2100.0	2.00394900147	54.0	0.0
MtetrA	CTA	L	I	0.0	0.53784701479	0.181818181818	0.030303030303	0.878787878788	0.21359223301	0.0550161812298	2100.0	1.89057100543	52.0	0.0
MtetrA	CTC	L	I	0.0	0.53784701479	0.166666666667	0.0416666666667	0.875	0.155339805825	0.0550161812298	2100.0	1.84363836219	55.0	0.0
CsaraA	CTT	L	I	0.0	0.718408827599	0.111111111111	0.04	0.92	0.077399380805	0.0247678018576	2101.0	2.00861632032	53.0	0.0
CsaraA	TTA	L	I	0.0	0.718408827599	0.416666666667	0.0263157894737	0.943609022556	0.823529411765	0.0247678018576	2101.0	1.96016057948	20.0	0.0
CsuavA	TTA	L	I	0.0	0.649774520189	0.416666666667	0.0174825174825	0.937062937063	0.928571428571	0.0162337662338	2101.0	1.96687960288	20.0	0.0
PkluyA	TTA	L	I	0.0	0.464429701756	0.666666666667	0.0598006644518	0.873754152824	0.961661341853	0.0607028753994	2101.0	1.94674903233	20.0	0.0
PkluyA	CTA	L	I	0.0	0.464429701756	0.25	0.166666666667	0.833333333333	0.0191693290735	0.0607028753994	2101.0	2.38120567376	52.0	0.0
PcanaA	CTT	L	I	0.0	0.0655574702553	0.333333333333	0.333333333333	0.666666666667	0.0096463022508	0.0225080385852	2101.0	2.63677130045	53.0	0.0
PcanaA	TTA	L	I	0.0	0.0655574702553	0.416666666667	0.0199335548173	0.940199335548	0.967845659164	0.0225080385852	2101.0	1.96210559079	20.0	0.0
YlipoB	TTA	L	I	0.0	0.620623742176	0.75	0.0853242320819	0.846416382253	0.91277258567	0.0778816199377	2100.0	2.02360258353	20.0	0.0
YlipoA	TTA	L	I	0.0	0.620623742176	0.75	0.0853242320819	0.846416382253	0.91277258567	0.0778816199377	2100.0	2.02360258353	20.0	0.0
CjadiA	TTA	L	I	0.0	0.520405587736	0.333333333333	0.0132890365449	0.943521594684	0.990131578947	0.0131578947368	2100.0	1.96170589822	20.0	0.0
AgossB	TTA	L	I	0.0	0.561782038	0.571428571429	0.0408163265306	0.897959183673	0.834042553191	0.0340425531915	1456.0	1.95180659983	20.0	0.0
NdelpA	CTT	L	I	0.0	0.0059370495822	0.5	0.5	0.0	0.00985221674877	0.0344827586207	1439.0	1.5445026178	53.0	0.0
NdelpA	TTA	L	I	0.0	0.0059370495822	0.285714285714	0.0261780104712	0.921465968586	0.940886699507	0.0344827586207	1439.0	1.94278353282	20.0	0.0
NdelpA	CTA	L	I	0.0	0.0059370495822	0.2	0.125	0.125	0.0394088669951	0.0344827586207	1439.0	0.353169469599	52.0	0.0
LelonA	CTT	L	I	0.0	0.180106529487	0.2	0.0444444444444	0.955555555556	0.139318885449	0.0216718266254	2101.0	2.09644146467	53.0	0.0
LelonA	CTA	L	I	0.0	0.180106529487	0.272727272727	0.0535714285714	0.946428571429	0.173374613003	0.0216718266254	2101.0	1.98188110749	52.0	0.0
LelonA	TTA	L	I	0.0	0.180106529487	0.166666666667	0.00934579439252	0.971962616822	0.66253869969	0.0216718266254	2101.0	1.95084145261	20.0	0.0
LkluyF	CTT	L	I	0.0	0.000527638008786	0.5	0.5	0.0	0.00956937799043	0.0334928229665	1456.0	2.66489361702	53.0	0.0
LkluyF	TTA	L	I	0.0	0.000527638008786	0.285714285714	0.0247524752475	0.955445544554	0.966507177033	0.0334928229665	1456.0	1.97770006589	20.0	0.0
LkluyF	CTA	L	I	0.0	0.000527638008786	0.25	0.2	0.0	0.0239234449761	0.0334928229665	1456.0	0.0953346855984	52.0	0.0
CalimA	CTT	L	I	0.0	0.144438714749	0.2	0.111111111111	0.777777777778	0.0280373831776	0.0778816199377	2100.0	2.07870967742	53.0	0.0
CalimA	TTA	L	I	0.0	0.144438714749	0.666666666667	0.0733333333333	0.856666666667	0.934579439252	0.0778816199377	2100.0	1.99874159424	20.0	0.0
CalimA	TTG	L	I	0.0	0.144438714749	0.333333333333	0.333333333333	0.666666666667	0.00934579439252	0.0778816199377	2100.0	2.54724409449	22.0	0.0
CalimA	CTA	L	I	0.0	0.144438714749	0.142857142857	0.111111111111	0.888888888889	0.0280373831776	0.0778816199377	2100.0	2.17971758665	52.0	0.0
BcaliA	TTA	L	I	0.0	0.490228013029	0.416666666667	0.018691588785	0.934579439252	0.996894409938	0.0186335403727	2101.0	1.95521951932	20.0	0.0
SoctoA	CTT	L	I	0.0	0.970430838353	0.333333333333	0.115384615385	0.692307692308	0.126829268293	0.112195121951	1454.0	1.96029874214	53.0	0.0
SoctoA	TTA	L	I	0.0	0.970430838353	0.857142857143	0.111111111111	0.70987654321	0.790243902439	0.112195121951	1454.0	1.8615570078	20.0	0.0
SoctoA	CTA	L	I	0.0	0.970430838353	0.666666666667	0.142857142857	0.857142857143	0.0682926829268	0.112195121951	1454.0	2.44115574348	52.0	0.0
CdefoA	CTT	L	I	0.0	0.883879739643	0.166666666667	0.0909090909091	0.818181818182	0.0341614906832	0.0776397515528	2100.0	2.07480748075	53.0	0.0
CdefoA	CTA	L	I	0.0	0.883879739643	0.142857142857	0.0909090909091	0.909090909091	0.0341614906832	0.0776397515528	2100.0	2.0223880597	52.0	0.0
CdefoA	TTA	L	I	0.0	0.883879739643	0.583333333333	0.0787671232877	0.849315068493	0.906832298137	0.0776397515528	2100.0	2.01471944812	20.0	0.0
LdasiA	TTA	L	I	0.0	0.0618027541804	0.285714285714	0.02	0.96	0.956937799043	0.0239234449761	1456.0	1.9684410062	20.0	0.0
LdasiA	CTA	L	I	0.0	0.0618027541804	0.333333333333	0.2	0.0	0.0239234449761	0.0239234449761	1456.0	2.08731808732	52.0	0.0
CpseuA	TTA	L	I	0.0	0.64814802667	1.0	0.025	0.925	0.701754385965	0.0175438596491	442.0	1.97960174842	20.0	0.0
LkluyE	CTT	L	I	0.0	0.00259821818698	0.5	0.5	0.0	0.00956937799043	0.0334928229665	1456.0	2.66489361702	53.0	0.0
LkluyE	TTA	L	I	0.0	0.00259821818698	0.285714285714	0.0248756218905	0.955223880597	0.961722488038	0.0334928229665	1456.0	1.97737925413	20.0	0.0
LkluyE	CTA	L	I	0.0	0.00259821818698	0.25	0.2	0.0	0.0239234449761	0.0334928229665	1456.0	0.0953346855984	52.0	0.0
LkluyD	CTT	L	I	0.0	0.000755521463743	0.5	0.5	0.0	0.00956937799043	0.0334928229665	1456.0	2.66489361702	53.0	0.0
LkluyD	TTA	L	I	0.0	0.000755521463743	0.285714285714	0.0252525252525	0.954545454545	0.947368421053	0.0334928229665	1456.0	1.97317274889	20.0	0.0
LkluyD	CTA	L	I	0.0	0.000755521463743	0.25	0.166666666667	0.0	0.0287081339713	0.0334928229665	1456.0	0.553480475382	52.0	0.0
LkluyC	CTT	L	I	0.0	0.000527638008786	0.5	0.5	0.0	0.00956937799043	0.0334928229665	1456.0	2.66489361702	53.0	0.0
LkluyC	TTA	L	I	0.0	0.000527638008786	0.285714285714	0.0247524752475	0.955445544554	0.966507177033	0.0334928229665	1456.0	1.97770006589	20.0	0.0
LkluyC	CTA	L	I	0.0	0.000527638008786	0.25	0.2	0.0	0.0239234449761	0.0334928229665	1456.0	0.0953346855984	52.0	0.0
CvartA	TTA	L	I	0.0	0.658903939854	0.5	0.0208333333333	0.9375	0.938110749186	0.0195439739414	2101.0	1.97397754449	20.0	0.0
LkluyA	CTT	L	I	0.0	0.000527638008786	0.5	0.5	0.0	0.00956937799043	0.0334928229665	1456.0	2.66489361702	53.0	0.0
LkluyA	TTA	L	I	0.0	0.000527638008786	0.285714285714	0.0247524752475	0.955445544554	0.966507177033	0.0334928229665	1456.0	1.97770006589	20.0	0.0
LkluyA	CTA	L	I	0.0	0.000527638008786	0.25	0.2	0.0	0.0239234449761	0.0334928229665	1456.0	0.0953346855984	52.0	0.0
CorthB	CTT	L	I	0.0	0.363306252272	0.1	0.03125	0.96875	0.0958083832335	0.0179640718563	2101.0	2.09653916211	53.0	0.0
CorthB	TTA	L	I	0.0	0.363306252272	0.25	0.0168918918919	0.969594594595	0.88622754491	0.0179640718563	2101.0	1.95858573861	20.0	0.0
CorthC	CTT	L	I	0.0	0.350561294892	0.1	0.03125	0.96875	0.0958083832335	0.0179640718563	2101.0	2.09653916211	53.0	0.0
CorthC	TTA	L	I	0.0	0.350561294892	0.25	0.016835016835	0.969696969697	0.889221556886	0.0179640718563	2101.0	1.95948027329	20.0	0.0
CorthA	CTT	L	I	0.0	0.363306252272	0.1	0.03125	0.96875	0.0958083832335	0.0179640718563	2101.0	2.09653916211	53.0	0.0
CorthA	TTA	L	I	0.0	0.363306252272	0.25	0.0168918918919	0.969594594595	0.88622754491	0.0179640718563	2101.0	1.96313181368	20.0	0.0
ClusiA	TTA	L	I	0.0	0.633707003233	0.583333333333	0.0429447852761	0.932515337423	0.978978978979	0.042042042042	2101.0	1.98270655066	20.0	0.0
MguilA	TTA	L	I	0.0	0.65686213114	0.416666666667	0.0387323943662	0.933098591549	0.871165644172	0.0337423312883	2101.0	1.98512004001	20.0	0.0
WmucoA	CTT	L	I	0.0	0.272389087793	0.111111111111	0.0833333333333	0.916666666667	0.0377358490566	0.0345911949686	2101.0	2.20853540252	53.0	0.0
WmucoA	TTA	L	I	0.0	0.272389087793	0.5	0.0315789473684	0.926315789474	0.896226415094	0.0345911949686	2101.0	1.97762781186	20.0	0.0
WmucoA	CTA	L	I	0.0	0.272389087793	0.166666666667	0.05	0.85	0.062893081761	0.0345911949686	2101.0	1.87002096436	52.0	0.0
ScereC	TTA	L	I	0.0	0.0898864412188	0.285714285714	0.020202020202	0.914141414141	0.929577464789	0.0234741784038	1456.0	1.90827393864	20.0	0.0
ScereC	CTA	L	I	0.0	0.0898864412188	0.2	0.0833333333333	0.166666666667	0.056338028169	0.0234741784038	1456.0	0.149279050042	52.0	0.0
ScereA	TTA	L	I	0.0	0.0898864412188	0.285714285714	0.0203045685279	0.918781725888	0.929245283019	0.0235849056604	1456.0	1.91690023876	20.0	0.0
ScereA	CTA	L	I	0.0	0.0898864412188	0.2	0.0833333333333	0.166666666667	0.0566037735849	0.0235849056604	1456.0	0.149279050042	52.0	0.0
ScereD	TTA	L	I	0.0	0.0898864412188	0.285714285714	0.020202020202	0.914141414141	0.920930232558	0.0232558139535	1456.0	1.90827393864	20.0	0.0
ScereD	CTA	L	I	0.0	0.0898864412188	0.2	0.0909090909091	0.181818181818	0.0511627906977	0.0232558139535	1456.0	0.237918215613	52.0	0.0
ScereE	TTA	L	I	0.0	0.0649496428124	0.285714285714	0.0201005025126	0.914572864322	0.925581395349	0.0232558139535	1456.0	1.90902549342	20.0	0.0
ScereE	CTA	L	I	0.0	0.0649496428124	0.166666666667	0.0833333333333	0.166666666667	0.0558139534884	0.0232558139535	1456.0	0.390410958904	52.0	0.0
DhansA	TTA	L	I	0.0	0.661153667672	0.416666666667	0.0378548895899	0.93690851735	0.963525835866	0.0364741641337	2101.0	1.99474560592	20.0	0.0
CsalmA	TTA	L	I	0.0	0.597114650925	0.75	0.0777385159011	0.791519434629	0.940199335548	0.0730897009967	2098.0	1.81957136418	20.0	0.0
LnothA	TTA	L	I	0.0	0.0396344733649	0.285714285714	0.0201005025126	0.954773869347	0.943127962085	0.0236966824645	1456.0	1.96771868403	20.0	0.0
LnothA	CTA	L	I	0.0	0.0396344733649	0.333333333333	0.166666666667	0.0	0.0284360189573	0.0236966824645	1456.0	1.58219178082	52.0	0.0
BcustA	CTT	L	I	0.0	0.231287546942	0.2	0.166666666667	0.666666666667	0.0192926045016	0.048231511254	2101.0	1.77848101266	53.0	0.0
BcustA	TTA	L	I	0.0	0.231287546942	0.666666666667	0.0472972972973	0.864864864865	0.951768488746	0.048231511254	2101.0	1.91338395823	20.0	0.0
CtheaA	CTT	L	I	0.0	0.308882913545	0.1	0.04	0.96	0.0748502994012	0.0179640718563	2101.0	2.09882352941	53.0	0.0
CtheaA	TTA	L	I	0.0	0.308882913545	0.25	0.016501650165	0.970297029703	0.907185628743	0.0179640718563	2101.0	1.96091936233	20.0	0.0
AgossA	TTA	L	I	0.0	0.561782038	0.571428571429	0.0408163265306	0.897959183673	0.834042553191	0.0340425531915	1456.0	1.95180659983	20.0	0.0
MingeA	TTA	L	I	0.0	0.433539968622	0.5	0.042345276873	0.86319218241	0.990322580645	0.041935483871	2101.0	1.93348081471	20.0	0.0
ScastA	TTA	L	I	0.0	0.00857023411371	0.714285714286	0.0502512562814	0.874371859296	0.966019417476	0.0485436893204	1456.0	1.9780778314	20.0	0.0
CmaltA	TTA	L	I	0.0	0.948740242321	0.25	0.0245098039216	0.946078431373	0.610778443114	0.0209580838323	2101.0	1.99444476593	20.0	0.0
CmaltA	CTA	L	I	0.0	0.948740242321	0.166666666667	0.025	0.9125	0.239520958084	0.0209580838323	2101.0	1.9132327336	52.0	0.0
CbohiA	CTT	L	I	0.0	0.309068638611	0.142857142857	0.0769230769231	0.846153846154	0.0392749244713	0.0332326283988	2101.0	1.92075796727	53.0	0.0
CbohiA	TTA	L	I	0.0	0.309068638611	0.5	0.031847133758	0.93949044586	0.948640483384	0.0332326283988	2101.0	1.93820602977	20.0	0.0

### Alignment improvement:
