### Random Forest prediction
genome	codon	ori_aa	rea_aa	fitch	Fisher_pval	Gene_frac	N._rea	N._used	Cod._count	Sub._count	G._len	codon_lik	id	prediction	probability
Metaseiulus_occidentalis	TCC	S	P	0.0	0.210526291561	0.2	0.111111111111	0.777777777778	0.109756097561	0.0121951219512	1280.0	-0.627906976744	31.0	0.0	0.0
Schistosoma	TCG	S	P	0.0	0.507090136344	0.333333333333	0.166666666667	0.333333333333	0.0625	0.0729166666667	1325.0	-0.463519313305	30.0	0.0	0.0
Schistosoma	TCT	S	P	0.0	0.507090136344	0.375	0.0789473684211	0.368421052632	0.395833333333	0.0729166666667	1325.0	-0.932432432432	29.0	0.0	0.0
Schistosoma	AGT	S	P	0.0	0.507090136344	0.2	0.09375	0.40625	0.333333333333	0.0729166666667	1325.0	-0.805401111994	9.0	0.0	0.0
Fasciola	TCT	S	P	0.0	0.850416229577	0.1	0.0192307692308	0.384615384615	0.52	0.03	1332.0	-1.31550539745	29.0	0.0	0.0
Fasciola	AGT	S	P	0.0	0.850416229577	0.2	0.0555555555556	0.555555555556	0.36	0.03	1332.0	-1.06805157593	9.0	0.0	0.0
Trichobilharzia_regenti	TCG	S	P	0.0	0.0839786614951	0.5	0.166666666667	0.333333333333	0.06	0.05	1324.0	-0.359307359307	30.0	0.0	0.0
Trichobilharzia_regenti	AGT	S	P	0.0	0.0839786614951	0.222222222222	0.0888888888889	0.333333333333	0.45	0.05	1324.0	-1.04298642534	9.0	0.0	0.0
Versteria_mustelae	TCT	S	P	0.0	0.0608649124153	0.363636363636	0.11320754717	0.377358490566	0.5	0.0660377358491	1328.0	-0.772397094431	29.0	0.0	0.0
Versteria_mustelae	TCC	S	P	0.0	0.0608649124153	1.0	1.0	0.0	0.00943396226415	0.0660377358491	1328.0	4.26315789474	31.0	0.0	0.048
Euseius_nicholsi	TCT	S	P	0.0	0.715686176349	0.125	0.0263157894737	0.736842105263	0.575757575758	0.0151515151515	1296.0	-1.0228956229	29.0	0.0	0.0
Daphnia	TCA	S	P	0.0	0.499999958898	0.142857142857	0.0666666666667	0.933333333333	0.205479452055	0.013698630137	1351.0	-0.796232876712	28.0	0.0	0.0
Haplorchis_taichui	TCT	S	P	0.0	0.43571427585	0.25	0.046511627907	0.348837209302	0.494252873563	0.0344827586207	1320.0	-1.22719141324	29.0	0.0	0.003
Haplorchis_taichui	AGC	S	P	0.0	0.43571427585	0.166666666667	0.142857142857	0.285714285714	0.0804597701149	0.0344827586207	1320.0	-0.487179487179	11.0	0.0	0.0
Halocynthia	TCT	S	P	0.0	0.851403144497	0.2	0.0512820512821	0.74358974359	0.438202247191	0.0561797752809	1348.0	-0.976408912189	29.0	0.0	0.0
Halocynthia	AGT	S	P	0.0	0.851403144497	0.2	0.0625	0.65625	0.359550561798	0.0561797752809	1348.0	-0.902967121091	9.0	0.0	0.0
Halocynthia	TCA	S	P	0.0	0.851403144497	0.166666666667	0.125	0.75	0.0898876404494	0.0561797752809	1348.0	-0.512903225806	28.0	0.0	0.0
Echinococcus_equinus	TCT	S	P	0.0	0.184141248687	0.2	0.0731707317073	0.439024390244	0.488095238095	0.0595238095238	1331.0	-0.955261499685	29.0	0.0	0.0
Echinococcus_equinus	TCA	S	P	0.0	0.184141248687	0.25	0.2	0.3	0.119047619048	0.0595238095238	1331.0	-0.277353689567	28.0	0.0	0.0
Taenia_crassiceps	TCG	S	P	0.0	0.185065147559	0.166666666667	0.142857142857	0.285714285714	0.0679611650485	0.0582524271845	1333.0	-0.945652173913	30.0	0.0	0.0
Taenia_crassiceps	TCT	S	P	0.0	0.185065147559	0.272727272727	0.0909090909091	0.318181818182	0.427184466019	0.0582524271845	1333.0	-0.92082111437	29.0	0.0	0.0
Taenia_crassiceps	AGT	S	P	0.0	0.185065147559	0.111111111111	0.0277777777778	0.472222222222	0.349514563107	0.0582524271845	1333.0	-1.26487252125	9.0	0.0	0.0
Axinella	TCA	S	P	0.0	0.528571389114	0.111111111111	0.0625	0.9375	0.210526315789	0.0131578947368	1348.0	-0.892109500805	28.0	0.0	0.0
Suberites_domuncula	TCG	S	P	0.0	0.229166645088	0.142857142857	0.111111111111	0.888888888889	0.113924050633	0.0126582278481	1351.0	-0.628895184136	30.0	0.0	0.0
Geodia	TCA	S	P	0.0	0.452702663045	0.125	0.0526315789474	0.842105263158	0.2375	0.0125	1350.0	-0.978319783198	28.0	0.0	0.0
Metridium	TCA	S	P	0.0	0.178082168133	0.166666666667	0.1	0.9	0.131578947368	0.0131578947368	1351.0	-0.654731457801	28.0	0.0	0.0
Amphimedon_queenslandica	TCA	S	P	0.0	0.845070369045	0.111111111111	0.0454545454545	0.954545454545	0.293333333333	0.0133333333333	1351.0	-0.982537834692	28.0	0.0	0.0
Tetrancistrum_nebulosi	TCT	S	P	0.0	0.26875052934	0.125	0.0263157894737	0.421052631579	0.417582417582	0.043956043956	1333.0	-1.24342548887	29.0	0.0	0.0
Tetrancistrum_nebulosi	TCG	S	P	0.0	0.26875052934	0.5	0.25	0.25	0.043956043956	0.043956043956	1333.0	0.128205128205	30.0	0.0	0.001
Tetrancistrum_nebulosi	AGT	S	P	0.0	0.26875052934	0.222222222222	0.08	0.28	0.274725274725	0.043956043956	1333.0	-1.15628192033	9.0	0.0	0.0
Trichinella	AGC	S	P	0.0	0.173758860351	0.166666666667	0.1	0.3	0.119047619048	0.0238095238095	1343.0	-1.37532133676	11.0	0.0	0.0
Trichinella	AGT	S	P	0.0	0.173758860351	0.166666666667	0.0833333333333	0.583333333333	0.142857142857	0.0238095238095	1343.0	-0.95358649789	9.0	0.0	0.0
Acropora	TCT	S	P	0.0	0.0555164309697	0.125	0.0277777777778	0.888888888889	0.45	0.0375	1350.0	-1.0458781362	29.0	0.0	0.0
Acropora	TCA	S	P	0.0	0.0555164309697	0.5	0.4	0.6	0.0625	0.0375	1350.0	1.13265306122	28.0	0.0	0.035
Pseudogarypus_banksi	TCT	S	P	0.0	0.721153749881	0.0909090909091	0.0232558139535	0.651162790698	0.483146067416	0.0112359550562	1347.0	-1.07083333333	29.0	0.0	0.0
Benedenia_hoshinai	AGC	S	P	0.0	0.179543814045	0.166666666667	0.0833333333333	0.5	0.106194690265	0.0265486725664	1333.0	-0.853191489362	11.0	0.0	0.0
Benedenia_hoshinai	AGT	S	P	0.0	0.179543814045	0.111111111111	0.030303030303	0.424242424242	0.29203539823	0.0265486725664	1333.0	-1.42170542636	9.0	0.0	0.0
Benedenia_hoshinai	TCA	S	P	0.0	0.179543814045	0.25	0.142857142857	0.428571428571	0.0619469026549	0.0265486725664	1333.0	-0.642066420664	28.0	0.0	0.0
Myxine	TCA	S	P	0.0	0.773333255076	0.1	0.025641025641	0.846153846154	0.41935483871	0.010752688172	1350.0	-1.04521625164	28.0	0.0	0.0
Drosophila	TCT	S	P	0.0	0.361538389832	0.111111111111	0.0322580645161	0.838709677419	0.424657534247	0.013698630137	1351.0	-1.03849303849	29.0	0.0	0.0
Ciona	AGT	S	P	0.0	0.701492506395	0.125	0.037037037037	0.777777777778	0.287234042553	0.0212765957447	1348.0	-1.14028436019	9.0	0.0	0.0
Ciona	TCA	S	P	0.0	0.701492506395	0.111111111111	0.0384615384615	0.653846153846	0.276595744681	0.0212765957447	1348.0	-1.08078817734	28.0	0.0	0.0
Strigamia_maritima	TCC	S	P	0.0	0.177966081214	0.2	0.111111111111	0.666666666667	0.134328358209	0.0149253731343	1351.0	-0.914285714286	31.0	0.0	0.0
Caenorhabditis	TCT	S	P	0.0	0.86458328658	0.111111111111	0.0434782608696	0.521739130435	0.396551724138	0.0344827586207	1346.0	-1.14285714286	29.0	0.0	0.0
Caenorhabditis	TCA	S	P	0.0	0.86458328658	0.125	0.0526315789474	0.526315789474	0.327586206897	0.0344827586207	1346.0	-1.11901504788	28.0	0.0	0.0
Ascidiella_aspersa	TCT	S	P	0.0	0.613997110225	0.111111111111	0.0277777777778	0.666666666667	0.378947368421	0.0421052631579	1350.0	-1.06633380884	29.0	0.0	0.0
Ascidiella_aspersa	TCG	S	P	0.0	0.613997110225	0.2	0.166666666667	0.833333333333	0.0631578947368	0.0421052631579	1350.0	-0.376623376623	30.0	0.0	0.0
Ascidiella_aspersa	AGT	S	P	0.0	0.613997110225	0.111111111111	0.0416666666667	0.583333333333	0.252631578947	0.0421052631579	1350.0	-1.12540192926	9.0	0.0	0.0
Ascidiella_aspersa	TCC	S	P	0.0	0.613997110225	0.2	0.111111111111	0.666666666667	0.0947368421053	0.0421052631579	1350.0	-0.750708215297	31.0	0.0	0.0