### Random Forest prediction
genome	codon	ori_aa	rea_aa	fitch	Fisher_pval	Gene_frac	N._rea	N._used	Cod._count	Sub._count	G._len	codon_lik	id	prediction	probability
LmeyeA	GCA	A	P	0.0	0.208333269626	0.166666666667	0.027027027027	0.810810810811	0.37	0.01	1429.0	-1.01051821447	44.0	0.0	0.0
SpombA	GCG	A	P	0.0	0.00925925606246	0.25	0.25	0.0	0.040404040404	0.010101010101	1424.0	0.26265060241	46.0	0.0	0.003
WmucoA	GCA	A	P	0.0	0.809144009396	0.0909090909091	0.0212765957447	0.851063829787	0.335714285714	0.0214285714286	2246.0	-0.957850133809	44.0	0.0	0.0
WmucoA	GCT	A	P	0.0	0.809144009396	0.166666666667	0.0235294117647	0.811764705882	0.607142857143	0.0214285714286	2246.0	-0.994804865687	45.0	0.0	0.0
AacerA	GCT	A	P	0.0	0.694444444444	0.5	0.0625	0.625	0.666666666667	0.0416666666667	630.0	-0.71403712297	45.0	0.0	0.016
CgallA	GCA	A	P	0.0	0.879705393807	0.153846153846	0.0344827586207	0.655172413793	0.367088607595	0.0253164556962	2247.0	-1.08993338268	44.0	0.0	0.0
CgallA	GCT	A	P	0.0	0.879705393807	0.181818181818	0.0232558139535	0.651162790698	0.544303797468	0.0253164556962	2247.0	-1.08349218452	45.0	0.0	0.0
CgigaA	GCT	A	P	0.0	0.735576831784	0.1	0.015625	0.84375	0.520325203252	0.00813008130081	2002.0	-1.02033952594	45.0	0.0	0.0
CsantA	GCC	A	P	0.0	0.652100807261	0.125	0.047619047619	0.857142857143	0.181034482759	0.0172413793103	2220.0	-0.737430167598	47.0	0.0	0.0
CsantA	GCT	A	P	0.0	0.652100807261	0.1	0.0192307692308	0.673076923077	0.448275862069	0.0172413793103	2220.0	-1.08655616943	45.0	0.0	0.0
WpijpA	GCA	A	P	0.0	0.210601235176	0.285714285714	0.0555555555556	0.888888888889	0.391304347826	0.0217391304348	1429.0	-0.746828752643	44.0	0.0	0.0
BarxA	GCT	A	P	0.0	0.725	1.0	0.0666666666667	0.666666666667	0.51724137931	0.0344827586207	434.0	-0.874393203883	45.0	0.0	0.052
CsubhA	GCA	A	P	0.0	0.191610440262	0.111111111111	0.0344827586207	0.862068965517	0.208633093525	0.0215827338129	2244.0	-0.956226415094	44.0	0.0	0.0
CsubhA	GCC	A	P	0.0	0.191610440262	0.0833333333333	0.0125	0.875	0.575539568345	0.0215827338129	2244.0	-1.01922050187	47.0	0.0	0.0
CsubhA	GCG	A	P	0.0	0.191610440262	0.125	0.0714285714286	0.785714285714	0.10071942446	0.0215827338129	2244.0	-0.876763177431	46.0	0.0	0.0
CsubhB	GCA	A	P	0.0	0.191610440262	0.111111111111	0.0344827586207	0.862068965517	0.208633093525	0.0215827338129	2244.0	-0.956226415094	44.0	0.0	0.0
CsubhB	GCC	A	P	0.0	0.191610440262	0.0833333333333	0.0125	0.875	0.575539568345	0.0215827338129	2244.0	-1.01922050187	47.0	0.0	0.0
CsubhB	GCG	A	P	0.0	0.191610440262	0.125	0.0714285714286	0.785714285714	0.10071942446	0.0215827338129	2244.0	-0.876763177431	46.0	0.0	0.0
OanguA	GCT	A	P	0.0	0.696581091825	0.0833333333333	0.0121951219512	0.853658536585	0.594202898551	0.00724637681159	2248.0	-1.08884540117	45.0	0.0	0.0
SarboA	GCT	A	P	0.0	0.726666572297	0.166666666667	0.02	0.8	0.54347826087	0.0108695652174	1429.0	-1.04517611026	45.0	0.0	0.0
CalaiA	GCT	A	P	0.0	0.613043344663	0.1	0.01	0.88	0.77519379845	0.0077519379845	2056.0	-1.00676691729	45.0	0.0	0.0
KtherA	GCA	A	P	0.0	0.778430719858	0.166666666667	0.025641025641	0.717948717949	0.386138613861	0.019801980198	1429.0	-1.01685805033	44.0	0.0	0.0
KtherA	GCT	A	P	0.0	0.778430719858	0.166666666667	0.0172413793103	0.879310344828	0.574257425743	0.019801980198	1429.0	-1.04302134647	45.0	0.0	0.0
CblacA	GCC	A	P	0.0	0.0568782963745	1.0	1.0	0.0	0.03125	0.0625	434.0	5.70909090909	47.0	0.0	0.347
CblacA	GCT	A	P	0.0	0.0568782963745	1.0	0.0384615384615	0.846153846154	0.8125	0.0625	434.0	-0.756123163051	45.0	0.0	0.245
CnorvA	GCA	A	P	0.0	0.815071347815	0.0909090909091	0.0185185185185	0.87037037037	0.397058823529	0.0220588235294	2249.0	-0.910588235294	44.0	0.0	0.0
CnorvA	GCT	A	P	0.0	0.815071347815	0.166666666667	0.0266666666667	0.813333333333	0.551470588235	0.0220588235294	2249.0	-1.0049268018	45.0	0.0	0.0
MstarA	GCA	A	P	0.0	0.49702775874	0.125	0.0243902439024	0.829268292683	0.328	0.04	2249.0	-0.893532073463	44.0	0.0	0.0
MstarA	GCT	A	P	0.0	0.49702775874	0.25	0.047619047619	0.738095238095	0.672	0.04	2249.0	-0.857396149949	45.0	0.0	0.0
NbaciA	GCT	A	P	0.0	0.694002115752	0.166666666667	0.0285714285714	0.8	0.769230769231	0.021978021978	1428.0	-0.99959055548	45.0	0.0	0.0
LstarA	GCA	A	P	0.0	0.820452479885	0.142857142857	0.027027027027	0.675675675676	0.313559322034	0.0169491525424	1834.0	-0.982275586049	44.0	0.0	0.0
LstarA	GCT	A	P	0.0	0.820452479885	0.1	0.0140845070423	0.647887323944	0.601694915254	0.0169491525424	1834.0	-1.16804493681	45.0	0.0	0.0
MfariA	GCA	A	P	0.0	0.264462738584	0.111111111111	0.0196078431373	0.960784313725	0.40157480315	0.00787401574803	2248.0	-0.905152946007	44.0	0.0	0.0
MfariB	GCA	A	P	0.0	0.780585210793	0.1	0.0204081632653	0.816326530612	0.362962962963	0.0148148148148	2250.0	-0.995051635112	44.0	0.0	0.0
MfariB	GCT	A	P	0.0	0.780585210793	0.0833333333333	0.0120481927711	0.939759036145	0.614814814815	0.0148148148148	2250.0	-1.03102813568	45.0	0.0	0.0
CcastA	GCA	A	P	0.0	0.780885705236	0.142857142857	0.0285714285714	0.771428571429	0.364583333333	0.0208333333333	1428.0	-0.932244897959	44.0	0.0	0.0
CcastA	GCT	A	P	0.0	0.780885705236	0.166666666667	0.0175438596491	0.80701754386	0.59375	0.0208333333333	1428.0	-1.07343593175	45.0	0.0	0.0
LanspB	GCA	A	P	0.0	0.24404755945	0.2	0.0277777777778	0.777777777778	0.36	0.01	1429.0	-0.989153439153	44.0	0.0	0.0
CphanA	GCA	A	P	0.0	0.814730279857	0.0833333333333	0.0204081632653	0.65306122449	0.302469135802	0.0246913580247	2247.0	-1.13805970149	44.0	0.0	0.0
CphanA	GCT	A	P	0.0	0.814730279857	0.166666666667	0.0277777777778	0.657407407407	0.666666666667	0.0246913580247	2247.0	-1.08102707563	45.0	0.0	0.0
LanspA	GCA	A	P	0.0	0.216867411644	0.2	0.0285714285714	0.771428571429	0.353535353535	0.010101010101	1429.0	-1.01191120736	44.0	0.0	0.0
CglabA	GCT	A	P	0.0	0.372432376259	0.333333333333	0.04	0.82	0.561797752809	0.0224719101124	1413.0	-0.902754036087	45.0	0.0	0.0
CsakeA	GCT	A	P	0.0	0.710083933519	0.0909090909091	0.013698630137	0.931506849315	0.5703125	0.0078125	2207.0	-0.967438386856	45.0	0.0	0.0
HuvarA	GCA	A	P	0.0	0.0161016910813	0.2	0.0384615384615	0.692307692308	0.298850574713	0.0344827586207	1361.0	-1.10522469858	44.0	0.0	0.0
HuvarA	GCC	A	P	0.0	0.0161016910813	0.5	0.5	0.0	0.0229885057471	0.0344827586207	1361.0	2.39436619718	47.0	0.0	0.023
HuvarA	GCT	A	P	0.0	0.0161016910813	0.166666666667	0.0169491525424	0.661016949153	0.67816091954	0.0344827586207	1361.0	-1.18049725541	45.0	0.0	0.0
CjiufA	GCT	A	P	0.0	0.642307568813	0.0769230769231	0.0102040816327	0.938775510204	0.715328467153	0.00729927007299	2231.0	-1.05108254398	45.0	0.0	0.0
KlactA	GCT	A	P	0.0	0.713333234361	0.166666666667	0.0185185185185	0.777777777778	0.586956521739	0.0108695652174	1408.0	-1.13334513901	45.0	0.0	0.0
CzempA	GCT	A	P	0.0	0.75	0.166666666667	0.0222222222222	0.577777777778	0.5625	0.0125	1428.0	-1.15405806315	45.0	0.0	0.0
PpastA	GCT	A	P	0.0	0.223684136327	0.0833333333333	0.0185185185185	0.888888888889	0.406015037594	0.00751879699248	2248.0	-1.03112033195	45.0	0.0	0.0
SjapoA	GCT	A	P	0.0	0.747959096655	0.333333333333	0.0491803278689	0.606557377049	0.782051282051	0.0384615384615	1423.0	-0.913387071282	45.0	0.0	0.0
MmagnB	GCA	A	P	0.0	0.141949212243	0.111111111111	0.0188679245283	0.660377358491	0.404580152672	0.030534351145	2249.0	-1.17036172695	44.0	0.0	0.0
MmagnB	GCC	A	P	0.0	0.141949212243	0.111111111111	0.0322580645161	0.806451612903	0.236641221374	0.030534351145	2249.0	-0.860299625468	47.0	0.0	0.0
MmagnB	GCG	A	P	0.0	0.141949212243	0.222222222222	0.142857142857	0.785714285714	0.106870229008	0.030534351145	2249.0	-0.377700950735	46.0	0.0	0.0
MmagnA	GCA	A	P	0.0	0.135152124056	0.111111111111	0.0196078431373	0.647058823529	0.389312977099	0.030534351145	2249.0	-1.16700528241	44.0	0.0	0.0
MmagnA	GCC	A	P	0.0	0.135152124056	0.111111111111	0.0322580645161	0.806451612903	0.236641221374	0.030534351145	2249.0	-0.860299625468	47.0	0.0	0.0
MmagnA	GCG	A	P	0.0	0.135152124056	0.222222222222	0.133333333333	0.8	0.114503816794	0.030534351145	2249.0	-0.433307024467	46.0	0.0	0.0
CparaA	GCT	A	P	0.0	0.605769094659	0.0909090909091	0.0119047619048	0.964285714286	0.785046728972	0.00934579439252	1816.0	-1.01304114009	45.0	0.0	0.0
CcoryA	GCA	A	P	0.0	0.198412649091	0.1	0.0238095238095	0.833333333333	0.291666666667	0.00694444444444	2250.0	-0.947655668569	44.0	0.0	0.0
CparaC	GCT	A	P	0.0	0.617424110338	0.0833333333333	0.00952380952381	0.952380952381	0.760869565217	0.00724637681159	2250.0	-1.02082905808	45.0	0.0	0.0
CparaB	GCT	A	P	0.0	0.617424110338	0.0833333333333	0.00952380952381	0.952380952381	0.760869565217	0.00724637681159	2250.0	-1.02082905808	45.0	0.0	0.0
CparaE	GCT	A	P	0.0	0.617424110338	0.0833333333333	0.00952380952381	0.952380952381	0.760869565217	0.00724637681159	2250.0	-1.02082905808	45.0	0.0	0.0
CparaD	GCT	A	P	0.0	0.617424110338	0.0833333333333	0.00952380952381	0.952380952381	0.760869565217	0.00724637681159	2250.0	-1.02082905808	45.0	0.0	0.0
CparaF	GCT	A	P	0.0	0.617424110338	0.0833333333333	0.00952380952381	0.952380952381	0.760869565217	0.00724637681159	2250.0	-1.02082905808	45.0	0.0	0.0
MtetrA	GCC	A	P	0.0	0.165920459773	0.1	0.0166666666667	0.716666666667	0.44776119403	0.0298507462687	2248.0	-1.07617115456	47.0	0.0	0.0
MtetrA	GCT	A	P	0.0	0.165920459773	0.166666666667	0.0666666666667	0.6	0.111940298507	0.0298507462687	2248.0	-0.702560735391	45.0	0.0	0.0
MtetrA	GCG	A	P	0.0	0.165920459773	0.2	0.0740740740741	0.777777777778	0.201492537313	0.0298507462687	2248.0	-0.747655583973	46.0	0.0	0.0
CsuavA	GCT	A	P	0.0	0.336400202063	0.272727272727	0.0422535211268	0.746478873239	0.518248175182	0.021897810219	2250.0	-0.880952380952	45.0	0.0	0.0
PkluyA	GCA	A	P	0.0	0.810897370609	0.111111111111	0.0131578947368	0.763157894737	0.59375	0.015625	2247.0	-1.07478188617	44.0	0.0	0.0
PkluyA	GCT	A	P	0.0	0.810897370609	0.0909090909091	0.025641025641	0.871794871795	0.3046875	0.015625	2247.0	-1.0456043956	45.0	0.0	0.0
PcanaA	GCA	A	P	0.0	0.273344384781	0.2	0.0434782608696	0.847826086957	0.328571428571	0.0214285714286	2250.0	-0.827441860465	44.0	0.0	0.0
PcanaA	GCT	A	P	0.0	0.273344384781	0.0909090909091	0.0112359550562	0.797752808989	0.635714285714	0.0214285714286	2250.0	-1.08996539792	45.0	0.0	0.0
YlipoB	GCA	A	P	0.0	0.849400235714	0.0909090909091	0.0185185185185	0.685185185185	0.3375	0.025	2247.0	-1.11189091638	44.0	0.0	0.0
YlipoB	GCT	A	P	0.0	0.849400235714	0.166666666667	0.030612244898	0.642857142857	0.6125	0.025	2247.0	-1.08426473811	45.0	0.0	0.0
YlipoA	GCA	A	P	0.0	0.849400235714	0.0909090909091	0.0185185185185	0.685185185185	0.3375	0.025	2247.0	-1.11189091638	44.0	0.0	0.0
YlipoA	GCT	A	P	0.0	0.849400235714	0.166666666667	0.030612244898	0.642857142857	0.6125	0.025	2247.0	-1.08426473811	45.0	0.0	0.0
CjadiA	GCT	A	P	0.0	0.210131746468	0.25	0.0365853658537	0.756097560976	0.585714285714	0.0214285714286	2250.0	-0.918000264515	45.0	0.0	0.0
AgossB	GCT	A	P	0.0	0.595744680851	0.166666666667	0.0232558139535	0.860465116279	0.796296296296	0.0185185185185	1427.0	-0.910789766407	45.0	0.0	0.0
NdelpA	GCT	A	P	0.0	0.394977117713	0.333333333333	0.0425531914894	0.808510638298	0.552941176471	0.0235294117647	1412.0	-0.842486421243	45.0	0.0	0.0
CalimA	GCA	A	P	0.0	0.849915042792	0.111111111111	0.0238095238095	0.642857142857	0.260869565217	0.0248447204969	2247.0	-1.12865642043	44.0	0.0	0.0
CalimA	GCT	A	P	0.0	0.849915042792	0.166666666667	0.0275229357798	0.633027522936	0.67701863354	0.0248447204969	2247.0	-1.06098170549	45.0	0.0	0.0
CchauA	GCT	A	P	0.0	0.663999883995	0.0769230769231	0.0102040816327	0.84693877551	0.685314685315	0.00699300699301	2250.0	-1.04135421262	45.0	0.0	0.0
BcaliA	GCT	A	P	0.0	0.252677482302	0.25	0.038961038961	0.766233766234	0.566176470588	0.0220588235294	2250.0	-0.883917440089	45.0	0.0	0.0
CvartA	GCA	A	P	0.0	0.770989426181	0.1	0.0196078431373	0.901960784314	0.375	0.0147058823529	2250.0	-0.93352249696	44.0	0.0	0.0
CvartA	GCT	A	P	0.0	0.770989426181	0.0909090909091	0.0125	0.8	0.588235294118	0.0147058823529	2250.0	-1.09012464046	45.0	0.0	0.0
CbuenA	GCA	A	P	0.0	0.252258005266	0.125	0.0333333333333	0.9	0.217391304348	0.0144927536232	2248.0	-0.782117163412	44.0	0.0	0.0
CbuenA	GCT	A	P	0.0	0.252258005266	0.0769230769231	0.00961538461538	0.903846153846	0.753623188406	0.0144927536232	2248.0	-1.04751757937	45.0	0.0	0.0
CdefoA	GCA	A	P	0.0	0.885317997385	0.153846153846	0.0327868852459	0.622950819672	0.38125	0.03125	2247.0	-1.13794326241	44.0	0.0	0.0
CdefoA	GCT	A	P	0.0	0.885317997385	0.181818181818	0.0340909090909	0.659090909091	0.55	0.03125	2247.0	-1.00123198226	45.0	0.0	0.0
LdasiA	GCA	A	P	0.0	0.228394995661	0.166666666667	0.0263157894737	0.789473684211	0.387755102041	0.0102040816327	1429.0	-0.951298701299	44.0	0.0	0.0
LkluyF	GCA	A	P	0.0	0.740963765988	0.2	0.0196078431373	0.823529411765	0.50495049505	0.00990099009901	1429.0	-1.05227655987	44.0	0.0	0.0
LkluyE	GCA	A	P	0.0	0.734939667523	0.2	0.0196078431373	0.843137254902	0.50495049505	0.00990099009901	1429.0	-1.04060628743	44.0	0.0	0.0
LkluyD	GCA	A	P	0.0	0.737804787525	0.2	0.02	0.84	0.505050505051	0.010101010101	1429.0	-1.05821721703	44.0	0.0	0.0
LkluyC	GCA	A	P	0.0	0.740963765988	0.2	0.0196078431373	0.823529411765	0.50495049505	0.00990099009901	1429.0	-1.05227655987	44.0	0.0	0.0
LkluyB	GCA	A	P	0.0	0.7	1.0	0.0555555555556	0.944444444444	0.5	0.0277777777778	434.0	-0.782498735458	44.0	0.0	0.06
LkluyA	GCA	A	P	0.0	0.740963765988	0.2	0.0196078431373	0.823529411765	0.50495049505	0.00990099009901	1429.0	-1.05227655987	44.0	0.0	0.0
CorthB	GCT	A	P	0.0	0.583333189477	0.0769230769231	0.00869565217391	0.947826086957	0.833333333333	0.00724637681159	2250.0	-1.03639810427	45.0	0.0	0.0
CorthC	GCT	A	P	0.0	0.579545309382	0.0769230769231	0.00862068965517	0.948275862069	0.840579710145	0.00724637681159	2250.0	-1.03621013133	45.0	0.0	0.0
CorthA	GCT	A	P	0.0	0.579545309382	0.0769230769231	0.00862068965517	0.948275862069	0.840579710145	0.00724637681159	2250.0	-1.03634651601	45.0	0.0	0.0
SpastA	GCT	A	P	0.0	0.415789433344	0.333333333333	0.0425531914894	0.744680851064	0.494736842105	0.0210526315789	1429.0	-0.977596741344	45.0	0.0	0.0
ScereC	GCT	A	P	0.0	0.723684115127	0.166666666667	0.0188679245283	0.77358490566	0.546391752577	0.0103092783505	1429.0	-1.06980519481	45.0	0.0	0.0
ScereA	GCT	A	P	0.0	0.727272633113	0.166666666667	0.0192307692308	0.788461538462	0.536082474227	0.0103092783505	1429.0	-1.05495313362	45.0	0.0	0.0
ScereD	GCT	A	P	0.0	0.733766141848	0.166666666667	0.0196078431373	0.78431372549	0.536842105263	0.0105263157895	1429.0	-1.06957989497	45.0	0.0	0.0
ScereE	GCT	A	P	0.0	0.733766141848	0.166666666667	0.0196078431373	0.78431372549	0.53125	0.0104166666667	1429.0	-1.07109360345	45.0	0.0	0.0
DhansA	GCT	A	P	0.0	0.78225798934	0.166666666667	0.0222222222222	0.888888888889	0.656934306569	0.014598540146	2250.0	-0.958515556666	45.0	0.0	0.0
CsalmA	GCC	A	P	0.0	0.0238095196994	0.25	0.142857142857	0.142857142857	0.0583333333333	0.00833333333333	2153.0	-1.36806495264	47.0	0.0	0.001
LnothA	GCA	A	P	0.0	0.780550698761	0.166666666667	0.0277777777778	0.805555555556	0.356435643564	0.019801980198	1429.0	-0.920307122055	44.0	0.0	0.0
LnothA	GCT	A	P	0.0	0.780550698761	0.166666666667	0.0161290322581	0.806451612903	0.613861386139	0.019801980198	1429.0	-1.09220839096	45.0	0.0	0.0
BcustA	GCA	A	P	0.0	0.502380027346	0.2	0.0392156862745	0.764705882353	0.418032786885	0.0245901639344	2247.0	-0.840447575632	44.0	0.0	0.0
BcustA	GCT	A	P	0.0	0.502380027346	0.0909090909091	0.0151515151515	0.772727272727	0.540983606557	0.0245901639344	2247.0	-1.0414269275	45.0	0.0	0.0
AgossA	GCT	A	P	0.0	0.606382978723	0.166666666667	0.0238095238095	0.857142857143	0.777777777778	0.0185185185185	1427.0	-0.907103825137	45.0	0.0	0.0
MingeA	GCA	A	P	0.0	0.824952601041	0.111111111111	0.027027027027	0.783783783784	0.286821705426	0.031007751938	2249.0	-1.0	44.0	0.0	0.0
MingeA	GCT	A	P	0.0	0.824952601041	0.166666666667	0.0340909090909	0.715909090909	0.682170542636	0.031007751938	2249.0	-0.952986179664	45.0	0.0	0.0
ScastA	GCA	A	P	0.0	0.222972919319	0.166666666667	0.0384615384615	0.846153846154	0.295454545455	0.0113636363636	1426.0	-0.83724340176	44.0	0.0	0.0
KmarxA	GCA	A	P	0.0	0.183333293054	1.0	0.125	0.75	0.216216216216	0.027027027027	434.0	-0.455580865604	44.0	0.0	0.129