### Random Forest prediction
genome	codon	ori_aa	rea_aa	fitch	Fisher pval	Gene frac	N. rea	N. used	Cod. count	Sub. count	G. len	codon_lik	id	prediction
Paracentrotus	CGA	R	K	0.0	0.801785645851	0.2	0.0731707317073	0.829268292683	0.539473684211	0.0394736842105	1926.0	1.85304136253	56.0	0.0
Physcomitrella_patens	AGA	R	K	0.0	0.26271182637	0.142857142857	0.0769230769231	0.923076923077	0.206349206349	0.015873015873	1926.0	1.8250728863	8.0	0.0
Schistosoma	CGT	R	K	0.0	0.782051206804	0.111111111111	0.0833333333333	0.666666666667	0.252631578947	0.0210526315789	1800.0	1.46732837055	57.0	0.0
Fasciola	CGT	R	K	0.0	0.862096726582	0.25	0.08	0.68	0.390625	0.046875	1825.0	1.52889944576	57.0	0.0
Fasciola	CGG	R	K	0.0	0.862096726582	0.125	0.0909090909091	0.636363636364	0.171875	0.046875	1825.0	1.26199261993	58.0	0.0
Dunaliella_salina	CGT	R	K	0.0	0.814616691789	0.2	0.0588235294118	0.882352941176	0.472222222222	0.0555555555556	1392.0	1.76315789474	57.0	0.0
Dunaliella_salina	AGA	R	K	0.0	0.814616691789	0.142857142857	0.0769230769231	0.923076923077	0.361111111111	0.0555555555556	1392.0	1.81222056632	8.0	0.0
Patiria	CGA	R	K	0.0	0.0357142844812	0.0909090909091	0.0277777777778	0.944444444444	0.473684210526	0.0394736842105	1926.0	1.8325096101	56.0	0.0
Patiria	AGA	R	K	0.0	0.0357142844812	0.111111111111	0.047619047619	0.047619047619	0.276315789474	0.0394736842105	1926.0	-0.120037807183	8.0	0.0
Patiria	CGT	R	K	0.0	0.0357142844812	0.5	0.5	0.5	0.0263157894737	0.0394736842105	1926.0	2.53465346535	57.0	0.0
Chaetosphaeridium_globosum	CGA	R	K	0.0	0.345996476329	0.1	0.04	0.92	0.416666666667	0.0333333333333	1930.0	1.84418604651	56.0	0.0
Chaetosphaeridium_globosum	AGA	R	K	0.0	0.345996476329	0.25	0.142857142857	0.857142857143	0.116666666667	0.0333333333333	1930.0	2.16338028169	8.0	0.0
Mesostigma_viride	CGA	R	K	0.0	0.867532421798	0.125	0.0555555555556	0.888888888889	0.315789473684	0.0350877192982	1873.0	1.82452193476	56.0	0.0
Mesostigma_viride	CGT	R	K	0.0	0.867532421798	0.111111111111	0.0416666666667	0.958333333333	0.421052631579	0.0350877192982	1873.0	1.92270138324	57.0	0.0
Zea_mays_NB	AGA	R	K	0.0	0.522222172352	0.142857142857	0.0769230769231	0.923076923077	0.265306122449	0.0204081632653	1540.0	1.82944606414	8.0	0.0
Lumbricus	CGA	R	K	0.0	0.866666620633	0.2	0.0769230769231	0.846153846154	0.317073170732	0.0243902439024	1920.0	1.94346829641	56.0	0.0
Halocynthia	AGG	R	K	0.0	0.150030197976	0.0909090909091	0.02	0.04	0.390625	0.0234375	1893.0	-1.23949744798	10.0	0.0
Halocynthia	CGG	R	K	0.0	0.150030197976	0.166666666667	0.125	0.875	0.0625	0.0234375	1893.0	1.98034398034	58.0	0.0
Halocynthia	CGA	R	K	0.0	0.150030197976	0.125	0.0625	0.8125	0.125	0.0234375	1893.0	1.65967940814	56.0	0.0
Limulus	AGG	R	K	0.0	1.36255401625e-06	1.0	0.714285714286	0.0	0.0804597701149	0.0689655172414	1919.0	3.15789473684	10.0	1.0
Limulus	CGT	R	K	0.0	1.36255401625e-06	0.166666666667	0.0769230769231	0.769230769231	0.149425287356	0.0689655172414	1919.0	1.69817073171	57.0	0.0
Bracteacoccus_aerius	CGC	R	K	0.0	0.791666594739	0.125	0.05	0.95	0.357142857143	0.0178571428571	1789.0	1.82013685239	59.0	0.0
Oryza_sativa_I2	AGA	R	K	0.0	0.274509763303	0.142857142857	0.0833333333333	0.916666666667	0.218181818182	0.0181818181818	1693.0	1.81072555205	8.0	0.0
Pycnococcus_provasolii	AGA	R	K	0.0	0.00845864499411	0.333333333333	0.333333333333	0.666666666667	0.101694915254	0.0338983050847	1930.0	2.42857142857	8.0	0.0
Polytoma_uvella	CGC	R	K	0.0	0.744959589366	0.333333333333	0.0833333333333	0.875	0.705882352941	0.0588235294118	1394.0	1.8072	59.0	0.0
Axinella	CGT	R	K	0.0	0.198113184747	0.2	0.142857142857	0.857142857143	0.12962962963	0.0185185185185	1924.0	2.03234501348	57.0	0.0
Prototheca_wickerhamii	CGA	R	K	0.0	0.0964912129275	0.2	0.2	0.8	0.0862068965517	0.0172413793103	1924.0	1.80608365019	56.0	0.0
Terebratulina	CGA	R	K	0.0	0.0587418997343	0.0909090909091	0.0263157894737	0.947368421053	0.452380952381	0.0238095238095	1915.0	1.91553701773	56.0	0.0
Terebratulina	AGA	R	K	0.0	0.0587418997343	0.125	0.0344827586207	0.0	0.345238095238	0.0238095238095	1915.0	-0.68130405855	8.0	0.0
Chlorokybus_atmophyticus	AGA	R	K	0.0	0.293103406607	0.125	0.0714285714286	0.928571428571	0.237288135593	0.0169491525424	1930.0	1.91274238227	8.0	0.0
Bfloridae	CGA	R	K	0.0	0.52016126596	0.166666666667	0.0666666666667	0.866666666667	0.428571428571	0.0571428571429	1192.0	1.57800511509	56.0	0.0
Bfloridae	CGT	R	K	0.0	0.52016126596	0.25	0.2	0.8	0.142857142857	0.0571428571429	1192.0	2.2955465587	57.0	0.0
Katharina	CGC	R	K	0.0	0.00264270521867	0.25	0.2	0.8	0.0602409638554	0.0240963855422	1917.0	2.33203125	59.0	0.0
Katharina	AGA	R	K	0.0	0.00264270521867	0.1	0.03125	0.0	0.385542168675	0.0240963855422	1917.0	-0.793622141998	8.0	0.0
Geodia	CGT	R	K	0.0	0.0980392021469	0.5	0.25	0.75	0.0754716981132	0.0188679245283	1925.0	2.0502283105	57.0	0.0
Metridium	AGA	R	K	0.0	0.794117575977	0.111111111111	0.047619047619	0.952380952381	0.396226415094	0.0188679245283	1928.0	1.88443170965	8.0	0.0
Chlamydomonas_reinhardtii	CGT	R	K	0.0	0.66129020564	0.166666666667	0.0434782608696	0.869565217391	0.676470588235	0.0294117647059	1389.0	1.64030612245	57.0	0.0
Chara_vulgaris	AGA	R	K	0.0	0.255367219935	0.285714285714	0.125	0.875	0.266666666667	0.0333333333333	1930.0	1.82644628099	8.0	0.0
Acropora	CGG	R	K	0.0	0.326530591107	0.25	0.166666666667	0.833333333333	0.12	0.02	1926.0	2.07073954984	58.0	0.0
Marchantia_polymorpha	AGA	R	K	0.0	0.550847413739	0.166666666667	0.0666666666667	0.933333333333	0.254237288136	0.0169491525424	1930.0	1.86323713927	8.0	0.0
Trichinella	AGA	R	K	0.0	0.0227596007247	0.1	0.0238095238095	0.0	0.446808510638	0.0212765957447	1883.0	-0.663712686567	8.0	0.0
Trichinella	CGG	R	K	0.0	0.0227596007247	0.5	0.25	0.75	0.0425531914894	0.0212765957447	1883.0	2.21287128713	58.0	0.0
Bracteacoccus_minor	CGC	R	K	0.0	0.128205083942	0.166666666667	0.0833333333333	0.75	0.210526315789	0.0175438596491	1686.0	1.13945578231	59.0	0.0
Chromochloris_zofingiensis	AGG	R	K	0.0	0.0841733782914	0.125	0.0454545454545	0.0	0.289473684211	0.0394736842105	1522.0	-1.4709042077	10.0	0.0
Chromochloris_zofingiensis	CGT	R	K	0.0	0.0841733782914	0.2	0.0689655172414	0.724137931034	0.381578947368	0.0394736842105	1522.0	1.22680412371	57.0	0.0
Balanoglossus	CGA	R	K	0.0	0.196428560297	0.111111111111	0.0357142857143	0.928571428571	0.451612903226	0.0483870967742	1926.0	1.86357142857	56.0	0.0
Balanoglossus	CGC	R	K	0.0	0.196428560297	0.125	0.0833333333333	0.833333333333	0.193548387097	0.0483870967742	1926.0	1.82077051926	59.0	0.0
Balanoglossus	CGT	R	K	0.0	0.196428560297	0.25	0.142857142857	0.428571428571	0.112903225806	0.0483870967742	1926.0	0.641873278237	57.0	0.0
Drosophila	CGT	R	K	0.0	0.142857107627	0.166666666667	0.1	0.9	0.121951219512	0.0121951219512	1919.0	2.05653021442	57.0	0.0
Sorghum_bicolor	AGA	R	K	0.0	0.85135130003	0.166666666667	0.0909090909091	0.909090909091	0.268292682927	0.0243902439024	1275.0	1.83448275862	8.0	0.0
Myxine	CGT	R	K	0.0	0.302325549279	0.2	0.125	0.875	0.181818181818	0.0227272727273	1919.0	2.02926829268	57.0	0.0
Ciona	AGA	R	K	0.0	0.162020896901	0.0909090909091	0.00970873786408	0.0194174757282	0.565934065934	0.010989010989	1891.0	-1.5479036236	8.0	0.0
Ciona	CGT	R	K	0.0	0.162020896901	0.142857142857	0.0625	0.875	0.0879120879121	0.010989010989	1891.0	1.90036900369	57.0	0.0
Epigonichthys	CGA	R	K	0.0	0.891428533944	0.111111111111	0.05	0.9	0.30303030303	0.030303030303	1918.0	1.892	56.0	0.0
Epigonichthys	CGT	R	K	0.0	0.891428533944	0.166666666667	0.0714285714286	0.928571428571	0.212121212121	0.030303030303	1918.0	1.95768688293	57.0	0.0
Daphnia	AGA	R	K	0.0	0.0567346912001	0.1	0.0357142857143	0.0	0.363636363636	0.025974025974	1916.0	-0.704688593422	8.0	0.0
Daphnia	CGT	R	K	0.0	0.0567346912001	0.1	0.0526315789474	0.947368421053	0.246753246753	0.025974025974	1916.0	1.98959417274	57.0	0.0
Zea_mays_s	AGA	R	K	0.0	0.532608646866	0.142857142857	0.0769230769231	0.923076923077	0.26	0.02	1605.0	1.82944606414	8.0	0.0
Homo	CGC	R	K	0.0	0.306818115121	0.1	0.0588235294118	0.941176470588	0.386363636364	0.0227272727273	1920.0	2.00572737686	59.0	0.0
Blanceolatum	CGA	R	K	0.0	0.449999948212	0.2	0.111111111111	0.888888888889	0.243243243243	0.027027027027	1187.0	1.89473684211	56.0	0.0
Saccoglossus	CGC	R	K	0.0	0.281914884036	0.166666666667	0.125	0.875	0.150943396226	0.0566037735849	1924.0	2.115	59.0	0.0
Saccoglossus	CGT	R	K	0.0	0.281914884036	0.222222222222	0.117647058824	0.823529411765	0.320754716981	0.0566037735849	1924.0	1.80671296296	57.0	0.0
Nephroselmis_olivacea	CGA	R	K	0.0	0.767241298949	0.0909090909091	0.037037037037	0.962962962963	0.465517241379	0.0172413793103	1929.0	1.85964912281	56.0	0.0

### Alignment improvement:
AGG	Lys	2.90e-02
