### Random Forest prediction
genome	codon	ori_aa	rea_aa	fitch	Fisher_pval	Gene_frac	N._rea	N._used	Cod._count	Sub._count	G._len	codon_lik	id	prediction	probability
Schistosoma	CTC	L	G	0.0	0.107376449411	0.5	0.333333333333	0.666666666667	0.015873015873	0.010582010582	1325.0	-1.62931034483	55.0	0.0	0.007
Schistosoma	TTA	L	G	0.0	0.107376449411	0.0833333333333	0.00952380952381	0.609523809524	0.555555555556	0.010582010582	1325.0	-3.30242231466	20.0	0.0	0.0
Fasciola	CTT	L	G	0.0	0.275600997582	0.111111111111	0.04	0.56	0.12077294686	0.0144927536232	1332.0	-3.06811145511	53.0	0.0	0.0
Fasciola	TTA	L	G	0.0	0.275600997582	0.1	0.0232558139535	0.744186046512	0.207729468599	0.0144927536232	1332.0	-3.41334127457	20.0	0.0	0.0
Fasciola	TTG	L	G	0.0	0.275600997582	0.0833333333333	0.00787401574803	0.677165354331	0.613526570048	0.0144927536232	1332.0	-3.47057638049	22.0	0.0	0.0
Trichobilharzia_regenti	TTA	L	G	0.0	0.53145123384	0.166666666667	0.021978021978	0.637362637363	0.455	0.01	1324.0	-3.29554995802	20.0	0.0	0.0
Versteria_mustelae	TTA	L	G	0.0	0.263835239396	0.2	0.027397260274	0.739726027397	0.361386138614	0.00990099009901	1328.0	-3.42967379867	20.0	0.0	0.0
Euseius_nicholsi	TTA	L	G	0.0	0.682692198141	0.0909090909091	0.00884955752212	0.867256637168	0.627777777778	0.00555555555556	1296.0	-3.54399457136	20.0	0.0	0.0
Haplorchis_taichui	TTA	L	G	0.0	0.220859453465	0.3	0.0576923076923	0.692307692308	0.253658536585	0.0146341463415	1320.0	-3.20954254796	20.0	0.0	0.0
Halocynthia	TTA	L	G	0.0	0.728070081554	0.0909090909091	0.00909090909091	0.836363636364	0.541871921182	0.00492610837438	1348.0	-3.57372093023	20.0	0.0	0.0
Echinococcus_equinus	CTG	L	G	0.0	0.0549273721188	0.25	0.25	0.5	0.0197044334975	0.00985221674877	1331.0	-2.19108280255	54.0	0.0	0.0
Echinococcus_equinus	TTG	L	G	0.0	0.0549273721188	0.0833333333333	0.00813008130081	0.715447154472	0.605911330049	0.00985221674877	1331.0	-3.39762796504	22.0	0.0	0.0
Taenia_crassiceps	CTT	L	G	0.0	0.277531939148	0.142857142857	0.0714285714286	0.714285714286	0.0682926829268	0.019512195122	1333.0	-3.02568807339	53.0	0.0	0.0
Taenia_crassiceps	TTA	L	G	0.0	0.277531939148	0.166666666667	0.025	0.675	0.585365853659	0.019512195122	1333.0	-3.3285198556	20.0	0.0	0.0
Tetrancistrum_nebulosi	TTA	L	G	0.0	0.75746260283	0.0833333333333	0.010989010989	0.703296703297	0.486631016043	0.00534759358289	1333.0	-3.51439051919	20.0	0.0	0.0
Trichinella	TTA	L	G	0.0	0.289649243796	0.272727272727	0.0491803278689	0.72131147541	0.311224489796	0.0255102040816	1343.0	-3.22142857143	20.0	0.0	0.0
Trichinella	TTG	L	G	0.0	0.289649243796	0.4	0.0625	0.8125	0.163265306122	0.0255102040816	1343.0	-3.1937007874	22.0	0.0	0.0
Pseudogarypus_banksi	TTA	L	G	0.0	0.778508695459	0.166666666667	0.016393442623	0.819672131148	0.648936170213	0.0106382978723	1347.0	-3.48155909472	20.0	0.0	0.0
Benedenia_hoshinai	TTA	L	G	0.0	0.697916562371	0.0833333333333	0.00806451612903	0.693548387097	0.629441624365	0.00507614213198	1333.0	-3.48757249379	20.0	0.0	0.0
Ciona	CTT	L	G	0.0	0.185557449747	0.1	0.04	0.84	0.128205128205	0.0102564102564	1348.0	-3.16785350966	53.0	0.0	0.0
Ciona	CTA	L	G	0.0	0.185557449747	0.111111111111	0.0357142857143	0.857142857143	0.14358974359	0.0102564102564	1348.0	-3.33665158371	52.0	0.0	0.0
Caenorhabditis	TTA	L	G	0.0	0.790154452936	0.166666666667	0.0165289256198	0.793388429752	0.636842105263	0.0105263157895	1346.0	-3.52176682948	20.0	0.0	0.0
Ascidiella_aspersa	CTA	L	G	0.0	0.328227032325	0.125	0.047619047619	0.809523809524	0.116022099448	0.0110497237569	1350.0	-3.2628992629	52.0	0.0	0.0
Ascidiella_aspersa	TTA	L	G	0.0	0.328227032325	0.1	0.0217391304348	0.804347826087	0.254143646409	0.0110497237569	1350.0	-3.47283813747	20.0	0.0	0.0