### Random Forest prediction
genome	codon	ori_aa	rea_aa	fitch	Fisher_pval	Gene_frac	N._rea	N._used	Cod._count	Sub._count	G._len	codon_lik	id	prediction	probability
Metaseiulus_occidentalis	GGA	G	A	0.0	0.779411688547	0.142857142857	0.0217391304348	0.95652173913	0.442307692308	0.00961538461538	1280.0	0.0523943661972	40.0	0.0	0.0
Paracentrotus	GGG	G	A	2.0	0.280991707004	0.142857142857	0.05	0.95	0.162601626016	0.00813008130081	1351.0	0.0443037974684	42.0	0.0	0.0
Aphrocallistes_vastus	GGA	G	A	0.0	0.18315905363	0.0833333333333	0.0227272727273	0.943181818182	0.814814814815	0.0277777777778	1349.0	0.0478286384977	40.0	0.0	0.0
Aphrocallistes_vastus	GGC	G	A	0.0	0.18315905363	0.25	0.166666666667	0.833333333333	0.0555555555556	0.0277777777778	1349.0	0.255411255411	43.0	0.0	0.0
Schistosoma	GGT	G	A	0.0	0.620920716309	0.3	0.0952380952381	0.777777777778	0.594339622642	0.0849056603774	1325.0	0.240619902121	41.0	0.0	0.0
Schistosoma	GGG	G	A	0.0	0.620920716309	0.125	0.0416666666667	0.75	0.22641509434	0.0849056603774	1325.0	-0.0138592750533	42.0	0.0	0.0
Schistosoma	GGA	G	A	0.0	0.620920716309	0.4	0.125	0.5625	0.150943396226	0.0849056603774	1325.0	0.249196141479	40.0	0.0	0.0
Fasciola	GGT	G	A	0.0	0.679303837908	0.272727272727	0.0491803278689	0.754098360656	0.580952380952	0.0571428571429	1332.0	0.0185889311365	41.0	0.0	0.0
Fasciola	GGG	G	A	0.0	0.679303837908	0.222222222222	0.0769230769231	0.820512820513	0.371428571429	0.0571428571429	1332.0	0.148123765635	42.0	0.0	0.0
Trichobilharzia_regenti	GGT	G	A	0.0	0.639556941645	0.4	0.108108108108	0.72972972973	0.627118644068	0.0847457627119	1324.0	0.181912681913	41.0	0.0	0.0
Trichobilharzia_regenti	GGG	G	A	0.0	0.639556941645	0.2	0.0571428571429	0.685714285714	0.296610169492	0.0847457627119	1324.0	0.211424332344	42.0	0.0	0.0
Versteria_mustelae	GGT	G	A	0.0	0.576359024128	0.272727272727	0.0519480519481	0.792207792208	0.754901960784	0.0588235294118	1328.0	0.116644385027	41.0	0.0	0.0
Versteria_mustelae	GGG	G	A	0.0	0.576359024128	0.142857142857	0.0666666666667	0.8	0.147058823529	0.0588235294118	1328.0	0.152512998267	42.0	0.0	0.0
Versteria_mustelae	GGA	G	A	0.0	0.576359024128	0.142857142857	0.111111111111	0.888888888889	0.0882352941176	0.0588235294118	1328.0	0.277620396601	40.0	0.0	0.0
Euseius_nicholsi	GGA	G	A	0.0	0.504901904934	0.125	0.0294117647059	0.941176470588	0.326923076923	0.00961538461538	1296.0	0.0994684889901	40.0	0.0	0.0
Patiria	GGT	G	A	2.0	0.198347084611	0.142857142857	0.0588235294118	0.882352941176	0.138211382114	0.00813008130081	1351.0	0.225416036309	41.0	0.0	0.0
Daphnia	GGG	G	A	0.0	0.818002724075	0.166666666667	0.0289855072464	0.942028985507	0.507352941176	0.0294117647059	1351.0	0.115198810851	42.0	0.0	0.0
Daphnia	GGA	G	A	0.0	0.818002724075	0.125	0.0322580645161	0.935483870968	0.227941176471	0.0294117647059	1351.0	0.0107260726073	40.0	0.0	0.0
Daphnia	GGC	G	A	0.0	0.818002724075	0.1	0.047619047619	0.857142857143	0.154411764706	0.0294117647059	1351.0	0.0855018587361	43.0	0.0	0.0
Haplorchis_taichui	GGT	G	A	0.0	0.299906922053	0.25	0.0882352941176	0.794117647059	0.293103448276	0.051724137931	1320.0	0.255513307985	41.0	0.0	0.0
Haplorchis_taichui	GGG	G	A	0.0	0.299906922053	0.1	0.0175438596491	0.684210526316	0.491379310345	0.051724137931	1320.0	-0.0987821380244	42.0	0.0	0.0
Haplorchis_taichui	GGA	G	A	0.0	0.299906922053	0.142857142857	0.0714285714286	0.785714285714	0.120689655172	0.051724137931	1320.0	0.129151291513	40.0	0.0	0.0
Haplorchis_taichui	GGC	G	A	0.0	0.299906922053	0.25	0.0909090909091	0.636363636364	0.0948275862069	0.051724137931	1320.0	-0.120092378753	43.0	0.0	0.0
Lumbricus	GGG	G	A	0.0	0.819672068889	0.1	0.0227272727273	0.977272727273	0.360655737705	0.00819672131148	1350.0	0.0471204188482	42.0	0.0	0.0
Halocynthia	GGT	G	A	0.0	0.496848078491	0.3	0.0714285714286	0.785714285714	0.518518518519	0.0493827160494	1348.0	0.059399877526	41.0	0.0	0.0
Halocynthia	GGA	G	A	0.0	0.496848078491	0.125	0.0625	0.8125	0.197530864198	0.0493827160494	1348.0	0.0876623376623	40.0	0.0	0.0
Limulus	GGG	G	A	0.0	0.407258026928	0.125	0.037037037037	0.962962962963	0.216	0.008	1351.0	0.129367327668	42.0	0.0	0.0
Echinococcus_equinus	GGT	G	A	0.0	0.0446613194551	0.2	0.031746031746	0.825396825397	0.605769230769	0.0673076923077	1331.0	0.0113867425783	41.0	0.0	0.0
Echinococcus_equinus	GGG	G	A	0.0	0.0446613194551	0.222222222222	0.125	0.75	0.230769230769	0.0673076923077	1331.0	0.259698275862	42.0	0.0	0.0
Echinococcus_equinus	GGA	G	A	0.0	0.0446613194551	0.166666666667	0.0769230769231	0.769230769231	0.125	0.0673076923077	1331.0	0.20675944334	40.0	0.0	0.0
Echinococcus_equinus	GGC	G	A	0.0	0.0446613194551	0.333333333333	0.25	0.25	0.0384615384615	0.0673076923077	1331.0	-0.078431372549	43.0	0.0	0.0
Taenia_crassiceps	GGT	G	A	0.0	0.212099669566	0.2	0.0344827586207	0.879310344828	0.59793814433	0.0618556701031	1333.0	0.114564831261	41.0	0.0	0.0
Taenia_crassiceps	GGG	G	A	0.0	0.212099669566	0.111111111111	0.0625	0.75	0.164948453608	0.0618556701031	1333.0	0.0288461538462	42.0	0.0	0.0
Taenia_crassiceps	GGA	G	A	0.0	0.212099669566	0.285714285714	0.142857142857	0.714285714286	0.216494845361	0.0618556701031	1333.0	0.267813267813	40.0	0.0	0.0
Axinella	GGA	G	A	1.0	0.0213247981202	0.111111111111	0.0434782608696	0.95652173913	0.1796875	0.015625	1348.0	0.115990990991	40.0	0.0	0.0
Axinella	GGC	G	A	1.0	0.0213247981202	0.142857142857	0.1	0.9	0.078125	0.015625	1348.0	0.179292929293	43.0	0.0	0.0
Terebratulina	GGG	G	A	1.0	0.547796092271	0.125	0.03125	0.96875	0.262295081967	0.016393442623	1351.0	0.0765550239234	42.0	0.0	0.0
Terebratulina	GGA	G	A	1.0	0.547796092271	0.0833333333333	0.0147058823529	0.970588235294	0.55737704918	0.016393442623	1351.0	0.0675572519084	40.0	0.0	0.0
Suberites_domuncula	GGT	G	A	0.0	0.612035222165	0.0909090909091	0.0243902439024	0.926829268293	0.308270676692	0.0300751879699	1351.0	0.0137328339576	41.0	0.0	0.0
Suberites_domuncula	GGG	G	A	0.0	0.612035222165	0.181818181818	0.0555555555556	0.907407407407	0.406015037594	0.0300751879699	1351.0	0.146248812915	42.0	0.0	0.0
Bfloridae	GGG	G	A	0.0	0.79285707134	0.111111111111	0.0322580645161	0.903225806452	0.424657534247	0.013698630137	777.0	0.0081499592502	42.0	0.0	0.061
Katharina	GGT	G	A	0.0	0.101545751871	0.333333333333	0.0909090909091	0.909090909091	0.171875	0.0390625	1348.0	0.239813736903	41.0	0.0	0.0
Katharina	GGA	G	A	0.0	0.101545751871	0.272727272727	0.0697674418605	0.93023255814	0.3359375	0.0390625	1348.0	0.260895522388	40.0	0.0	0.0
Geodia	GGT	G	A	0.0	0.00907613105437	0.2	0.0625	0.875	0.240601503759	0.0375939849624	1350.0	0.1808	41.0	0.0	0.0
Geodia	GGG	G	A	0.0	0.00907613105437	0.111111111111	0.027027027027	0.891891891892	0.278195488722	0.0375939849624	1350.0	-0.00416088765603	42.0	0.0	0.0
Geodia	GGC	G	A	0.0	0.00907613105437	0.5	0.2	0.7	0.0751879699248	0.0375939849624	1350.0	0.466321243523	43.0	0.0	0.002
Metridium	GGT	G	A	2.0	0.425629731926	0.1	0.0526315789474	0.947368421053	0.292307692308	0.0153846153846	1351.0	0.078125	41.0	0.0	0.0
Amphimedon_queenslandica	GGT	G	A	0.0	0.0304327285039	0.285714285714	0.125	0.875	0.123076923077	0.0230769230769	1351.0	0.346215780998	41.0	0.0	0.0
Amphimedon_queenslandica	GGA	G	A	0.0	0.0304327285039	0.1	0.037037037037	0.888888888889	0.207692307692	0.0230769230769	1351.0	0.0293560606061	40.0	0.0	0.0
Tetrancistrum_nebulosi	GGT	G	A	0.0	0.455459083561	0.111111111111	0.0769230769231	0.717948717949	0.382352941176	0.0588235294118	1333.0	0.126582278481	41.0	0.0	0.0
Tetrancistrum_nebulosi	GGG	G	A	0.0	0.455459083561	0.1	0.030303030303	0.757575757576	0.323529411765	0.0588235294118	1333.0	-0.0504658385093	42.0	0.0	0.0
Tetrancistrum_nebulosi	GGA	G	A	0.0	0.455459083561	0.1	0.0416666666667	0.958333333333	0.235294117647	0.0588235294118	1333.0	0.149572649573	40.0	0.0	0.0
Tetrancistrum_nebulosi	GGC	G	A	0.0	0.455459083561	0.25	0.166666666667	0.833333333333	0.0588235294118	0.0588235294118	1333.0	0.377118644068	43.0	0.0	0.0
Trichinella	GGT	G	A	0.0	0.771089352367	0.142857142857	0.0769230769231	0.846153846154	0.232142857143	0.0446428571429	1343.0	0.0934761441091	41.0	0.0	0.0
Trichinella	GGA	G	A	0.0	0.771089352367	0.222222222222	0.051724137931	0.862068965517	0.517857142857	0.0446428571429	1343.0	0.0739420935412	40.0	0.0	0.0
Balanoglossus	GGA	G	A	0.0	0.611442944281	0.0909090909091	0.0217391304348	0.978260869565	0.365079365079	0.0238095238095	1351.0	0.0782217220034	40.0	0.0	0.0
Balanoglossus	GGC	G	A	0.0	0.611442944281	0.1	0.0571428571429	0.914285714286	0.277777777778	0.0238095238095	1351.0	0.112973760933	43.0	0.0	0.0
Acropora	GGT	G	A	2.0	0.652045596077	0.142857142857	0.0344827586207	0.896551724138	0.214814814815	0.0148148148148	1350.0	0.0541740674956	41.0	0.0	0.0
Acropora	GGG	G	A	2.0	0.652045596077	0.0833333333333	0.0147058823529	0.882352941176	0.503703703704	0.0148148148148	1350.0	-0.0697849867974	42.0	0.0	0.0
Pseudogarypus_banksi	GGA	G	A	0.0	0.240244839732	0.3	0.0588235294118	0.882352941176	0.451327433628	0.0265486725664	1347.0	0.17164556962	40.0	0.0	0.0
Benedenia_hoshinai	GGT	G	A	0.0	0.796856685987	0.4	0.0892857142857	0.767857142857	0.533333333333	0.0666666666667	1333.0	0.0663311985361	41.0	0.0	0.0
Benedenia_hoshinai	GGA	G	A	0.0	0.796856685987	0.125	0.08	0.84	0.238095238095	0.0666666666667	1333.0	0.168041237113	40.0	0.0	0.0
Myxine	GGC	G	A	0.0	0.465217347772	0.1	0.0344827586207	0.965517241379	0.25	0.00862068965517	1350.0	0.0828193832599	43.0	0.0	0.0
Drosophila	GGT	G	A	0.0	0.233313473648	0.25	0.0625	0.9375	0.248062015504	0.0232558139535	1351.0	0.147317854283	41.0	0.0	0.0
Drosophila	GGA	G	A	0.0	0.233313473648	0.0909090909091	0.0111111111111	0.988888888889	0.697674418605	0.0232558139535	1351.0	0.0581162324649	40.0	0.0	0.0
Ciona	GGT	G	A	0.0	0.866666620633	0.125	0.0909090909091	0.818181818182	0.379310344828	0.103448275862	1348.0	0.0254041570439	41.0	0.0	0.0
Ciona	GGA	G	A	0.0	0.866666620633	0.285714285714	0.142857142857	0.785714285714	0.48275862069	0.103448275862	1348.0	0.508226691042	40.0	0.0	0.0
Epigonichthys	GGG	G	A	0.0	0.521653519223	0.0909090909091	0.0185185185185	0.981481481481	0.409090909091	0.0151515151515	1351.0	0.0362077179609	42.0	0.0	0.0
Epigonichthys	GGA	G	A	0.0	0.521653519223	0.142857142857	0.047619047619	0.952380952381	0.159090909091	0.0151515151515	1351.0	0.186813186813	40.0	0.0	0.0
Strigamia_maritima	GGT	G	A	0.0	0.0460975584086	0.285714285714	0.133333333333	0.866666666667	0.115384615385	0.0230769230769	1351.0	0.328813559322	41.0	0.0	0.0
Strigamia_maritima	GGA	G	A	0.0	0.0460975584086	0.111111111111	0.0217391304348	0.95652173913	0.353846153846	0.0230769230769	1351.0	0.0339366515837	40.0	0.0	0.0
Caenorhabditis	GGT	G	A	0.0	0.519109434468	0.166666666667	0.0338983050847	0.881355932203	0.546296296296	0.0277777777778	1346.0	0.112472647702	41.0	0.0	0.0
Caenorhabditis	GGG	G	A	0.0	0.519109434468	0.166666666667	0.0526315789474	0.894736842105	0.175925925926	0.0277777777778	1346.0	0.105548037889	42.0	0.0	0.0
Homo	GGC	G	A	0.0	0.548367389871	0.181818181818	0.0338983050847	0.966101694915	0.479674796748	0.0162601626016	1351.0	0.0423026602704	43.0	0.0	0.0
Ascidiella_aspersa	GGG	G	A	0.0	0.0118100192734	0.111111111111	0.0227272727273	0.840909090909	0.4	0.0454545454545	1350.0	-0.0011641443539	42.0	0.0	0.0
Ascidiella_aspersa	GGA	G	A	0.0	0.0118100192734	0.285714285714	0.142857142857	0.714285714286	0.127272727273	0.0454545454545	1350.0	0.255985267035	40.0	0.0	0.0
Ascidiella_aspersa	GGC	G	A	0.0	0.0118100192734	0.333333333333	0.2	0.8	0.0909090909091	0.0454545454545	1350.0	0.448979591837	43.0	0.0	0.0
Blanceolatum	GGT	G	A	0.0	0.471014440215	0.142857142857	0.0434782608696	0.869565217391	0.319444444444	0.0138888888889	775.0	0.0774263904035	41.0	0.0	0.062
Saccoglossus	GGT	G	A	0.0	0.638731340133	0.1	0.04	0.96	0.193798449612	0.031007751938	1351.0	0.124613800206	41.0	0.0	0.0
Saccoglossus	GGA	G	A	0.0	0.638731340133	0.181818181818	0.0350877192982	0.964912280702	0.441860465116	0.031007751938	1351.0	0.115523465704	40.0	0.0	0.0
Saccoglossus	GGC	G	A	0.0	0.638731340133	0.111111111111	0.05	0.85	0.15503875969	0.031007751938	1351.0	0.0380228136882	43.0	0.0	0.0