### Random Forest prediction
genome	codon	ori_aa	rea_aa	fitch	Fisher pval	Gene frac	N. rea	N. used	Cod. count	Sub. count	G. len	codon_lik	id	prediction
Paracentrotus	ATT	I	A	0.0	0.472222192237	0.0833333333333	0.0140845070423	0.521126760563	0.446540880503	0.0188679245283	1926.0	-0.740801757276	5.0	0.0
Paracentrotus	ATC	I	A	0.0	0.472222192237	0.125	0.0454545454545	0.545454545455	0.138364779874	0.0188679245283	1926.0	-0.76116838488	7.0	0.0
Paracentrotus	ATA	I	A	0.0	0.472222192237	0.0909090909091	0.0151515151515	0.439393939394	0.415094339623	0.0188679245283	1926.0	-0.772486772487	4.0	0.0
Caenorhabditis	ATT	I	A	0.0	0.0860708047179	0.5	0.051724137931	0.413793103448	0.585858585859	0.0555555555556	1865.0	-0.702861952862	5.0	0.0
Caenorhabditis	ATC	I	A	0.0	0.0860708047179	0.333333333333	0.142857142857	0.285714285714	0.0707070707071	0.0555555555556	1865.0	-0.561181434599	7.0	0.0
Caenorhabditis	ATA	I	A	0.0	0.0860708047179	0.25	0.0441176470588	0.0882352941176	0.343434343434	0.0555555555556	1865.0	-0.671848501979	4.0	0.0
Schistosoma	ATT	I	A	0.0	0.447231827713	0.181818181818	0.0483870967742	0.322580645161	0.421768707483	0.0544217687075	1800.0	-0.675911498909	5.0	0.0
Schistosoma	ATC	I	A	0.0	0.447231827713	0.25	0.2	0.5	0.0680272108844	0.0544217687075	1800.0	-0.0806142034549	7.0	0.0
Schistosoma	ATA	I	A	0.0	0.447231827713	0.25	0.04	0.36	0.510204081633	0.0544217687075	1800.0	-0.596339869281	4.0	0.0
Fasciola	ATT	I	A	0.0	0.294860393588	0.5	0.12	0.346666666667	0.707547169811	0.11320754717	1825.0	-0.296517671518	5.0	0.0
Fasciola	ATC	I	A	0.0	0.294860393588	0.25	0.25	0.0	0.0377358490566	0.11320754717	1825.0	0.138888888889	7.0	0.0
Fasciola	ATA	I	A	0.0	0.294860393588	0.25	0.0740740740741	0.296296296296	0.254716981132	0.11320754717	1825.0	-0.348736462094	4.0	0.0
Patiria	ATC	I	A	0.0	0.389238465092	0.1	0.0294117647059	0.529411764706	0.2125	0.03125	1926.0	-0.62962962963	7.0	0.0
Patiria	ATA	I	A	0.0	0.389238465092	0.25	0.0493827160494	0.444444444444	0.50625	0.03125	1926.0	-0.721486038807	4.0	0.0
Pseudendoclonium_akinetum	ATT	I	A	0.0	0.731578854695	0.0909090909091	0.0126582278481	0.632911392405	0.552447552448	0.00699300699301	1930.0	-0.673524369336	5.0	0.0
Lumbricus	ATA	I	A	0.0	7.3610574512e-05	0.25	0.0547945205479	0.0821917808219	0.35960591133	0.0197044334975	1920.0	-0.642421024688	4.0	0.0
Halocynthia	ATT	I	A	0.0	0.681527484622	0.333333333333	0.0487804878049	0.5	0.594202898551	0.0434782608696	1893.0	-0.59437751004	5.0	0.0
Halocynthia	ATA	I	A	0.0	0.681527484622	0.2	0.0408163265306	0.204081632653	0.355072463768	0.0434782608696	1893.0	-0.861652377241	4.0	0.0
Limulus	ATT	I	A	0.0	0.200080163529	0.0833333333333	0.00900900900901	0.504504504505	0.484716157205	0.00873362445415	1919.0	-0.664556962025	5.0	0.0
Limulus	ATA	I	A	0.0	0.200080163529	0.0769230769231	0.0133333333333	0.133333333333	0.327510917031	0.00873362445415	1919.0	-0.878010471204	4.0	0.0
Axinella	ATT	I	A	0.0	0.776698952031	0.0833333333333	0.0149253731343	0.671641791045	0.462068965517	0.00689655172414	1924.0	-0.751009809579	5.0	0.0
Terebratulina	ATT	I	A	0.0	0.000961941901367	0.0909090909091	0.0161290322581	0.451612903226	0.322916666667	0.0208333333333	1915.0	-0.733250620347	5.0	0.0
Terebratulina	ATA	I	A	0.0	0.000961941901367	0.25	0.051724137931	0.0862068965517	0.302083333333	0.0208333333333	1915.0	-0.633656741385	4.0	0.0
Bfloridae	ATT	I	A	2.0	0.371334284273	0.25	0.046511627907	0.441860465116	0.530864197531	0.037037037037	1192.0	-0.68115942029	5.0	0.0
Bfloridae	ATA	I	A	2.0	0.371334284273	0.166666666667	0.0357142857143	0.107142857143	0.345679012346	0.037037037037	1192.0	-0.667805878332	4.0	0.0
Katharina	ATT	I	A	0.0	0.078377462719	0.181818181818	0.0272727272727	0.590909090909	0.555555555556	0.030303030303	1917.0	-0.756067749258	5.0	0.0
Katharina	ATC	I	A	0.0	0.078377462719	0.1	0.0333333333333	0.4	0.151515151515	0.030303030303	1917.0	-0.758419689119	7.0	0.0
Katharina	ATA	I	A	0.0	0.078377462719	0.2	0.0344827586207	0.120689655172	0.292929292929	0.030303030303	1917.0	-0.67288191037	4.0	0.0
Geodia	ATA	I	A	0.0	0.199440056297	0.0909090909091	0.0285714285714	0.571428571429	0.492957746479	0.0140845070423	1925.0	-0.711538461538	4.0	0.0
Metridium	ATT	I	A	0.0	0.44386523195	0.0833333333333	0.012987012987	0.727272727273	0.620967741935	0.0161290322581	1928.0	-0.782168186424	5.0	0.0
Metridium	ATA	I	A	0.0	0.44386523195	0.1	0.0344827586207	0.551724137931	0.233870967742	0.0161290322581	1928.0	-0.643421052632	4.0	0.0
Acropora	ATT	I	A	0.0	0.814869169113	0.0909090909091	0.0153846153846	0.676923076923	0.537190082645	0.0165289256198	1926.0	-0.611225997046	5.0	0.0
Acropora	ATA	I	A	0.0	0.814869169113	0.1	0.0243902439024	0.658536585366	0.338842975207	0.0165289256198	1926.0	-0.852129153018	4.0	0.0
Trichinella	ATT	I	A	0.0	0.00272100473802	0.0769230769231	0.0161290322581	0.387096774194	0.298076923077	0.0769230769231	1883.0	-0.650419124495	5.0	0.0
Trichinella	ATC	I	A	0.0	0.00272100473802	0.5	0.116666666667	0.316666666667	0.288461538462	0.0769230769231	1883.0	-0.330524951393	7.0	0.0
Trichinella	ATA	I	A	0.0	0.00272100473802	0.5	0.093023255814	0.104651162791	0.413461538462	0.0769230769231	1883.0	-0.60054409431	4.0	0.0
Bracteacoccus_minor	ATT	I	A	0.0	0.655172413793	0.111111111111	0.0357142857143	0.678571428571	0.636363636364	0.0227272727273	1686.0	-0.684752747253	5.0	0.0
Balanoglossus	ATT	I	A	0.0	0.813512297081	0.0909090909091	0.027027027027	0.648648648649	0.316239316239	0.017094017094	1926.0	-0.860860329262	5.0	0.0
Balanoglossus	ATC	I	A	0.0	0.813512297081	0.0909090909091	0.015625	0.53125	0.547008547009	0.017094017094	1926.0	-0.783849423194	7.0	0.0
Drosophila	ATT	I	A	0.0	0.000196364882757	0.142857142857	0.0134228187919	0.510067114094	0.628691983122	0.0295358649789	1919.0	-0.74922037422	5.0	0.0
Drosophila	ATA	I	A	0.0	0.000196364882757	0.307692307692	0.0609756097561	0.0731707317073	0.345991561181	0.0295358649789	1919.0	-0.684977310724	4.0	0.0
Myxine	ATT	I	A	0.0	0.165875198398	0.166666666667	0.027397260274	0.493150684932	0.320175438596	0.0219298245614	1919.0	-0.729644268775	5.0	0.0
Myxine	ATC	I	A	0.0	0.165875198398	0.0909090909091	0.0138888888889	0.444444444444	0.315789473684	0.0219298245614	1919.0	-0.738289760349	7.0	0.0
Myxine	ATA	I	A	0.0	0.165875198398	0.181818181818	0.0240963855422	0.0963855421687	0.364035087719	0.0219298245614	1919.0	-0.767420181776	4.0	0.0
Ciona	ATT	I	A	0.0	0.240611896013	0.416666666667	0.0743801652893	0.429752066116	0.537777777778	0.0577777777778	1891.0	-0.545292207792	5.0	0.0
Ciona	ATA	I	A	0.0	0.240611896013	0.333333333333	0.043956043956	0.0989010989011	0.404444444444	0.0577777777778	1891.0	-0.721986417657	4.0	0.0
Epigonichthys	ATT	I	A	0.0	0.0910507790636	0.272727272727	0.0384615384615	0.551282051282	0.4875	0.03125	1918.0	-0.735102653981	5.0	0.0
Epigonichthys	ATA	I	A	0.0	0.0910507790636	0.181818181818	0.0392156862745	0.137254901961	0.31875	0.03125	1918.0	-0.849564228875	4.0	0.0
Daphnia	ATT	I	A	0.0	0.00432432361873	0.0833333333333	0.0121951219512	0.548780487805	0.479532163743	0.0175438596491	1916.0	-0.737364194615	5.0	0.0
Daphnia	ATA	I	A	0.0	0.00432432361873	0.181818181818	0.0540540540541	0.0540540540541	0.216374269006	0.0175438596491	1916.0	-0.706923477356	4.0	0.0
Homo	ATC	I	A	0.0	0.00450762327112	0.0909090909091	0.01	0.49	0.45871559633	0.0183486238532	1920.0	-0.796335996882	7.0	0.0
Homo	ATA	I	A	0.0	0.00450762327112	0.25	0.0483870967742	0.145161290323	0.284403669725	0.0183486238532	1920.0	-0.798253819769	4.0	0.0
Blanceolatum	ATT	I	A	2.0	0.125077238216	0.333333333333	0.0833333333333	0.5	0.461538461538	0.0641025641026	1187.0	-0.584080126516	5.0	0.0
Blanceolatum	ATA	I	A	2.0	0.125077238216	0.142857142857	0.08	0.08	0.320512820513	0.0641025641026	1187.0	-0.56631097561	4.0	0.0
Saccoglossus	ATT	I	A	0.0	0.239662954692	0.0833333333333	0.0133333333333	0.506666666667	0.531914893617	0.0354609929078	1924.0	-0.748005148005	5.0	0.0
Saccoglossus	ATC	I	A	0.0	0.239662954692	0.125	0.037037037037	0.518518518519	0.191489361702	0.0354609929078	1924.0	-0.652958152958	7.0	0.0
Saccoglossus	ATA	I	A	0.0	0.239662954692	0.3	0.0769230769231	0.512820512821	0.276595744681	0.0354609929078	1924.0	-0.517517517518	4.0	0.0

### Alignment improvement:
