### Random Forest prediction
genome	codon	ori_aa	rea_aa	fitch	Fisher pval	Gene frac	N. rea	N. used	Cod. count	Sub. count	G. len	codon_lik	id	prediction
Paracentrotus	ACC	T	M	0.0	0.681081410225	0.142857142857	0.0454545454545	0.454545454545	0.229166666667	0.03125	1926.0	-0.556344276841	15.0	0.0
Paracentrotus	ACA	T	M	0.0	0.681081410225	0.111111111111	0.0444444444444	0.711111111111	0.46875	0.03125	1926.0	-0.513525118076	12.0	0.0
Beta_vulgaris_vulgaris	ACG	T	M	0.0	0.0448717793796	0.166666666667	0.142857142857	0.857142857143	0.0897435897436	0.0128205128205	1539.0	-0.214285714286	14.0	0.0
Phoenix_dactylifera	ACC	T	M	0.0	0.443749946054	0.166666666667	0.04	0.96	0.3125	0.0125	1738.0	-0.669452887538	15.0	0.0
Fasciola	ACT	T	M	0.0	0.611110976846	0.1	0.0232558139535	0.46511627907	0.781818181818	0.0181818181818	1825.0	-0.638268792711	13.0	0.0
Carica_papaya	ACG	T	M	0.0	0.0506328939112	0.166666666667	0.125	0.875	0.101265822785	0.0126582278481	1751.0	-0.30843373494	14.0	0.0
Patiria	ACC	T	M	0.0	0.833238797419	0.1	0.0238095238095	0.666666666667	0.4	0.0380952380952	1926.0	-0.516143911439	15.0	0.0
Patiria	ACA	T	M	0.0	0.833238797419	0.142857142857	0.0689655172414	0.586206896552	0.27619047619	0.0380952380952	1926.0	-0.383851753805	12.0	0.0
Patiria	ACT	T	M	0.0	0.833238797419	0.1	0.04	0.56	0.238095238095	0.0380952380952	1926.0	-0.499234303216	13.0	0.0
Mesostigma_viride	ACA	T	M	0.0	0.761904679701	0.1	0.0222222222222	0.866666666667	0.489130434783	0.0108695652174	1873.0	-0.736752136752	12.0	0.0
Pseudendoclonium_akinetum	ACA	T	M	0.0	0.377049123729	0.1	0.0322580645161	0.612903225806	0.378048780488	0.0121951219512	1930.0	-0.429824561404	12.0	0.0
Lumbricus	ACC	T	M	0.0	0.748923444041	0.125	0.037037037037	0.592592592593	0.245454545455	0.0363636363636	1920.0	-0.722222222222	15.0	0.0
Lumbricus	ACA	T	M	0.0	0.748923444041	0.0909090909091	0.0238095238095	0.547619047619	0.381818181818	0.0363636363636	1920.0	-0.572855197458	12.0	0.0
Lumbricus	ACT	T	M	0.0	0.748923444041	0.2	0.0526315789474	0.552631578947	0.345454545455	0.0363636363636	1920.0	-0.548470710213	13.0	0.0
Limulus	ACT	T	M	0.0	0.336065525661	0.1	0.0416666666667	0.666666666667	0.258064516129	0.010752688172	1919.0	-0.630363036304	13.0	0.0
Axinella	ACT	T	M	0.0	0.781249924476	0.1	0.025	0.85	0.434782608696	0.0108695652174	1924.0	-0.655571635311	13.0	0.0
Terebratulina	ACC	T	M	0.0	0.907948536308	0.125	0.0208333333333	0.5625	0.484848484848	0.030303030303	1915.0	-0.721244371674	15.0	0.0
Terebratulina	ACA	T	M	0.0	0.907948536308	0.142857142857	0.047619047619	0.666666666667	0.212121212121	0.030303030303	1915.0	-0.804162724693	12.0	0.0
Terebratulina	ACT	T	M	0.0	0.907948536308	0.125	0.037037037037	0.518518518519	0.272727272727	0.030303030303	1915.0	-0.619526202441	13.0	0.0
Chlorokybus_atmophyticus	ACT	T	M	0.0	0.801136294978	0.125	0.027027027027	0.918918918919	0.393617021277	0.0106382978723	1930.0	-0.678368611255	13.0	0.0
Beta_vulgaris_maritima	ACG	T	M	0.0	0.0448717793796	0.166666666667	0.142857142857	0.857142857143	0.0897435897436	0.0128205128205	1604.0	-0.214285714286	14.0	0.0
Bfloridae	ACC	T	M	0.0	0.0742753529369	0.2	0.166666666667	0.333333333333	0.117647058824	0.0392156862745	1192.0	0.0	15.0	0.0
Bfloridae	ACG	T	M	0.0	0.0742753529369	0.333333333333	0.125	0.5	0.156862745098	0.0392156862745	1192.0	-0.295348837209	14.0	0.0
Katharina	ACC	T	M	0.0	0.0236652211244	0.25	0.2	0.4	0.0588235294118	0.0352941176471	1917.0	-0.447876447876	15.0	0.0
Katharina	ACA	T	M	0.0	0.0236652211244	0.285714285714	0.0740740740741	0.555555555556	0.317647058824	0.0352941176471	1917.0	-0.647311827957	12.0	0.0
Geodia	ACA	T	M	0.0	0.285585565368	0.181818181818	0.0689655172414	0.827586206897	0.353658536585	0.0243902439024	1925.0	-0.501667778519	12.0	0.0
Metridium	ACA	T	M	0.0	0.363636305347	0.125	0.037037037037	0.925925925926	0.310344827586	0.0114942528736	1928.0	-0.757857142857	12.0	0.0
Acropora	ACG	T	M	0.0	0.219999970078	0.25	0.0714285714286	0.857142857143	0.170731707317	0.0121951219512	1926.0	-0.494459833795	14.0	0.0
Balanoglossus	ACC	T	M	0.0	0.879960276016	0.1	0.0238095238095	0.5	0.403846153846	0.0192307692308	1926.0	-0.588858195212	15.0	0.0
Balanoglossus	ACT	T	M	0.0	0.879960276016	0.142857142857	0.0357142857143	0.75	0.269230769231	0.0192307692308	1926.0	-0.705075445816	13.0	0.0
Drosophila	ACA	T	M	0.0	0.749999913686	0.1	0.0227272727273	0.659090909091	0.435643564356	0.00990099009901	1919.0	-0.806023029229	12.0	0.0
Ciona	ACT	T	M	0.0	0.717391206776	0.1	0.0227272727273	0.568181818182	0.586666666667	0.0133333333333	1891.0	-0.921017402945	13.0	0.0
Epigonichthys	ACA	T	M	0.0	0.936875043439	0.1	0.0322580645161	0.645161290323	0.298076923077	0.0288461538462	1918.0	-0.610406091371	12.0	0.0
Epigonichthys	ACG	T	M	0.0	0.936875043439	0.125	0.0526315789474	0.578947368421	0.182692307692	0.0288461538462	1918.0	-0.617706237425	14.0	0.0
Epigonichthys	ACT	T	M	0.0	0.936875043439	0.1	0.025641025641	0.589743589744	0.375	0.0288461538462	1918.0	-0.797	13.0	0.0
Daphnia	ACT	T	M	0.0	0.404870093439	0.181818181818	0.046511627907	0.558139534884	0.452631578947	0.0210526315789	1916.0	-0.716757741348	13.0	0.0
Homo	ACC	T	M	0.0	0.251866178458	0.0909090909091	0.0212765957447	0.468085106383	0.370078740157	0.0314960629921	1920.0	-0.587795765878	15.0	0.0
Homo	ACA	T	M	0.0	0.251866178458	0.1	0.0169491525424	0.491525423729	0.464566929134	0.0314960629921	1920.0	-0.626223091977	12.0	0.0
Homo	ACT	T	M	0.0	0.251866178458	0.125	0.105263157895	0.526315789474	0.149606299213	0.0314960629921	1920.0	-0.184994861254	13.0	0.0
Blanceolatum	ACT	T	M	0.0	0.863636316556	0.166666666667	0.0526315789474	0.263157894737	0.413043478261	0.0217391304348	1187.0	-0.302325581395	13.0	0.0
Saccoglossus	ACA	T	M	0.0	0.91120633799	0.222222222222	0.0425531914894	0.574468085106	0.379032258065	0.0241935483871	1924.0	-0.404326123128	12.0	0.0
Saccoglossus	ACT	T	M	0.0	0.91120633799	0.1	0.0212765957447	0.510638297872	0.379032258065	0.0241935483871	1924.0	-0.647156496472	13.0	0.0

### Alignment improvement:
