### Random Forest prediction
genome	codon	ori_aa	rea_aa	fitch	Fisher_pval	Gene_frac	N._rea	N._used	Cod._count	Sub._count	G._len	codon_lik	id	prediction	probability
SpombA	AGC	S	D	0.0	0.00877192679602	0.333333333333	0.333333333333	0.0	0.0288461538462	0.00961538461538	1424.0	0.977777777778	11.0	0.0	0.016
CgallA	AGC	S	D	0.0	0.0528479128484	0.5	0.5	0.5	0.0119760479042	0.0119760479042	2247.0	2.73113207547	11.0	0.0	0.035
CgallA	TCA	S	D	0.0	0.0528479128484	0.0833333333333	0.0123456790123	0.777777777778	0.48502994012	0.0119760479042	2247.0	-0.347626540782	28.0	0.0	0.0
CsantA	AGT	S	D	0.0	0.695139765345	0.181818181818	0.025641025641	0.692307692308	0.440677966102	0.0169491525424	2220.0	-0.353810150651	9.0	0.0	0.0
CsantA	TCA	S	D	0.0	0.695139765345	0.125	0.0322580645161	0.741935483871	0.175141242938	0.0169491525424	2220.0	-0.225992534781	28.0	0.0	0.0
CsubhA	TCA	S	D	0.0	0.531249956843	0.0833333333333	0.0232558139535	0.906976744186	0.242937853107	0.00564971751412	2244.0	-0.0609972158947	28.0	0.0	0.0
CsubhB	TCA	S	D	0.0	0.531249956843	0.0833333333333	0.0232558139535	0.906976744186	0.242937853107	0.00564971751412	2244.0	-0.0609972158947	28.0	0.0	0.0
CalaiA	TCT	S	D	0.0	0.135714238858	0.125	0.025	0.925	0.254777070064	0.00636942675159	2056.0	-0.116392114502	29.0	0.0	0.0
MstarA	AGT	S	D	0.0	0.847687511648	0.0833333333333	0.0135135135135	0.756756756757	0.4	0.0108108108108	2249.0	-0.354829034193	9.0	0.0	0.0
MstarA	TCA	S	D	0.0	0.847687511648	0.0909090909091	0.0144927536232	0.739130434783	0.372972972973	0.0108108108108	2249.0	-0.404208542714	28.0	0.0	0.0
CphanA	AGT	S	D	0.0	0.853435063902	0.0833333333333	0.0222222222222	0.844444444444	0.274390243902	0.0121951219512	2247.0	-0.0875893769152	9.0	0.0	0.0
CphanA	TCA	S	D	0.0	0.853435063902	0.0833333333333	0.0117647058824	0.741176470588	0.518292682927	0.0121951219512	2247.0	-0.3871007829	28.0	0.0	0.0
ScryoA	AGT	S	D	0.0	0.169354796945	0.166666666667	0.0322580645161	0.451612903226	0.292452830189	0.00943396226415	1424.0	-0.487618465301	9.0	0.0	0.0
HuvarA	TCA	S	D	0.0	0.771428492513	0.166666666667	0.02	0.62	0.47619047619	0.00952380952381	1361.0	-0.671251193887	28.0	0.0	0.0
CzempA	TCT	S	D	0.0	0.881720389271	0.166666666667	0.0294117647059	0.588235294118	0.309090909091	0.0181818181818	1428.0	-0.497483221477	29.0	0.0	0.0
CzempA	AGT	S	D	0.0	0.881720389271	0.166666666667	0.0263157894737	0.552631578947	0.345454545455	0.0181818181818	1428.0	-0.547511312217	9.0	0.0	0.0
MmagnB	AGC	S	D	0.0	0.11372050178	0.1	0.0454545454545	0.681818181818	0.125	0.0113636363636	2249.0	-0.123726346434	11.0	0.0	0.0
MmagnB	TCA	S	D	0.0	0.11372050178	0.0909090909091	0.0192307692308	0.653846153846	0.295454545455	0.0113636363636	2249.0	-0.47687583957	28.0	0.0	0.0
MmagnA	AGC	S	D	0.0	0.110282440429	0.1	0.05	0.7	0.113636363636	0.0113636363636	2249.0	-0.0340909090909	11.0	0.0	0.0
MmagnA	TCA	S	D	0.0	0.110282440429	0.0909090909091	0.0192307692308	0.653846153846	0.295454545455	0.0113636363636	2249.0	-0.47687583957	28.0	0.0	0.0
MtetrA	TCT	S	D	0.0	0.777114414425	0.111111111111	0.04	0.84	0.147058823529	0.0117647058824	2248.0	0.0429958391123	29.0	0.0	0.0
MtetrA	AGC	S	D	0.0	0.777114414425	0.0833333333333	0.025641025641	0.794871794872	0.229411764706	0.0117647058824	2248.0	-0.25447718082	11.0	0.0	0.0
YlipoB	AGC	S	D	0.0	0.027737401888	1.0	1.0	0.0	0.00609756097561	0.0121951219512	2247.0	5.31818181818	11.0	0.0	0.134
YlipoB	TCA	S	D	0.0	0.027737401888	0.0833333333333	0.0133333333333	0.76	0.457317073171	0.0121951219512	2247.0	-0.336892385502	28.0	0.0	0.0
YlipoA	AGC	S	D	0.0	0.027737401888	1.0	1.0	0.0	0.00609756097561	0.0121951219512	2247.0	5.31818181818	11.0	0.0	0.134
YlipoA	TCA	S	D	0.0	0.027737401888	0.0833333333333	0.0133333333333	0.76	0.457317073171	0.0121951219512	2247.0	-0.336892385502	28.0	0.0	0.0
CalimA	AGT	S	D	0.0	0.853435063902	0.0833333333333	0.0222222222222	0.844444444444	0.271084337349	0.0120481927711	2247.0	-0.105764282038	9.0	0.0	0.0
CalimA	TCA	S	D	0.0	0.853435063902	0.0833333333333	0.0121951219512	0.768292682927	0.493975903614	0.0120481927711	2247.0	-0.334324883601	28.0	0.0	0.0
SoctoA	AGT	S	D	0.0	0.129032213516	0.166666666667	0.03125	0.46875	0.301886792453	0.00943396226415	1425.0	-0.58286224338	9.0	0.0	0.0
CdefoA	AGC	S	D	0.0	0.0182618895038	1.0	1.0	0.0	0.00606060606061	0.0121212121212	2247.0	5.31818181818	11.0	0.0	0.134
CdefoA	TCA	S	D	0.0	0.0182618895038	0.0833333333333	0.0125	0.775	0.484848484848	0.0121212121212	2247.0	-0.299921073402	28.0	0.0	0.0
CsalmA	AGT	S	D	0.0	0.75877184654	0.0909090909091	0.0126582278481	0.683544303797	0.484662576687	0.00613496932515	2153.0	-0.445994976277	9.0	0.0	0.0
MingeA	TCT	S	D	0.0	0.446402850393	0.111111111111	0.0277777777778	0.722222222222	0.194594594595	0.0108108108108	2249.0	-0.312179487179	29.0	0.0	0.0
MingeA	AGT	S	D	0.0	0.446402850393	0.0833333333333	0.013698630137	0.767123287671	0.394594594595	0.0108108108108	2249.0	-0.350007533524	9.0	0.0	0.0