### Random Forest prediction
genome	codon	ori_aa	rea_aa	fitch	Fisher_pval	Gene_frac	N._rea	N._used	Cod._count	Sub._count	G._len	codon_lik	id	prediction	probability
Metaseiulus_occidentalis	TTA	L	A	0.0	0.583850656693	0.1	0.00990099009901	0.910891089109	0.573863636364	0.0113636363636	1280.0	-0.943786236451	20.0	0.0	0.0
Metaseiulus_occidentalis	TTG	L	A	0.0	0.583850656693	0.142857142857	0.0454545454545	0.818181818182	0.125	0.0113636363636	1280.0	-0.910241657077	22.0	0.0	0.0
Schistosoma	TTA	L	A	0.0	0.819545912062	0.25	0.047619047619	0.609523809524	0.555555555556	0.031746031746	1325.0	-0.835331539026	20.0	0.0	0.0
Schistosoma	TTG	L	A	0.0	0.819545912062	0.0833333333333	0.02	0.72	0.26455026455	0.031746031746	1325.0	-0.858606557377	22.0	0.0	0.0
Fasciola	TTA	L	A	0.0	0.490150645562	0.1	0.0232558139535	0.744186046512	0.207729468599	0.00966183574879	1332.0	-0.871351995235	20.0	0.0	0.0
Fasciola	TTG	L	A	0.0	0.490150645562	0.0833333333333	0.00787401574803	0.677165354331	0.613526570048	0.00966183574879	1332.0	-0.988311164853	22.0	0.0	0.0
Trichobilharzia_regenti	TTA	L	A	0.0	0.81317082429	0.0833333333333	0.010989010989	0.637362637363	0.455	0.01	1324.0	-0.951021550518	20.0	0.0	0.0
Trichobilharzia_regenti	TTG	L	A	0.0	0.81317082429	0.0909090909091	0.0114942528736	0.666666666667	0.435	0.01	1324.0	-0.984324164448	22.0	0.0	0.0
Versteria_mustelae	TTA	L	A	0.0	0.656865428526	0.1	0.013698630137	0.739726027397	0.361386138614	0.019801980198	1328.0	-1.00631357418	20.0	0.0	0.0
Versteria_mustelae	TTG	L	A	0.0	0.656865428526	0.25	0.0280373831776	0.719626168224	0.529702970297	0.019801980198	1328.0	-0.878153260352	22.0	0.0	0.0
Euseius_nicholsi	TTA	L	A	0.0	0.870805095591	0.272727272727	0.0265486725664	0.867256637168	0.627777777778	0.0166666666667	1296.0	-0.876046143406	20.0	0.0	0.0
Haplorchis_taichui	CTT	L	A	0.0	0.17744754611	0.181818181818	0.0416666666667	0.541666666667	0.234146341463	0.00975609756098	1320.0	-1.0084835631	53.0	0.0	0.0
Lumbricus	TTG	L	A	0.0	0.0664893534381	0.166666666667	0.111111111111	0.888888888889	0.045	0.005	1350.0	-0.682719546742	22.0	0.0	0.0
Limulus	TTA	L	A	0.0	0.826530552354	0.0909090909091	0.0140845070423	0.943661971831	0.355	0.005	1351.0	-0.95625672284	20.0	0.0	0.0
Echinococcus_equinus	TTG	L	A	0.0	0.47454059555	0.416666666667	0.0406504065041	0.715447154472	0.605911330049	0.0246305418719	1331.0	-0.845401581357	22.0	0.0	0.0
Taenia_crassiceps	TTA	L	A	0.0	0.19653861142	0.166666666667	0.0166666666667	0.675	0.585365853659	0.019512195122	1333.0	-0.906774262051	20.0	0.0	0.0
Taenia_crassiceps	TTG	L	A	0.0	0.19653861142	0.0909090909091	0.015873015873	0.746031746032	0.307317073171	0.019512195122	1333.0	-0.976393976394	22.0	0.0	0.0
Taenia_crassiceps	CTA	L	A	0.0	0.19653861142	0.2	0.2	0.8	0.0243902439024	0.019512195122	1333.0	-0.367346938776	52.0	0.0	0.0
Terebratulina	CTT	L	A	1.0	0.523560164234	0.1	0.0192307692308	0.942307692308	0.254901960784	0.00490196078431	1351.0	-0.922962962963	53.0	0.0	0.0
Katharina	TTA	L	A	0.0	0.747548932448	0.0833333333333	0.00925925925926	0.944444444444	0.502325581395	0.0046511627907	1348.0	-0.951045627376	20.0	0.0	0.0
Amphimedon_queenslandica	TTA	L	A	0.0	0.776315712246	0.0833333333333	0.0108695652174	0.913043478261	0.46	0.005	1351.0	-0.962726008345	20.0	0.0	0.0
Tetrancistrum_nebulosi	CTT	L	A	0.0	0.694582616292	0.125	0.0357142857143	0.714285714286	0.149732620321	0.0106951871658	1333.0	-0.930082796688	53.0	0.0	0.0
Tetrancistrum_nebulosi	TTA	L	A	0.0	0.694582616292	0.0833333333333	0.010989010989	0.703296703297	0.486631016043	0.0106951871658	1333.0	-1.04317155756	20.0	0.0	0.0
Trichinella	CTT	L	A	0.0	0.0403139969509	0.222222222222	0.117647058824	0.588235294118	0.0867346938776	0.0204081632653	1343.0	-0.634036144578	53.0	0.0	0.0
Trichinella	CTA	L	A	0.0	0.0403139969509	0.125	0.015625	0.765625	0.326530612245	0.0204081632653	1343.0	-0.947857720291	52.0	0.0	0.0
Trichinella	CTC	L	A	0.0	0.0403139969509	0.125	0.05	0.7	0.102040816327	0.0204081632653	1343.0	-0.875	55.0	0.0	0.0
Pseudogarypus_banksi	CTA	L	A	0.0	0.153544786653	0.222222222222	0.0869565217391	0.695652173913	0.122340425532	0.0159574468085	1347.0	-0.682593856655	52.0	0.0	0.0
Pseudogarypus_banksi	TTA	L	A	0.0	0.153544786653	0.0833333333333	0.00819672131148	0.819672131148	0.648936170213	0.0159574468085	1347.0	-0.983445096396	20.0	0.0	0.0
Benedenia_hoshinai	TTA	L	A	0.0	0.888241970548	0.25	0.0241935483871	0.693548387097	0.629441624365	0.0152284263959	1333.0	-0.976387738194	20.0	0.0	0.0
Ciona	TTA	L	A	0.0	0.697604686016	0.0833333333333	0.00862068965517	0.862068965517	0.594871794872	0.00512820512821	1348.0	-0.954495250718	20.0	0.0	0.0
Caenorhabditis	TTG	L	A	0.0	0.25666663099	0.0909090909091	0.0294117647059	0.882352941176	0.178947368421	0.00526315789474	1346.0	-0.850678733032	22.0	0.0	0.0