### Random Forest prediction
genome	codon	ori_aa	rea_aa	fitch	Fisher pval	Gene frac	N. rea	N. used	Cod. count	Sub. count	G. len	codon_lik	id	prediction
Paracentrotus	ACT	T	N	0.0	0.324999951089	0.1	0.04	0.64	0.260416666667	0.0104166666667	1926.0	-0.446456692913	13.0	0.0
Caenorhabditis	ACC	T	N	0.0	0.146300942478	0.333333333333	0.25	0.0	0.0481927710843	0.0481927710843	1865.0	1.0303030303	15.0	0.0
Caenorhabditis	ACA	T	N	0.0	0.146300942478	0.222222222222	0.0454545454545	0.454545454545	0.530120481928	0.0481927710843	1865.0	-0.324491600354	12.0	0.0
Caenorhabditis	ACT	T	N	0.0	0.146300942478	0.125	0.0322580645161	0.58064516129	0.373493975904	0.0481927710843	1865.0	-0.349747474747	13.0	0.0
Schistosoma	ACA	T	N	0.0	0.532307658313	0.142857142857	0.125	0.375	0.177777777778	0.0444444444444	1800.0	-0.345679012346	12.0	0.0
Schistosoma	ACT	T	N	0.0	0.532307658313	0.125	0.0357142857143	0.535714285714	0.622222222222	0.0444444444444	1800.0	-0.377793296089	13.0	0.0
Dunaliella_salina	ACT	T	N	0.0	0.779069691165	0.142857142857	0.027027027027	0.486486486486	0.513888888889	0.0138888888889	1392.0	-0.463760504202	13.0	0.0
Patiria	ACC	T	N	0.0	0.783582014833	0.1	0.0238095238095	0.666666666667	0.4	0.00952380952381	1926.0	-0.557195571956	15.0	0.0
Chaetosphaeridium_globosum	ACA	T	N	0.0	0.764705801117	0.111111111111	0.0238095238095	0.928571428571	0.477272727273	0.0113636363636	1930.0	-0.205517241379	12.0	0.0
Lumbricus	ACC	T	N	0.0	0.886983416446	0.125	0.037037037037	0.592592592593	0.245454545455	0.0272727272727	1920.0	-0.427631578947	15.0	0.0
Lumbricus	ACA	T	N	0.0	0.886983416446	0.0909090909091	0.0238095238095	0.547619047619	0.381818181818	0.0272727272727	1920.0	-0.648206990468	12.0	0.0
Lumbricus	ACT	T	N	0.0	0.886983416446	0.1	0.0263157894737	0.552631578947	0.345454545455	0.0272727272727	1920.0	-0.421461897356	13.0	0.0
Halocynthia	ACT	T	N	0.0	0.410730744447	0.125	0.0540540540541	0.702702702703	0.587301587302	0.031746031746	1893.0	0.0664556962025	13.0	0.0
Limulus	ACC	T	N	0.0	0.114754064401	0.166666666667	0.0588235294118	0.647058823529	0.182795698925	0.010752688172	1919.0	-0.299428571429	15.0	0.0
Bracteacoccus_aerius	ACG	T	N	0.0	0.429824509918	0.125	0.0434782608696	0.695652173913	0.294871794872	0.0128205128205	1789.0	-0.0792163543441	14.0	0.0
Polytoma_uvella	ACC	T	N	0.0	0.607142857143	0.166666666667	0.0208333333333	0.666666666667	0.786885245902	0.016393442623	1394.0	-0.546645494244	15.0	0.0
Terebratulina	ACC	T	N	0.0	0.877264715077	0.125	0.0208333333333	0.5625	0.484848484848	0.020202020202	1915.0	-0.465820712239	15.0	0.0
Terebratulina	ACT	T	N	0.0	0.877264715077	0.125	0.037037037037	0.518518518519	0.272727272727	0.020202020202	1915.0	-0.488872936109	13.0	0.0
Chlorokybus_atmophyticus	ACC	T	N	0.0	0.153409053637	0.142857142857	0.047619047619	0.857142857143	0.223404255319	0.0106382978723	1930.0	-0.228805834093	15.0	0.0
Bfloridae	ACA	T	N	0.0	0.853260818903	0.166666666667	0.0588235294118	0.470588235294	0.333333333333	0.0392156862745	1192.0	-0.33409610984	12.0	0.0
Bfloridae	ACT	T	N	0.0	0.853260818903	0.166666666667	0.05	0.4	0.392156862745	0.0392156862745	1192.0	-0.489990467112	13.0	0.0
Katharina	ACC	T	N	0.0	0.0236652211244	0.25	0.2	0.4	0.0588235294118	0.0352941176471	1917.0	-0.046332046332	15.0	0.0
Katharina	ACA	T	N	0.0	0.0236652211244	0.285714285714	0.0740740740741	0.555555555556	0.317647058824	0.0352941176471	1917.0	-0.264516129032	12.0	0.0
Chlamydomonas_reinhardtii	ACT	T	N	0.0	0.328457446809	0.285714285714	0.0408163265306	0.571428571429	0.644736842105	0.0263157894737	1389.0	-0.355339805825	13.0	0.0
Acropora	ACT	T	N	0.0	0.759999917139	0.111111111111	0.025	0.875	0.487804878049	0.0121951219512	1926.0	0.0125786163522	13.0	0.0
Trichinella	ACA	T	N	0.0	0.719999903329	0.125	0.0149253731343	0.402985074627	0.563025210084	0.00840336134454	1883.0	-0.787456445993	12.0	0.0
Bracteacoccus_minor	ACC	T	N	1.0	0.813953424139	0.142857142857	0.0384615384615	0.576923076923	0.320987654321	0.0123456790123	1686.0	-0.551492537313	15.0	0.0
Chromochloris_zofingiensis	ACC	T	N	0.0	0.272604567893	0.166666666667	0.142857142857	0.428571428571	0.0921052631579	0.0263157894737	1522.0	0.0379403794038	15.0	0.0
Chromochloris_zofingiensis	ACT	T	N	0.0	0.272604567893	0.111111111111	0.025	0.525	0.526315789474	0.0263157894737	1522.0	-0.431640625	13.0	0.0
Balanoglossus	ACC	T	N	0.0	0.67261901371	0.1	0.0238095238095	0.5	0.403846153846	0.0192307692308	1926.0	-0.720994475138	15.0	0.0
Balanoglossus	ACA	T	N	0.0	0.67261901371	0.1	0.037037037037	0.62962962963	0.259615384615	0.0192307692308	1926.0	-0.551724137931	12.0	0.0
Drosophila	ACT	T	N	0.0	0.429508158423	0.0909090909091	0.037037037037	0.5	0.534653465347	0.019801980198	1919.0	-0.259763525618	13.0	0.0
Myxine	ACA	T	N	1.0	0.732932673136	0.25	0.0487804878049	0.487804878049	0.376146788991	0.0275229357798	1919.0	-0.658310120706	12.0	0.0
Myxine	ACT	T	N	1.0	0.732932673136	0.1	0.0294117647059	0.617647058824	0.311926605505	0.0275229357798	1919.0	-0.384041331803	13.0	0.0
Epigonichthys	ACG	T	N	0.0	0.709090885913	0.125	0.0526315789474	0.578947368421	0.182692307692	0.0192307692308	1918.0	-0.311871227364	14.0	0.0
Epigonichthys	ACT	T	N	0.0	0.709090885913	0.1	0.025641025641	0.589743589744	0.375	0.0192307692308	1918.0	-0.21	13.0	0.0
Homo	ACC	T	N	0.0	0.666208758486	0.181818181818	0.0425531914894	0.468085106383	0.370078740157	0.0236220472441	1920.0	-0.382316313823	15.0	0.0
Homo	ACA	T	N	0.0	0.666208758486	0.1	0.0169491525424	0.491525423729	0.464566929134	0.0236220472441	1920.0	-0.705805609915	12.0	0.0
Blanceolatum	ACA	T	N	0.0	0.916996018773	0.2	0.0833333333333	0.5	0.260869565217	0.0434782608696	1187.0	0.0341463414634	12.0	0.0
Blanceolatum	ACT	T	N	0.0	0.916996018773	0.166666666667	0.0526315789474	0.263157894737	0.413043478261	0.0434782608696	1187.0	-0.812015503876	13.0	0.0
Saccoglossus	ACC	T	N	0.0	0.914268188404	0.125	0.0384615384615	0.5	0.209677419355	0.0241935483871	1924.0	-0.590771558245	15.0	0.0
Saccoglossus	ACA	T	N	0.0	0.914268188404	0.111111111111	0.0212765957447	0.574468085106	0.379032258065	0.0241935483871	1924.0	-0.762479201331	12.0	0.0
Saccoglossus	ACT	T	N	0.0	0.914268188404	0.1	0.0212765957447	0.510638297872	0.379032258065	0.0241935483871	1924.0	-0.660855126609	13.0	0.0

### Alignment improvement:
