### Random Forest prediction
genome	codon	ori_aa	rea_aa	fitch	Fisher pval	Gene frac	N. rea	N. used	Cod. count	Sub. count	G. len	codon_lik	id	prediction
Paracentrotus	CTA	L	F	0.0	0.868075371071	0.166666666667	0.025641025641	0.961538461538	0.371428571429	0.0142857142857	1436.0	0.252711496746	52.0	0.0
Paracentrotus	TTA	L	F	0.0	0.868075371071	0.0909090909091	0.0243902439024	0.975609756098	0.195238095238	0.0142857142857	1436.0	0.268242548818	20.0	0.0
Schistosoma	CTG	L	F	0.0	0.690521013515	0.2	0.125	0.375	0.0446927374302	0.100558659218	1278.0	-0.39898989899	54.0	0.0
Schistosoma	CTA	L	F	0.0	0.690521013515	0.166666666667	0.111111111111	0.666666666667	0.0502793296089	0.100558659218	1278.0	0.640186915888	52.0	0.0
Schistosoma	TTA	L	F	0.0	0.690521013515	0.636363636364	0.12	0.58	0.558659217877	0.100558659218	1278.0	0.343277310924	20.0	0.0
Schistosoma	TTG	L	F	0.0	0.690521013515	0.333333333333	0.0909090909091	0.636363636364	0.245810055866	0.100558659218	1278.0	0.230181470869	22.0	0.0
Fasciola	CTG	L	F	0.0	0.140310198425	0.5	0.5	0.5	0.020202020202	0.0757575757576	1341.0	2.1875	54.0	0.0
Fasciola	TTA	L	F	0.0	0.140310198425	0.2	0.0512820512821	0.666666666667	0.19696969697	0.0757575757576	1341.0	0.147311827957	20.0	0.0
Fasciola	TTG	L	F	0.0	0.140310198425	0.5	0.0866141732283	0.622047244094	0.641414141414	0.0757575757576	1341.0	0.182058920887	22.0	0.0
Patiria	CTA	L	F	0.0	0.670139394501	0.153846153846	0.0277777777778	0.930555555556	0.318584070796	0.0176991150442	1534.0	0.253428741801	52.0	0.0
Patiria	TTA	L	F	0.0	0.670139394501	0.0833333333333	0.0434782608696	0.95652173913	0.203539823009	0.0176991150442	1534.0	0.374420759963	20.0	0.0
Lumbricus	CTT	L	F	0.0	0.504999212671	0.0909090909091	0.0227272727273	0.931818181818	0.204651162791	0.0093023255814	1525.0	0.276657060519	53.0	0.0
Lumbricus	TTA	L	F	0.0	0.504999212671	0.0833333333333	0.0185185185185	0.888888888889	0.251162790698	0.0093023255814	1525.0	0.105845181675	20.0	0.0
Halocynthia	CTT	L	F	0.0	0.450002374455	0.166666666667	0.0714285714286	0.642857142857	0.0714285714286	0.0255102040816	1418.0	0.151515151515	53.0	0.0
Halocynthia	TTA	L	F	0.0	0.450002374455	0.272727272727	0.029702970297	0.811881188119	0.515306122449	0.0255102040816	1418.0	0.135394901797	20.0	0.0
Halocynthia	TTG	L	F	0.0	0.450002374455	0.0833333333333	0.0142857142857	0.842857142857	0.357142857143	0.0255102040816	1418.0	0.18	22.0	0.0
Limulus	TTA	L	F	0.0	0.696078341138	0.181818181818	0.025974025974	0.961038961039	0.36320754717	0.0141509433962	1521.0	0.258563535912	20.0	0.0
Limulus	TTG	L	F	0.0	0.696078341138	0.166666666667	0.03125	0.96875	0.150943396226	0.0141509433962	1521.0	0.303664921466	22.0	0.0
Caenorhabditis	TTA	L	F	0.0	0.291796051431	0.333333333333	0.0610687022901	0.732824427481	0.648514851485	0.0594059405941	1433.0	0.156901041667	20.0	0.0
Caenorhabditis	CTG	L	F	0.0	0.291796051431	0.5	0.5	0.5	0.00990099009901	0.0594059405941	1433.0	1.80434782609	54.0	0.0
Caenorhabditis	TTG	L	F	0.0	0.291796051431	0.272727272727	0.0833333333333	0.833333333333	0.178217821782	0.0594059405941	1433.0	0.500595947557	22.0	0.0
Axinella	CTT	L	F	0.0	0.121434722749	0.1	0.0740740740741	0.888888888889	0.131067961165	0.0242718446602	1523.0	0.369668246445	53.0	0.0
Axinella	TTA	L	F	0.0	0.121434722749	0.0833333333333	0.00793650793651	0.960317460317	0.611650485437	0.0242718446602	1523.0	0.202918221921	20.0	0.0
Axinella	TTG	L	F	0.0	0.121434722749	0.2	0.0588235294118	0.882352941176	0.165048543689	0.0242718446602	1523.0	0.313506815366	22.0	0.0
Terebratulina	CTT	L	F	0.0	0.520622466421	0.181818181818	0.04	0.92	0.238095238095	0.0333333333333	1487.0	0.265410958904	53.0	0.0
Terebratulina	CTA	L	F	0.0	0.520622466421	0.333333333333	0.0666666666667	0.92	0.357142857143	0.0333333333333	1487.0	0.5181200453	52.0	0.0
Bfloridae	TTA	L	F	0.0	0.810126516724	0.1	0.016393442623	0.967213114754	0.371951219512	0.00609756097561	875.0	0.317361111111	20.0	0.0
Katharina	TTA	L	F	0.0	0.741626705054	0.0833333333333	0.00892857142857	0.955357142857	0.51376146789	0.0045871559633	1515.0	0.191653786708	20.0	0.0
Geodia	CTT	L	F	0.0	0.00552885833504	0.285714285714	0.125	0.8125	0.0765550239234	0.0239234449761	1524.0	0.445910290237	53.0	0.0
Geodia	TTG	L	F	0.0	0.00552885833504	0.3	0.09375	0.84375	0.153110047847	0.0239234449761	1524.0	0.484210526316	22.0	0.0
Metridium	CTT	L	F	0.0	0.0828151606867	0.1	0.0285714285714	0.885714285714	0.160550458716	0.0229357798165	1534.0	0.145631067961	53.0	0.0
Metridium	CTC	L	F	0.0	0.0828151606867	0.2	0.125	0.75	0.0366972477064	0.0229357798165	1534.0	0.317204301075	55.0	0.0
Metridium	TTA	L	F	0.0	0.0828151606867	0.0909090909091	0.00833333333333	0.975	0.550458715596	0.0229357798165	1534.0	0.192088382038	20.0	0.0
Metridium	TTG	L	F	0.0	0.0828151606867	0.222222222222	0.0645161290323	0.903225806452	0.142201834862	0.0229357798165	1534.0	0.357823129252	22.0	0.0
Acropora	CTG	L	F	0.0	0.152348973829	0.25	0.125	0.75	0.0373831775701	0.018691588785	1532.0	0.489690721649	54.0	0.0
Acropora	TTA	L	F	0.0	0.152348973829	0.230769230769	0.0348837209302	0.906976744186	0.401869158879	0.018691588785	1532.0	0.24001996008	20.0	0.0
Trichinella	CTT	L	F	0.0	0.231268646889	0.142857142857	0.0625	0.5	0.0893854748603	0.0782122905028	1259.0	-0.467362924282	53.0	0.0
Trichinella	TTA	L	F	0.0	0.231268646889	0.4	0.0877192982456	0.736842105263	0.31843575419	0.0782122905028	1259.0	0.492262343405	20.0	0.0
Trichinella	TTG	L	F	0.0	0.231268646889	0.2	0.05	0.8	0.111731843575	0.0782122905028	1259.0	0.0305676855895	22.0	0.0
Trichinella	CTA	L	F	0.0	0.231268646889	0.5	0.0454545454545	0.742424242424	0.368715083799	0.0782122905028	1259.0	0.14734144779	52.0	0.0
Trichinella	CTC	L	F	0.0	0.231268646889	0.375	0.2	0.6	0.111731843575	0.0782122905028	1259.0	0.582978723404	55.0	0.0
Balanoglossus	CTT	L	F	0.0	0.624556076764	0.0909090909091	0.0172413793103	0.98275862069	0.234817813765	0.0080971659919	1534.0	0.307863501484	53.0	0.0
Balanoglossus	CTA	L	F	0.0	0.624556076764	0.0909090909091	0.0149253731343	0.910447761194	0.271255060729	0.0080971659919	1534.0	0.191270860077	52.0	0.0
Drosophila	TTA	L	F	0.0	0.0837734283718	0.166666666667	0.0103092783505	0.958762886598	0.858407079646	0.0132743362832	1523.0	0.242137673191	20.0	0.0
Drosophila	TTG	L	F	0.0	0.0837734283718	0.2	0.166666666667	0.833333333333	0.0265486725664	0.0132743362832	1523.0	1.20138888889	22.0	0.0
Myxine	CTT	L	F	0.0	0.507524554407	0.0769230769231	0.0192307692308	0.980769230769	0.237442922374	0.0456621004566	1533.0	0.273995077933	53.0	0.0
Myxine	CTG	L	F	0.0	0.507524554407	0.125	0.0833333333333	0.916666666667	0.0547945205479	0.0456621004566	1533.0	0.409893992933	54.0	0.0
Myxine	CTA	L	F	0.0	0.507524554407	0.2	0.0625	0.8125	0.219178082192	0.0456621004566	1533.0	0.315227070347	52.0	0.0
Myxine	CTC	L	F	0.0	0.507524554407	0.3	0.0810810810811	0.864864864865	0.168949771689	0.0456621004566	1533.0	0.419928825623	55.0	0.0
Myxine	TTA	L	F	0.0	0.507524554407	0.166666666667	0.031746031746	0.952380952381	0.287671232877	0.0456621004566	1533.0	0.255563047876	20.0	0.0
Ciona	CTC	L	F	0.0	0.222524133555	0.25	0.2	0.8	0.0255102040816	0.0255102040816	1411.0	0.879310344828	55.0	0.0
Ciona	TTA	L	F	0.0	0.222524133555	0.272727272727	0.0260869565217	0.808695652174	0.586734693878	0.0255102040816	1411.0	0.0403255641879	20.0	0.0
Ciona	TTG	L	F	0.0	0.222524133555	0.125	0.0434782608696	0.695652173913	0.117346938776	0.0255102040816	1411.0	0.0635514018692	22.0	0.0
Saccoglossus	CTG	L	F	0.0	0.0305608972017	0.2	0.166666666667	0.833333333333	0.0247933884298	0.00826446280992	1532.0	1.06474820144	54.0	0.0
Saccoglossus	TTA	L	F	0.0	0.0305608972017	0.0909090909091	0.0138888888889	0.930555555556	0.297520661157	0.00826446280992	1532.0	0.199167657551	20.0	0.0
Daphnia	CTT	L	F	0.0	0.608047022856	0.1	0.0192307692308	0.942307692308	0.232142857143	0.00892857142857	1517.0	0.271534044299	53.0	0.0
Daphnia	CTA	L	F	0.0	0.608047022856	0.111111111111	0.027027027027	0.918918918919	0.165178571429	0.00892857142857	1517.0	0.164733178654	52.0	0.0
Homo	CTG	L	F	1.0	0.251391957499	0.142857142857	0.0666666666667	0.933333333333	0.0657894736842	0.0131578947368	1533.0	0.578034682081	54.0	0.0
Homo	CTA	L	F	1.0	0.251391957499	0.0833333333333	0.00934579439252	0.971962616822	0.469298245614	0.0131578947368	1533.0	0.200883889112	52.0	0.0
Homo	TTA	L	F	1.0	0.251391957499	0.0909090909091	0.0344827586207	0.965517241379	0.127192982456	0.0131578947368	1533.0	0.368960468521	20.0	0.0
Blanceolatum	TTA	L	F	0.0	0.791390656454	0.1	0.0151515151515	0.939393939394	0.423076923077	0.00641025641026	839.0	0.325447570332	20.0	0.0
Epigonichthys	CTA	L	F	0.0	0.442404812216	0.222222222222	0.0555555555556	0.916666666667	0.152542372881	0.0169491525424	1522.0	0.364294330519	52.0	0.0
Epigonichthys	TTA	L	F	0.0	0.442404812216	0.166666666667	0.019801980198	0.940594059406	0.427966101695	0.0169491525424	1522.0	0.229855810008	20.0	0.0

### Alignment improvement:
