### Random Forest prediction
genome	codon	ori_aa	rea_aa	fitch	Fisher pval	Gene frac	N. rea	N. used	Cod. count	Sub. count	G. len	codon_lik	id	prediction
Paracentrotus	TTC	F	L	0.0	0.354274198269	0.272727272727	0.0869565217391	0.891304347826	0.348484848485	0.0606060606061	1436.0	0.30260707635	23.0	0.0
Paracentrotus	TTT	F	L	0.0	0.354274198269	0.333333333333	0.046511627907	0.93023255814	0.651515151515	0.0606060606061	1436.0	0.247991967871	21.0	0.0
Schistosoma	TTC	F	L	0.0	0.801163224396	0.2	0.125	0.5	0.0747663551402	0.168224299065	1278.0	0.0104166666667	23.0	0.0
Schistosoma	TTT	F	L	0.0	0.801163224396	0.818181818182	0.171717171717	0.464646464646	0.92523364486	0.168224299065	1278.0	0.295685279188	21.0	0.0
Fasciola	TTC	F	L	0.0	0.77972027972	0.25	0.166666666667	0.333333333333	0.046511627907	0.162790697674	1341.0	0.0921985815603	23.0	0.0
Fasciola	TTT	F	L	0.0	0.77972027972	0.818181818182	0.162601626016	0.447154471545	0.953488372093	0.162790697674	1341.0	0.122316865417	21.0	0.0
Patiria	TTC	F	L	0.0	0.612196937692	0.3	0.051724137931	0.931034482759	0.408450704225	0.0633802816901	1534.0	0.229459659511	23.0	0.0
Patiria	TTT	F	L	0.0	0.612196937692	0.5	0.0714285714286	0.880952380952	0.591549295775	0.0633802816901	1534.0	0.300103305785	21.0	0.0
Lumbricus	TTC	F	L	0.0	0.65668516171	0.3	0.0816326530612	0.877551020408	0.357664233577	0.0948905109489	1525.0	0.328646748682	23.0	0.0
Lumbricus	TTT	F	L	0.0	0.65668516171	0.5	0.102272727273	0.852272727273	0.642335766423	0.0948905109489	1525.0	0.370857699805	21.0	0.0
Halocynthia	TTT	F	L	0.0	0.780754794856	0.666666666667	0.159722222222	0.680555555556	0.96	0.153333333333	1418.0	0.502509595512	21.0	0.0
Limulus	TTC	F	L	0.0	0.191974805074	0.111111111111	0.0217391304348	0.934782608696	0.333333333333	0.0579710144928	1521.0	0.144859813084	23.0	0.0
Limulus	TTT	F	L	0.0	0.191974805074	0.4	0.0760869565217	0.847826086957	0.666666666667	0.0579710144928	1521.0	0.335810496981	21.0	0.0
Caenorhabditis	TTC	F	L	0.0	0.842373627727	0.333333333333	0.181818181818	0.727272727273	0.0748299319728	0.163265306122	1433.0	0.45867768595	23.0	0.0
Caenorhabditis	TTT	F	L	0.0	0.842373627727	0.909090909091	0.161764705882	0.632352941176	0.925170068027	0.163265306122	1433.0	0.305710738672	21.0	0.0
Axinella	TTC	F	L	0.0	0.0785283895594	0.428571428571	0.272727272727	0.727272727273	0.0769230769231	0.111888111888	1523.0	0.972440944882	23.0	0.0
Axinella	TTT	F	L	0.0	0.0785283895594	0.666666666667	0.0984848484848	0.825757575758	0.923076923077	0.111888111888	1523.0	0.256085686465	21.0	0.0
Terebratulina	TTC	F	L	0.0	0.279746656464	0.181818181818	0.027397260274	0.890410958904	0.593495934959	0.0406504065041	1487.0	0.146370023419	23.0	0.0
Terebratulina	TTT	F	L	0.0	0.279746656464	0.333333333333	0.06	0.88	0.406504065041	0.0406504065041	1487.0	0.276505513147	21.0	0.0
Bfloridae	TTC	F	L	2.0	0.464176362523	0.25	0.0952380952381	0.857142857143	0.283783783784	0.0675675675676	875.0	0.308333333333	23.0	0.0
Bfloridae	TTT	F	L	2.0	0.464176362523	0.25	0.0566037735849	0.905660377358	0.716216216216	0.0675675675676	875.0	0.3147566719	21.0	0.0
Katharina	TTC	F	L	0.0	0.800503898603	0.125	0.0625	0.75	0.115942028986	0.0797101449275	1515.0	0.212435233161	23.0	0.0
Katharina	TTT	F	L	0.0	0.800503898603	0.545454545455	0.0819672131148	0.877049180328	0.884057971014	0.0797101449275	1515.0	0.296991150442	21.0	0.0
Geodia	TTT	F	L	0.0	0.0852446986326	0.583333333333	0.125	0.8	0.851063829787	0.106382978723	1524.0	0.382574399426	21.0	0.0
Metridium	TTC	F	L	0.0	0.851046340865	0.125	0.0645161290323	0.838709677419	0.215277777778	0.0763888888889	1534.0	0.253835425384	23.0	0.0
Metridium	TTT	F	L	0.0	0.851046340865	0.454545454545	0.0796460176991	0.823008849558	0.784722222222	0.0763888888889	1534.0	0.202651515152	21.0	0.0
Acropora	TTC	F	L	0.0	0.0230854784014	0.666666666667	0.363636363636	0.636363636364	0.0748299319728	0.122448979592	1532.0	1.04980842912	23.0	0.0
Acropora	TTT	F	L	0.0	0.0230854784014	0.583333333333	0.102941176471	0.816176470588	0.925170068027	0.122448979592	1532.0	0.314429741651	21.0	0.0
Trichinella	TTC	F	L	0.0	0.229465438165	0.428571428571	0.0588235294118	0.823529411765	0.495145631068	0.0873786407767	1259.0	0.193765796125	23.0	0.0
Trichinella	TTT	F	L	0.0	0.229465438165	0.3	0.115384615385	0.615384615385	0.504854368932	0.0873786407767	1259.0	0.0233682514102	21.0	0.0
Balanoglossus	TTC	F	L	0.0	0.763327370304	0.0909090909091	0.0121951219512	0.975609756098	0.625954198473	0.0152671755725	1534.0	0.154818325434	23.0	0.0
Balanoglossus	TTT	F	L	0.0	0.763327370304	0.0909090909091	0.0204081632653	0.979591836735	0.374045801527	0.0152671755725	1534.0	0.192844677138	21.0	0.0
Drosophila	TTT	F	L	0.0	0.700755193524	0.25	0.0423728813559	0.915254237288	0.907692307692	0.0384615384615	1523.0	0.210909090909	21.0	0.0
Myxine	TTC	F	L	0.0	0.412382057408	0.555555555556	0.0961538461538	0.865384615385	0.388059701493	0.0746268656716	1533.0	0.268495428096	23.0	0.0
Myxine	TTT	F	L	0.0	0.412382057408	0.363636363636	0.0609756097561	0.890243902439	0.611940298507	0.0746268656716	1533.0	0.245046923879	21.0	0.0
Ciona	TTC	F	L	0.0	0.262729016026	0.571428571429	0.238095238095	0.666666666667	0.146853146853	0.153846153846	1411.0	0.839679358717	23.0	0.0
Ciona	TTT	F	L	0.0	0.262729016026	0.636363636364	0.139344262295	0.704918032787	0.853146853147	0.153846153846	1411.0	0.346273830156	21.0	0.0
Saccoglossus	TTC	F	L	0.0	0.476726611317	0.222222222222	0.0625	0.875	0.233576642336	0.043795620438	1532.0	0.166666666667	23.0	0.0
Saccoglossus	TTT	F	L	0.0	0.476726611317	0.181818181818	0.0380952380952	0.942857142857	0.766423357664	0.043795620438	1532.0	0.245213849287	21.0	0.0
Daphnia	TTC	F	L	0.0	0.58825361905	0.2	0.047619047619	0.904761904762	0.308823529412	0.0661764705882	1517.0	0.136874361593	23.0	0.0
Daphnia	TTT	F	L	0.0	0.58825361905	0.363636363636	0.0744680851064	0.882978723404	0.691176470588	0.0661764705882	1517.0	0.322565969063	21.0	0.0
Homo	TTC	F	L	0.0	0.411432369558	0.3	0.0375	0.9375	0.650406504065	0.0243902439024	1533.0	0.161307609861	23.0	0.0
Blanceolatum	TTC	F	L	2.0	0.827432829598	0.285714285714	0.0909090909091	0.909090909091	0.328358208955	0.0746268656716	839.0	0.419776119403	23.0	0.0
Blanceolatum	TTT	F	L	2.0	0.827432829598	0.375	0.0666666666667	0.888888888889	0.671641791045	0.0746268656716	839.0	0.291390728477	21.0	0.0
Epigonichthys	TTC	F	L	0.0	0.309882422514	0.2	0.075	0.9	0.300751879699	0.0526315789474	1522.0	0.230107526882	23.0	0.0
Epigonichthys	TTT	F	L	0.0	0.309882422514	0.272727272727	0.0430107526882	0.94623655914	0.699248120301	0.0526315789474	1522.0	0.264133456905	21.0	0.0

### Alignment improvement:
