### Random Forest prediction
genome	codon	ori_aa	rea_aa	fitch	Fisher pval	Gene frac	N. rea	N. used	Cod. count	Sub. count	G. len	codon_lik	id	prediction
LmeyeA	ACA	T	S	0.0	0.629032258065	0.142857142857	0.0204081632653	0.918367346939	0.753846153846	0.0153846153846	1456.0	0.909090909091	12.0	0.0
SpombA	ACA	T	S	0.0	0.847860784754	0.333333333333	0.0833333333333	0.583333333333	0.380952380952	0.0952380952381	1452.0	0.267599660729	12.0	0.0
SpombA	ACT	T	S	0.0	0.847860784754	0.666666666667	0.105263157895	0.657894736842	0.603174603175	0.0952380952381	1452.0	0.891504329004	13.0	0.0
SpastA	ACA	T	S	0.0	0.745901551616	0.166666666667	0.0294117647059	0.882352941176	0.515151515152	0.0151515151515	1456.0	0.918967587035	12.0	0.0
AacerA	ACT	T	S	2.0	0.335632183908	0.5	0.111111111111	0.833333333333	0.5625	0.0625	643.0	1.2065337763	13.0	0.0
CgigaA	ACC	T	S	0.0	0.114751680808	0.125	0.0238095238095	0.809523809524	0.461538461538	0.021978021978	1879.0	0.672024889811	15.0	0.0
CgigaA	ACA	T	S	0.0	0.114751680808	0.25	0.2	0.8	0.0549450549451	0.021978021978	1879.0	1.44522144522	12.0	0.0
CsantA	ACA	T	S	0.0	0.000718061526548	0.333333333333	0.0769230769231	0.653846153846	0.504854368932	0.0776699029126	2073.0	0.615553602812	12.0	0.0
CsantA	ACG	T	S	0.0	0.000718061526548	0.666666666667	0.6	0.0	0.0485436893204	0.0776699029126	2073.0	1.9958677686	14.0	0.0
CsantA	ACT	T	S	0.0	0.000718061526548	0.1	0.0232558139535	0.720930232558	0.417475728155	0.0776699029126	2073.0	0.437266417512	13.0	0.0
CtropB	ACT	T	S	0.0	0.157328952125	0.333333333333	0.1	0.875	0.408163265306	0.0408163265306	2101.0	1.0524103139	13.0	0.0
CtropA	ACT	T	S	0.0	0.235838174607	0.333333333333	0.0952380952381	0.880952380952	0.428571428571	0.0408163265306	2101.0	1.03882195448	13.0	0.0
WpijpA	ACA	T	S	0.0	0.110576414595	0.142857142857	0.0196078431373	0.843137254902	0.728571428571	0.0428571428571	1456.0	0.713566827697	12.0	0.0
WpijpA	ACT	T	S	0.0	0.110576414595	0.166666666667	0.105263157895	0.842105263158	0.271428571429	0.0428571428571	1456.0	1.20540540541	13.0	0.0
BarxA	ACA	T	S	1.0	0.71875	1.0	0.0625	0.5	0.615384615385	0.0384615384615	442.0	0.574029126214	12.0	0.0
CsubhA	ACC	T	S	2.0	0.910305768103	0.25	0.0487804878049	0.878048780488	0.422680412371	0.0309278350515	2098.0	1.02740112994	15.0	0.0
CsubhA	ACA	T	S	2.0	0.910305768103	0.111111111111	0.03125	0.9375	0.329896907216	0.0309278350515	2098.0	0.911293074036	12.0	0.0
CsubhB	ACC	T	S	2.0	0.910305768103	0.25	0.0487804878049	0.878048780488	0.422680412371	0.0309278350515	2098.0	1.02740112994	15.0	0.0
CsubhB	ACA	T	S	2.0	0.910305768103	0.111111111111	0.03125	0.9375	0.329896907216	0.0309278350515	2098.0	0.911293074036	12.0	0.0
OanguA	ACC	T	S	0.0	0.443904406364	0.333333333333	0.166666666667	0.666666666667	0.0560747663551	0.0560747663551	2101.0	0.730508474576	15.0	0.0
OanguA	ACA	T	S	0.0	0.443904406364	0.222222222222	0.0416666666667	0.770833333333	0.448598130841	0.0560747663551	2101.0	0.684078467153	12.0	0.0
OanguA	ACT	T	S	0.0	0.443904406364	0.3	0.0576923076923	0.769230769231	0.485981308411	0.0560747663551	2101.0	0.874828060523	13.0	0.0
SarboA	ACA	T	S	0.0	0.71186440678	0.142857142857	0.027027027027	0.891891891892	0.596774193548	0.0161290322581	1456.0	0.926405733186	12.0	0.0
CcastA	ACT	T	S	0.0	0.3392732355	0.333333333333	0.0571428571429	0.828571428571	0.564516129032	0.0322580645161	1455.0	0.75382803298	13.0	0.0
KtherA	ACT	T	S	0.0	0.16393442623	0.2	0.047619047619	0.904761904762	0.328125	0.015625	1456.0	0.886922320551	13.0	0.0
CblacA	ACT	T	S	0.0	0.666666666667	1.0	0.0714285714286	0.928571428571	0.666666666667	0.047619047619	442.0	1.09229701596	13.0	0.0
CnorvA	ACA	T	S	0.0	0.844458567033	0.3	0.0576923076923	0.826923076923	0.559139784946	0.0537634408602	2101.0	0.741286863271	12.0	0.0
CnorvA	ACT	T	S	0.0	0.844458567033	0.111111111111	0.0512820512821	0.846153846154	0.41935483871	0.0537634408602	2101.0	1.1205193339	13.0	0.0
CviswA	ACA	T	S	0.0	0.827489421506	0.111111111111	0.0238095238095	0.952380952381	0.428571428571	0.030612244898	2101.0	0.940010857763	12.0	0.0
CviswA	ACT	T	S	0.0	0.827489421506	0.1	0.0392156862745	0.901960784314	0.520408163265	0.030612244898	2101.0	0.949133718347	13.0	0.0
MstarA	ACA	T	S	0.0	0.278456418266	0.333333333333	0.0769230769231	0.75	0.52	0.05	2101.0	0.941780821918	12.0	0.0
MstarA	ACT	T	S	0.0	0.278456418266	0.111111111111	0.0208333333333	0.833333333333	0.48	0.05	2101.0	0.733826688947	13.0	0.0
NbaciA	ACA	T	S	0.0	0.0042449783137	0.571428571429	0.185185185185	0.703703703704	0.397058823529	0.0735294117647	1455.0	1.20984357116	12.0	0.0
LstarA	ACA	T	S	0.0	0.552523714472	0.125	0.0789473684211	0.684210526316	0.422222222222	0.0555555555556	1779.0	0.74369266055	12.0	0.0
LstarA	ACT	T	S	0.0	0.552523714472	0.25	0.04	0.78	0.555555555556	0.0555555555556	1779.0	0.716352779054	13.0	0.0
MfariA	ACA	T	S	0.0	0.471303665747	0.125	0.025	0.975	0.421052631579	0.0421052631579	2101.0	1.01209082866	12.0	0.0
MfariA	ACT	T	S	0.0	0.471303665747	0.0909090909091	0.0545454545455	0.927272727273	0.578947368421	0.0421052631579	2101.0	1.02853648594	13.0	0.0
MfariB	ACT	T	S	0.0	0.198924731183	0.111111111111	0.0263157894737	0.947368421053	0.4	0.0105263157895	2101.0	1.00991365526	13.0	0.0
CalaiA	ACA	T	S	0.0	0.476867799515	0.125	0.025	0.975	0.444444444444	0.0444444444444	1905.0	1.05739910314	12.0	0.0
CalaiA	ACT	T	S	0.0	0.476867799515	0.333333333333	0.0612244897959	0.877551020408	0.544444444444	0.0444444444444	1905.0	0.961478163494	13.0	0.0
LanspB	ACA	T	S	0.0	0.65	0.142857142857	0.0222222222222	0.911111111111	0.714285714286	0.015873015873	1456.0	0.924892216928	12.0	0.0
CphanA	ACA	T	S	0.0	0.872894396211	0.416666666667	0.115384615385	0.666666666667	0.728971962617	0.11214953271	2100.0	0.746016076717	12.0	0.0
CphanA	ACT	T	S	0.0	0.872894396211	0.375	0.103448275862	0.793103448276	0.271028037383	0.11214953271	2100.0	1.02687713311	13.0	0.0
LanspA	ACA	T	S	0.0	0.680327868852	0.142857142857	0.025	0.95	0.634920634921	0.015873015873	1456.0	0.940876656473	12.0	0.0
CsojaA	ACA	T	S	0.0	0.467706180878	0.333333333333	0.0606060606061	0.939393939394	0.452054794521	0.041095890411	1435.0	1.07807196198	12.0	0.0
CsojaA	ACT	T	S	0.0	0.467706180878	0.125	0.0263157894737	0.947368421053	0.520547945205	0.041095890411	1435.0	0.962367320682	13.0	0.0
CglabA	ACA	T	S	0.0	0.0791459884202	0.428571428571	0.105263157895	0.815789473684	0.542857142857	0.0571428571429	1439.0	1.13915158065	12.0	0.0
ScryoA	ACA	T	S	0.0	0.38602616451	0.571428571429	0.166666666667	0.633333333333	0.428571428571	0.1	1454.0	0.81241473397	12.0	0.0
ScryoA	ACT	T	S	0.0	0.38602616451	0.333333333333	0.0540540540541	0.621621621622	0.528571428571	0.1	1454.0	0.454220511411	13.0	0.0
CneerA	ACC	T	S	0.0	0.331923351087	0.5	0.25	0.75	0.0416666666667	0.0520833333333	2101.0	1.63209876543	15.0	0.0
CneerA	ACA	T	S	0.0	0.331923351087	0.25	0.0526315789474	0.921052631579	0.395833333333	0.0520833333333	2101.0	0.966350565922	12.0	0.0
CneerA	ACT	T	S	0.0	0.331923351087	0.2	0.0377358490566	0.924528301887	0.552083333333	0.0520833333333	2101.0	0.929048954065	13.0	0.0
CsakeA	ACA	T	S	0.0	0.19237434867	0.333333333333	0.0526315789474	0.912280701754	0.57	0.03	2065.0	0.957984866587	12.0	0.0
HuvarA	ACA	T	S	0.0	0.836890309643	0.333333333333	0.136363636364	0.545454545455	0.372881355932	0.118644067797	1397.0	0.620998116761	12.0	0.0
HuvarA	ACT	T	S	0.0	0.836890309643	0.5	0.114285714286	0.485714285714	0.593220338983	0.118644067797	1397.0	0.412980209546	13.0	0.0
KlactA	ACA	T	S	0.0	0.666666666667	0.166666666667	0.0217391304348	0.891304347826	0.676470588235	0.0147058823529	1434.0	0.865777777778	12.0	0.0
CzempA	ACA	T	S	0.0	0.869320732839	0.5	0.117647058824	0.647058823529	0.5	0.102941176471	1455.0	0.62022269034	12.0	0.0
CzempA	ACT	T	S	0.0	0.869320732839	0.6	0.0909090909091	0.636363636364	0.485294117647	0.102941176471	1455.0	0.791588785047	13.0	0.0
CfrijA	ACA	T	S	0.0	0.808405063084	0.1	0.025	0.95	0.416666666667	0.03125	2101.0	0.900534441805	12.0	0.0
CfrijA	ACT	T	S	0.0	0.808405063084	0.111111111111	0.0377358490566	0.924528301887	0.552083333333	0.03125	2101.0	0.978746014878	13.0	0.0
CgallA	ACA	T	S	0.0	0.642304259908	0.416666666667	0.112676056338	0.633802816901	0.657407407407	0.111111111111	2101.0	0.666923076923	12.0	0.0
CgallA	ACT	T	S	0.0	0.642304259908	0.4	0.108108108108	0.810810810811	0.342592592593	0.111111111111	2101.0	1.0501650165	13.0	0.0
PpastA	ACA	T	S	0.0	0.669630642955	0.181818181818	0.0240963855422	0.819277108434	0.813725490196	0.0196078431373	2101.0	0.598043268568	12.0	0.0
SjapoA	ACA	T	S	0.0	0.911417661292	0.333333333333	0.111111111111	0.777777777778	0.123287671233	0.13698630137	1450.0	1.03359462486	12.0	0.0
SjapoA	ACT	T	S	0.0	0.911417661292	0.714285714286	0.152542372881	0.542372881356	0.808219178082	0.13698630137	1450.0	0.772529196444	13.0	0.0
CalbiE	ACA	T	S	0.0	0.808841397416	0.25	0.05	0.9	0.46511627907	0.0697674418605	1101.0	0.921145153189	12.0	0.0
CalbiE	ACT	T	S	0.0	0.808841397416	0.25	0.0909090909091	0.909090909091	0.511627906977	0.0697674418605	1101.0	1.05125858124	13.0	0.0
CtetrA	ACA	T	S	0.0	0.839233409076	0.2	0.0425531914894	0.936170212766	0.479591836735	0.030612244898	2101.0	1.03608490566	12.0	0.0
CtetrA	ACT	T	S	0.0	0.839233409076	0.1	0.0222222222222	0.933333333333	0.459183673469	0.030612244898	2101.0	0.82864516129	13.0	0.0
MmagnB	ACA	T	S	0.0	0.386852672487	0.444444444444	0.0975609756098	0.743902439024	0.780952380952	0.0761904761905	2101.0	0.925403777717	12.0	0.0
MmagnA	ACA	T	S	0.0	0.335564734151	0.444444444444	0.0963855421687	0.734939759036	0.790476190476	0.0761904761905	2101.0	0.927115670131	12.0	0.0
CparaA	ACC	T	S	0.0	0.00694444204685	1.0	1.0	0.0	0.013698630137	0.013698630137	1659.0	2.8	15.0	0.0
CcoryA	ACA	T	S	1.0	0.146566756166	0.111111111111	0.0487804878049	0.951219512195	0.445652173913	0.0217391304348	2101.0	1.00507471102	12.0	0.0
CparaC	ACC	T	S	0.0	0.00543478073231	1.0	1.0	0.0	0.010752688172	0.010752688172	2101.0	2.8	15.0	0.0
CparaB	ACC	T	S	0.0	0.00543478073231	1.0	1.0	0.0	0.010752688172	0.010752688172	2101.0	2.8	15.0	0.0
CparaE	ACC	T	S	0.0	0.00543478073231	1.0	1.0	0.0	0.010752688172	0.010752688172	2101.0	2.8	15.0	0.0
CparaD	ACC	T	S	0.0	0.00543478073231	1.0	1.0	0.0	0.010752688172	0.010752688172	2101.0	2.8	15.0	0.0
CparaF	ACC	T	S	0.0	0.00543478073231	1.0	1.0	0.0	0.010752688172	0.010752688172	2101.0	2.8	15.0	0.0
MtetrA	ACA	T	S	0.0	0.403713048292	0.444444444444	0.133333333333	0.666666666667	0.566037735849	0.0943396226415	2100.0	0.847279956624	12.0	0.0
MtetrA	ACG	T	S	0.0	0.403713048292	0.2	0.0909090909091	0.727272727273	0.103773584906	0.0943396226415	2100.0	1.36434108527	14.0	0.0
MtetrA	ACT	T	S	0.0	0.403713048292	0.111111111111	0.0357142857143	0.821428571429	0.264150943396	0.0943396226415	2100.0	0.753319919517	13.0	0.0
CsaraA	ACC	T	S	0.0	0.082748940359	0.25	0.25	0.75	0.0408163265306	0.0204081632653	2101.0	1.17086834734	15.0	0.0
CsaraA	ACA	T	S	0.0	0.082748940359	0.1	0.0196078431373	0.921568627451	0.520408163265	0.0204081632653	2101.0	0.910467706013	12.0	0.0
CsuavA	ACA	T	S	0.0	0.199304143614	0.0909090909091	0.0169491525424	0.881355932203	0.641304347826	0.0326086956522	2101.0	0.789493155753	12.0	0.0
CsuavA	ACT	T	S	0.0	0.199304143614	0.222222222222	0.0625	0.875	0.347826086957	0.0326086956522	2101.0	1.10955269143	13.0	0.0
PkluyA	ACA	T	S	0.0	0.707894351453	0.3	0.0434782608696	0.804347826087	0.867924528302	0.0377358490566	2101.0	0.739804639805	12.0	0.0
PcanaA	ACA	T	S	0.0	0.457584629394	0.2	0.0344827586207	0.879310344828	0.623655913978	0.0430107526882	2101.0	0.825315005727	12.0	0.0
PcanaA	ACT	T	S	0.0	0.457584629394	0.222222222222	0.0571428571429	0.828571428571	0.376344086022	0.0430107526882	2101.0	0.959814015277	13.0	0.0
YlipoB	ACA	T	S	0.0	0.321249583137	0.416666666667	0.164179104478	0.641791044776	0.62037037037	0.138888888889	2100.0	0.91492512753	12.0	0.0
YlipoB	ACT	T	S	0.0	0.321249583137	0.4	0.0975609756098	0.756097560976	0.37962962963	0.138888888889	2100.0	0.832078749276	13.0	0.0
YlipoA	ACA	T	S	0.0	0.321249583137	0.416666666667	0.164179104478	0.641791044776	0.62037037037	0.138888888889	2100.0	0.91492512753	12.0	0.0
YlipoA	ACT	T	S	0.0	0.321249583137	0.4	0.0975609756098	0.756097560976	0.37962962963	0.138888888889	2100.0	0.832078749276	13.0	0.0
CjadiA	ACA	T	S	0.0	0.445258775968	0.2	0.0327868852459	0.934426229508	0.655913978495	0.0430107526882	2100.0	1.01596985466	12.0	0.0
CjadiA	ACT	T	S	0.0	0.445258775968	0.222222222222	0.0625	0.78125	0.344086021505	0.0430107526882	2100.0	0.684370257967	13.0	0.0
AgossB	ACT	T	S	3.0	0.227390008194	0.571428571429	0.104166666667	0.854166666667	0.685714285714	0.0714285714286	1456.0	1.05851176595	13.0	0.0
NdelpA	ACA	T	S	0.0	0.1018735363	0.428571428571	0.114285714286	0.8	0.5	0.0714285714286	1439.0	1.04296989184	12.0	0.0
NdelpA	ACT	T	S	0.0	0.1018735363	0.166666666667	0.0285714285714	0.885714285714	0.5	0.0714285714286	1439.0	0.97775175644	13.0	0.0
LkluyF	ACA	T	S	0.0	0.688524590164	0.142857142857	0.0238095238095	0.880952380952	0.636363636364	0.0151515151515	1456.0	0.832928015564	12.0	0.0
CalimA	ACA	T	S	0.0	0.387899771101	0.454545454545	0.1	0.7	0.754716981132	0.11320754717	2100.0	0.773902167871	12.0	0.0
CalimA	ACT	T	S	0.0	0.387899771101	0.333333333333	0.153846153846	0.692307692308	0.245283018868	0.11320754717	2100.0	0.931404573028	13.0	0.0
BcaliA	ACA	T	S	0.0	0.482395707491	0.222222222222	0.0612244897959	0.816326530612	0.538461538462	0.043956043956	2101.0	0.831171735242	12.0	0.0
BcaliA	ACT	T	S	0.0	0.482395707491	0.1	0.0238095238095	0.928571428571	0.461538461538	0.043956043956	2101.0	0.989944134078	13.0	0.0
SoctoA	ACA	T	S	0.0	0.447339245824	0.285714285714	0.0740740740741	0.703703703704	0.397058823529	0.117647058824	1454.0	0.608646188851	12.0	0.0
SoctoA	ACT	T	S	0.0	0.447339245824	0.666666666667	0.15	0.6	0.588235294118	0.117647058824	1454.0	0.794923857868	13.0	0.0
CdefoA	ACA	T	S	0.0	0.894671837731	0.416666666667	0.12	0.653333333333	0.688073394495	0.119266055046	2100.0	0.740871095469	12.0	0.0
CdefoA	ACT	T	S	0.0	0.894671837731	0.4	0.121212121212	0.757575757576	0.302752293578	0.119266055046	2100.0	0.981563421829	13.0	0.0
LdasiA	ACA	T	S	0.0	0.66935483871	0.142857142857	0.0227272727273	0.909090909091	0.676923076923	0.0153846153846	1456.0	0.937717064135	12.0	0.0
LkluyE	ACA	T	S	0.0	0.688524590164	0.142857142857	0.0238095238095	0.880952380952	0.636363636364	0.0151515151515	1456.0	0.832928015564	12.0	0.0
LkluyD	ACA	T	S	0.0	0.688524590164	0.142857142857	0.0238095238095	0.880952380952	0.636363636364	0.0151515151515	1456.0	0.825875486381	12.0	0.0
LkluyC	ACA	T	S	0.0	0.688524590164	0.142857142857	0.0238095238095	0.880952380952	0.636363636364	0.0151515151515	1456.0	0.832928015564	12.0	0.0
CvartA	ACA	T	S	0.0	0.808443859471	0.0909090909091	0.0434782608696	0.913043478261	0.494623655914	0.0430107526882	2101.0	1.02746987952	12.0	0.0
CvartA	ACT	T	S	0.0	0.808443859471	0.25	0.0425531914894	0.829787234043	0.505376344086	0.0430107526882	2101.0	0.795210166178	13.0	0.0
LkluyA	ACA	T	S	0.0	0.688524590164	0.142857142857	0.0238095238095	0.880952380952	0.636363636364	0.0151515151515	1456.0	0.832928015564	12.0	0.0
ClusiA	ACA	T	S	0.0	0.765271023969	0.125	0.027027027027	0.945945945946	0.373737373737	0.020202020202	2101.0	0.834094368341	12.0	0.0
ClusiA	ACT	T	S	0.0	0.765271023969	0.0909090909091	0.016393442623	0.918032786885	0.616161616162	0.020202020202	2101.0	0.911421032793	13.0	0.0
MguilA	ACA	T	S	0.0	0.273730991423	0.333333333333	0.0612244897959	0.918367346939	0.494949494949	0.030303030303	2101.0	1.0344662518	12.0	0.0
WmucoA	ACA	T	S	0.0	0.820599409116	0.222222222222	0.0408163265306	0.877551020408	0.538461538462	0.043956043956	2101.0	0.823324630113	12.0	0.0
WmucoA	ACT	T	S	0.0	0.820599409116	0.2	0.0487804878049	0.853658536585	0.450549450549	0.043956043956	2101.0	0.964510589582	13.0	0.0
ScereC	ACA	T	S	0.0	0.703389830508	0.142857142857	0.025641025641	0.871794871795	0.619047619048	0.015873015873	1456.0	0.889121887287	12.0	0.0
ScereA	ACA	T	S	0.0	0.703389830508	0.142857142857	0.025641025641	0.871794871795	0.619047619048	0.015873015873	1456.0	0.889121887287	12.0	0.0
ScereD	ACA	T	S	0.0	0.703389830508	0.142857142857	0.0263157894737	0.894736842105	0.612903225806	0.0161290322581	1456.0	0.947891485361	12.0	0.0
ScereE	ACT	T	S	0.0	0.21186440678	0.2	0.04	0.96	0.403225806452	0.0161290322581	1456.0	0.926033057851	13.0	0.0
DhansA	ACA	T	S	0.0	0.747252747253	0.111111111111	0.0222222222222	0.977777777778	0.478723404255	0.0212765957447	2101.0	0.97837181045	12.0	0.0
DhansA	ACT	T	S	0.0	0.747252747253	0.1	0.0204081632653	0.918367346939	0.521276595745	0.0212765957447	2101.0	0.920818944253	13.0	0.0
CsalmA	ACA	T	S	0.0	0.324777584854	0.5	0.189189189189	0.621621621622	0.349056603774	0.103773584906	2098.0	1.06328011611	12.0	0.0
CsalmA	ACT	T	S	0.0	0.324777584854	0.3	0.0606060606061	0.606060606061	0.622641509434	0.103773584906	2098.0	0.639526542324	13.0	0.0
LnothA	ACA	T	S	0.0	0.672131147541	0.142857142857	0.0232558139535	0.906976744186	0.661538461538	0.0153846153846	1456.0	0.931672597865	12.0	0.0
BcustA	ACA	T	S	0.0	0.397767087678	0.4	0.103448275862	0.689655172414	0.517857142857	0.0803571428571	2101.0	0.824357290298	12.0	0.0
BcustA	ACT	T	S	0.0	0.397767087678	0.222222222222	0.0555555555556	0.759259259259	0.482142857143	0.0803571428571	2101.0	0.661609498681	13.0	0.0
AgossA	ACT	T	S	3.0	0.21809660131	0.571428571429	0.102040816327	0.857142857143	0.7	0.0714285714286	1456.0	1.04364089776	13.0	0.0
MingeA	ACA	T	S	0.0	0.519957088138	0.222222222222	0.0666666666667	0.75	0.606060606061	0.0505050505051	2101.0	0.707254830478	12.0	0.0
MingeA	ACT	T	S	0.0	0.519957088138	0.111111111111	0.025641025641	0.846153846154	0.393939393939	0.0505050505051	2101.0	0.842909535452	13.0	0.0
ScastA	ACA	T	S	0.0	0.138246270848	0.571428571429	0.102564102564	0.794871794872	0.582089552239	0.0597014925373	1456.0	1.00840998686	12.0	0.0
CmaltA	ACA	T	S	0.0	0.770066810247	0.1	0.0277777777778	0.944444444444	0.378947368421	0.0210526315789	2101.0	0.875078665828	12.0	0.0
CmaltA	ACT	T	S	0.0	0.770066810247	0.111111111111	0.0175438596491	0.947368421053	0.6	0.0210526315789	2101.0	1.0176	13.0	0.0
CbohiA	ACT	T	S	0.0	0.227777777778	0.111111111111	0.0232558139535	0.93023255814	0.462365591398	0.010752688172	2101.0	0.851630434783	13.0	0.0

### Alignment improvement:
