### Random Forest prediction
genome	codon	ori_aa	rea_aa	fitch	Fisher_pval	Gene_frac	N._rea	N._used	Cod._count	Sub._count	G._len	codon_lik	id	prediction	probability
SpombA	GGT	G	S	0.0	0.527082955949	0.571428571429	0.0689655172414	0.770114942529	0.737288135593	0.0593220338983	1424.0	0.292704333516	41.0	0.0	0.0
SpombA	GGA	G	S	0.0	0.527082955949	0.166666666667	0.0322580645161	0.838709677419	0.262711864407	0.0593220338983	1424.0	0.276105651106	40.0	0.0	0.0
WmucoA	GGT	G	S	0.0	0.501877143145	0.181818181818	0.0333333333333	0.944444444444	0.502793296089	0.0223463687151	2246.0	0.186686876342	41.0	0.0	0.0
WmucoA	GGA	G	S	0.0	0.501877143145	0.0833333333333	0.0113636363636	0.943181818182	0.491620111732	0.0223463687151	2246.0	0.0857109032793	40.0	0.0	0.0
CgallA	GGT	G	S	0.0	0.588470979042	0.25	0.0267857142857	0.928571428571	0.612021857923	0.0327868852459	2247.0	0.143032159265	41.0	0.0	0.0
CgallA	GGA	G	S	0.0	0.588470979042	0.153846153846	0.0441176470588	0.897058823529	0.371584699454	0.0327868852459	2247.0	0.179829162296	40.0	0.0	0.0
CgigaA	GGT	G	S	0.0	0.099686525177	0.166666666667	0.0285714285714	0.928571428571	0.419161676647	0.0179640718563	2002.0	0.15714070276	41.0	0.0	0.0
CgigaA	GGC	G	S	0.0	0.099686525177	0.25	0.111111111111	0.777777777778	0.0538922155689	0.0179640718563	2002.0	0.506396588486	43.0	0.0	0.0
CsantA	GGT	G	S	0.0	0.472366481953	0.230769230769	0.0280373831776	0.869158878505	0.607954545455	0.0284090909091	2220.0	0.162187115306	41.0	0.0	0.0
CsantA	GGA	G	S	0.0	0.472366481953	0.0909090909091	0.0285714285714	0.914285714286	0.198863636364	0.0284090909091	2220.0	0.18327676643	40.0	0.0	0.0
CsantA	GGC	G	S	0.0	0.472366481953	0.142857142857	0.0714285714286	0.714285714286	0.0795454545455	0.0284090909091	2220.0	0.472035794183	43.0	0.0	0.0
CtropB	GGT	G	S	0.0	0.213788723356	0.0833333333333	0.00847457627119	0.949152542373	0.60824742268	0.0103092783505	2250.0	0.144300541931	41.0	0.0	0.0
CtropB	GGG	G	S	0.0	0.213788723356	0.125	0.0555555555556	0.833333333333	0.0927835051546	0.0103092783505	2250.0	0.106690777577	42.0	0.0	0.0
CtropA	GGT	G	S	0.0	0.220746344162	0.0833333333333	0.00854700854701	0.948717948718	0.603092783505	0.0103092783505	2250.0	0.144481419856	41.0	0.0	0.0
CtropA	GGG	G	S	0.0	0.220746344162	0.125	0.0526315789474	0.842105263158	0.0979381443299	0.0103092783505	2250.0	0.115884680611	42.0	0.0	0.0
WpijpA	GGT	G	S	0.0	0.194444396492	0.166666666667	0.03125	0.90625	0.283185840708	0.00884955752212	1429.0	0.221369539551	41.0	0.0	0.0
BarxA	GGG	G	S	1.0	0.013157890194	1.0	1.0	0.0	0.0243902439024	0.0243902439024	434.0	3.02727272727	42.0	0.0	0.5
CoxycA	GGT	G	S	0.0	0.637499874845	1.0	0.0322580645161	0.903225806452	0.720930232558	0.0232558139535	434.0	0.131748826291	41.0	0.0	0.091
CsubhA	GGC	G	S	2.0	0.00609912475609	0.25	0.0909090909091	0.818181818182	0.117647058824	0.0106951871658	2244.0	0.289115646259	43.0	0.0	0.001
CsubhB	GGC	G	S	2.0	0.00609912475609	0.25	0.0909090909091	0.818181818182	0.117647058824	0.0106951871658	2244.0	0.289115646259	43.0	0.0	0.001
OanguA	GGT	G	S	0.0	0.612776802737	0.25	0.031914893617	0.914893617021	0.543352601156	0.0231213872832	2248.0	0.198607108549	41.0	0.0	0.0
OanguA	GGA	G	S	0.0	0.612776802737	0.0769230769231	0.0149253731343	0.940298507463	0.387283236994	0.0231213872832	2248.0	0.111302982732	40.0	0.0	0.0
CalaiA	GGT	G	S	0.0	0.705409145635	0.181818181818	0.0153846153846	0.953846153846	0.760233918129	0.0116959064327	2056.0	0.118601115053	41.0	0.0	0.0
CblacA	GGT	G	S	0.0	0.0327169191048	1.0	0.027027027027	0.891891891892	0.90243902439	0.0487804878049	434.0	0.156833824975	41.0	0.0	0.245
CblacA	GGG	G	S	0.0	0.0327169191048	1.0	1.0	0.0	0.0243902439024	0.0487804878049	434.0	2.21818181818	42.0	0.0	0.469
CnorvA	GGT	G	S	0.0	0.182529702747	0.333333333333	0.0420168067227	0.899159663866	0.657458563536	0.0276243093923	2249.0	0.23448147111	41.0	0.0	0.0
CviswA	GGT	G	S	0.0	0.784753423553	0.0833333333333	0.00884955752212	0.938053097345	0.591623036649	0.0104712041885	2249.0	0.144472606746	41.0	0.0	0.0
CviswA	GGA	G	S	0.0	0.784753423553	0.0833333333333	0.0144927536232	0.95652173913	0.361256544503	0.0104712041885	2249.0	0.0730153798353	40.0	0.0	0.0
MstarA	GGT	G	S	0.0	0.405367047299	0.230769230769	0.0241935483871	0.927419354839	0.673913043478	0.0163043478261	2249.0	0.228359290112	41.0	0.0	0.0
NbaciA	GGT	G	S	0.0	0.745879120879	0.333333333333	0.025641025641	0.935897435897	0.709090909091	0.0181818181818	1428.0	0.185176125245	41.0	0.0	0.0
CtetrA	GGT	G	S	0.0	0.430431581828	0.166666666667	0.0136054421769	0.931972789116	0.761658031088	0.0155440414508	2249.0	0.144957826379	41.0	0.0	0.0
CtetrA	GGA	G	S	0.0	0.430431581828	0.125	0.0333333333333	0.9	0.155440414508	0.0155440414508	2249.0	0.107238605898	40.0	0.0	0.0
CbohiA	GGT	G	S	0.0	0.820055052903	0.25	0.0281690140845	0.957746478873	0.755319148936	0.0265957446809	2250.0	0.179631920817	41.0	0.0	0.0
CbohiA	GGA	G	S	0.0	0.820055052903	0.111111111111	0.0243902439024	0.90243902439	0.218085106383	0.0265957446809	2250.0	0.0902705515088	40.0	0.0	0.0
LstarA	GGT	G	S	0.0	0.480387222757	0.375	0.0416666666667	0.84375	0.596273291925	0.0621118012422	1834.0	0.193442992339	41.0	0.0	0.0
LstarA	GGA	G	S	0.0	0.480387222757	0.625	0.1	0.866666666667	0.372670807453	0.0621118012422	1834.0	0.299945858148	40.0	0.0	0.0
MfariA	GGT	G	S	0.0	0.417801716496	0.0769230769231	0.0194174757282	0.95145631068	0.539267015707	0.0104712041885	2248.0	0.104933764473	41.0	0.0	0.0
MfariB	GGT	G	S	0.0	0.378913396515	0.0909090909091	0.020202020202	0.939393939394	0.52380952381	0.010582010582	2250.0	0.131043831902	41.0	0.0	0.0
CcastA	GGA	G	S	0.0	0.207547101412	0.166666666667	0.0238095238095	0.97619047619	0.388888888889	0.00925925925926	1428.0	0.151357466063	40.0	0.0	0.0
CphanA	GGT	G	S	0.0	0.307075269284	0.416666666667	0.0438596491228	0.894736842105	0.622950819672	0.0327868852459	2247.0	0.189229396013	41.0	0.0	0.0
CphanA	GGA	G	S	0.0	0.307075269284	0.0769230769231	0.0144927536232	0.95652173913	0.377049180328	0.0327868852459	2247.0	0.130428294284	40.0	0.0	0.0
CsojaA	GGT	G	S	0.0	0.29033423621	0.125	0.0103092783505	0.948453608247	0.723880597015	0.0149253731343	1498.0	0.12739597943	41.0	0.0	0.0
CsojaA	GGA	G	S	0.0	0.29033423621	0.142857142857	0.0285714285714	0.942857142857	0.261194029851	0.0149253731343	1498.0	0.189433741973	40.0	0.0	0.0
CglabA	GGT	G	S	0.0	0.690476190476	0.142857142857	0.0144927536232	0.927536231884	0.621621621622	0.00900900900901	1413.0	0.138083402375	41.0	0.0	0.0
ScryoA	GGT	G	S	0.0	0.879192836884	0.666666666667	0.0694444444444	0.847222222222	0.615384615385	0.0598290598291	1424.0	0.29875463699	41.0	0.0	0.0
ScryoA	GGA	G	S	0.0	0.879192836884	0.285714285714	0.05	0.725	0.34188034188	0.0598290598291	1424.0	0.336671435384	40.0	0.0	0.0
CneerA	GGT	G	S	0.0	0.739951609372	0.0769230769231	0.013986013986	0.93006993007	0.729591836735	0.0102040816327	2249.0	0.157791817088	41.0	0.0	0.0
CsakeA	GGT	G	S	0.0	0.784612380407	0.0833333333333	0.016393442623	0.94262295082	0.648936170213	0.0106382978723	2207.0	0.137060414788	41.0	0.0	0.0
HuvarA	GGT	G	S	1.0	0.31113406029	0.333333333333	0.04	0.853333333333	0.694444444444	0.0555555555556	1361.0	0.22956014704	41.0	0.0	0.0
HuvarA	GGA	G	S	1.0	0.31113406029	0.333333333333	0.09375	0.78125	0.296296296296	0.0555555555556	1361.0	0.353910698232	40.0	0.0	0.0
CjiufA	GGT	G	S	0.0	0.785714211731	0.0769230769231	0.00833333333333	0.966666666667	0.641711229947	0.0106951871658	2231.0	0.108965517241	41.0	0.0	0.0
CjiufA	GGA	G	S	0.0	0.785714211731	0.0833333333333	0.0161290322581	0.967741935484	0.331550802139	0.0106951871658	2231.0	0.109852385857	40.0	0.0	0.0
CzempA	GGT	G	S	0.0	0.840334241296	0.428571428571	0.0519480519481	0.831168831169	0.6875	0.0535714285714	1428.0	0.330554864394	41.0	0.0	0.0
CzempA	GGA	G	S	0.0	0.840334241296	0.333333333333	0.0588235294118	0.911764705882	0.303571428571	0.0535714285714	1428.0	0.184438846907	40.0	0.0	0.0
CmetaB	GGA	G	S	0.0	0.132638059924	0.111111111111	0.0384615384615	0.942307692308	0.27807486631	0.0106951871658	2250.0	0.0888070390833	40.0	0.0	0.0
CmetaC	GGA	G	S	0.0	0.122297284365	0.111111111111	0.0384615384615	0.942307692308	0.27807486631	0.0106951871658	2250.0	0.0888070390833	40.0	0.0	0.0
CmetaA	GGA	G	S	0.0	0.122297284365	0.111111111111	0.0384615384615	0.942307692308	0.27807486631	0.0106951871658	2250.0	0.0888070390833	40.0	0.0	0.0
CmetaF	GGA	G	S	0.0	0.122297284365	0.111111111111	0.0384615384615	0.942307692308	0.27807486631	0.0106951871658	2250.0	0.0888070390833	40.0	0.0	0.0
CfrijA	GGT	G	S	0.0	0.257192620982	0.0769230769231	0.00671140939597	0.946308724832	0.764102564103	0.0102564102564	2249.0	0.143255745649	41.0	0.0	0.0
CfrijA	GGA	G	S	0.0	0.257192620982	0.0909090909091	0.0243902439024	0.926829268293	0.210256410256	0.0102564102564	2249.0	0.122427983539	40.0	0.0	0.0
CmetaD	GGA	G	S	0.0	0.122297284365	0.111111111111	0.0384615384615	0.942307692308	0.27807486631	0.0106951871658	2250.0	0.0888070390833	40.0	0.0	0.0
CmetaE	GGA	G	S	0.0	0.122297284365	0.111111111111	0.0384615384615	0.942307692308	0.27807486631	0.0106951871658	2250.0	0.0888070390833	40.0	0.0	0.0
PpastA	GGT	G	S	0.0	0.832188845245	0.153846153846	0.0238095238095	0.928571428571	0.466666666667	0.0222222222222	2248.0	0.169859343603	41.0	0.0	0.0
PpastA	GGA	G	S	0.0	0.832188845245	0.181818181818	0.021978021978	0.945054945055	0.505555555556	0.0222222222222	2248.0	0.1570753085	40.0	0.0	0.0
SjapoA	GGT	G	S	0.0	0.439321404932	0.428571428571	0.0487804878049	0.853658536585	0.780952380952	0.0571428571429	1423.0	0.221096751659	41.0	0.0	0.0
SjapoA	GGA	G	S	0.0	0.439321404932	0.4	0.125	0.8125	0.152380952381	0.0571428571429	1423.0	0.390588235294	40.0	0.0	0.0
CalbiE	GGT	G	S	0.0	0.318118746351	0.166666666667	0.0133333333333	0.933333333333	0.707547169811	0.0188679245283	1183.0	0.159360495101	41.0	0.0	0.0
CalbiE	GGA	G	S	0.0	0.318118746351	0.166666666667	0.0357142857143	0.928571428571	0.264150943396	0.0188679245283	1183.0	0.144157262468	40.0	0.0	0.0
CalbiD	GGT	G	S	1.0	0.294981587558	0.0909090909091	0.00757575757576	0.962121212121	0.745762711864	0.0112994350282	2058.0	0.120789779326	41.0	0.0	0.0
CalbiD	GGA	G	S	1.0	0.294981587558	0.1	0.0277777777778	0.944444444444	0.203389830508	0.0112994350282	2058.0	0.113862881305	40.0	0.0	0.0
CalbiC	GGT	G	S	0.0	0.319360528082	0.0833333333333	0.00729927007299	0.963503649635	0.713541666667	0.0104166666667	2250.0	0.106347438753	41.0	0.0	0.0
CalbiC	GGA	G	S	0.0	0.319360528082	0.0909090909091	0.0212765957447	0.957446808511	0.244791666667	0.0104166666667	2250.0	0.111313039527	40.0	0.0	0.0
CalbiB	GGT	G	S	0.0	0.319360528082	0.0833333333333	0.00729927007299	0.963503649635	0.713541666667	0.0104166666667	2250.0	0.106347438753	41.0	0.0	0.0
CalbiB	GGA	G	S	0.0	0.319360528082	0.0909090909091	0.0212765957447	0.957446808511	0.244791666667	0.0104166666667	2250.0	0.111313039527	40.0	0.0	0.0
CalbiA	GGT	G	S	1.0	0.30725548473	0.0909090909091	0.0077519379845	0.961240310078	0.728813559322	0.0112994350282	2058.0	0.118926265715	41.0	0.0	0.0
CalbiA	GGA	G	S	1.0	0.30725548473	0.1	0.025	0.95	0.225988700565	0.0112994350282	2058.0	0.116932217121	40.0	0.0	0.0
MmagnB	GGT	G	S	0.0	0.155994471179	0.181818181818	0.0606060606061	0.878787878788	0.176470588235	0.0213903743316	2249.0	0.365010073875	41.0	0.0	0.0
MmagnB	GGA	G	S	0.0	0.155994471179	0.153846153846	0.0183486238532	0.926605504587	0.582887700535	0.0213903743316	2249.0	0.134383151386	40.0	0.0	0.0
MmagnA	GGT	G	S	0.0	0.220939363637	0.181818181818	0.0571428571429	0.885714285714	0.187165775401	0.0213903743316	2249.0	0.357617991764	41.0	0.0	0.0
MmagnA	GGA	G	S	0.0	0.220939363637	0.153846153846	0.0181818181818	0.936363636364	0.588235294118	0.0213903743316	2249.0	0.131905945326	40.0	0.0	0.0
CcoryA	GGT	G	S	0.0	0.0662752268908	0.0833333333333	0.00724637681159	0.949275362319	0.730158730159	0.021164021164	2250.0	0.128847984767	41.0	0.0	0.0
CcoryA	GGA	G	S	0.0	0.0662752268908	0.181818181818	0.0681818181818	0.909090909091	0.232804232804	0.021164021164	2250.0	0.272505489144	40.0	0.0	0.0
CparaC	GGT	G	S	0.0	0.260898881798	0.0833333333333	0.00699300699301	0.965034965035	0.756613756614	0.010582010582	2250.0	0.109061930783	41.0	0.0	0.0
CparaC	GGA	G	S	0.0	0.260898881798	0.111111111111	0.0232558139535	0.976744186047	0.227513227513	0.010582010582	2250.0	0.109494640123	40.0	0.0	0.0
CparaB	GGT	G	S	0.0	0.256949334296	0.0833333333333	0.00699300699301	0.965034965035	0.760638297872	0.0106382978723	2250.0	0.107679465776	41.0	0.0	0.0
CparaB	GGA	G	S	0.0	0.256949334296	0.111111111111	0.0238095238095	0.97619047619	0.223404255319	0.0106382978723	2250.0	0.107096438783	40.0	0.0	0.0
CparaE	GGT	G	S	0.0	0.260898881798	0.0833333333333	0.00699300699301	0.965034965035	0.756613756614	0.010582010582	2250.0	0.109061930783	41.0	0.0	0.0
CparaE	GGA	G	S	0.0	0.260898881798	0.111111111111	0.0232558139535	0.976744186047	0.227513227513	0.010582010582	2250.0	0.109494640123	40.0	0.0	0.0
CparaD	GGT	G	S	0.0	0.256949334296	0.0833333333333	0.00699300699301	0.965034965035	0.760638297872	0.0106382978723	2250.0	0.107679465776	41.0	0.0	0.0
CparaD	GGA	G	S	0.0	0.256949334296	0.111111111111	0.0238095238095	0.97619047619	0.223404255319	0.0106382978723	2250.0	0.107096438783	40.0	0.0	0.0
CparaF	GGT	G	S	0.0	0.260898881798	0.0833333333333	0.00699300699301	0.965034965035	0.756613756614	0.010582010582	2250.0	0.109061930783	41.0	0.0	0.0
CparaF	GGA	G	S	0.0	0.260898881798	0.111111111111	0.0232558139535	0.976744186047	0.227513227513	0.010582010582	2250.0	0.109494640123	40.0	0.0	0.0
MtetrA	GGG	G	S	0.0	0.873709637241	0.0833333333333	0.015873015873	0.936507936508	0.342391304348	0.0163043478261	2248.0	0.165961538462	42.0	0.0	0.0
MtetrA	GGA	G	S	0.0	0.873709637241	0.153846153846	0.0215053763441	0.89247311828	0.505434782609	0.0163043478261	2248.0	0.13232345734	40.0	0.0	0.0
CsaraA	GGT	G	S	0.0	0.835806419781	0.0909090909091	0.020202020202	0.929292929293	0.512953367876	0.0155440414508	2249.0	0.165746478873	41.0	0.0	0.0
CsaraA	GGA	G	S	0.0	0.835806419781	0.0769230769231	0.0125	0.9625	0.414507772021	0.0155440414508	2249.0	0.143427354976	40.0	0.0	0.0
CsuavA	GGT	G	S	0.0	0.546817630389	0.0909090909091	0.0133333333333	0.946666666667	0.423728813559	0.0225988700565	2250.0	0.108147500364	41.0	0.0	0.0
CsuavA	GGA	G	S	0.0	0.546817630389	0.166666666667	0.03125	0.927083333333	0.542372881356	0.0225988700565	2250.0	0.153417491186	40.0	0.0	0.0
PkluyA	GGT	G	S	0.0	0.828291650054	0.1	0.025641025641	0.948717948718	0.207446808511	0.0265957446809	2247.0	0.165147453083	41.0	0.0	0.0
PkluyA	GGA	G	S	0.0	0.828291650054	0.307692307692	0.027972027972	0.874125874126	0.760638297872	0.0265957446809	2247.0	0.135601011262	40.0	0.0	0.0
PcanaA	GGT	G	S	0.0	0.849390982511	0.230769230769	0.0294117647059	0.921568627451	0.576271186441	0.0282485875706	2250.0	0.17524370891	41.0	0.0	0.0
PcanaA	GGA	G	S	0.0	0.849390982511	0.181818181818	0.0285714285714	0.942857142857	0.395480225989	0.0282485875706	2250.0	0.141932700604	40.0	0.0	0.0
YlipoB	GGT	G	S	0.0	0.843951773931	0.307692307692	0.0336134453782	0.924369747899	0.646739130435	0.0326086956522	2247.0	0.164729612909	41.0	0.0	0.0
YlipoB	GGA	G	S	0.0	0.843951773931	0.166666666667	0.031746031746	0.904761904762	0.342391304348	0.0326086956522	2247.0	0.169189103075	40.0	0.0	0.0
YlipoA	GGT	G	S	0.0	0.843951773931	0.307692307692	0.0336134453782	0.924369747899	0.650273224044	0.0327868852459	2247.0	0.164729612909	41.0	0.0	0.0
YlipoA	GGA	G	S	0.0	0.843951773931	0.166666666667	0.0322580645161	0.91935483871	0.338797814208	0.0327868852459	2247.0	0.163450624291	40.0	0.0	0.0
CjadiA	GGA	G	S	0.0	0.111720648269	0.230769230769	0.0377358490566	0.933962264151	0.602272727273	0.0227272727273	2250.0	0.193302891933	40.0	0.0	0.0
NdelpA	GGT	G	S	0.0	0.737106918239	0.333333333333	0.0246913580247	0.925925925926	0.723214285714	0.0178571428571	1412.0	0.16946944576	41.0	0.0	0.0
LelonA	GGT	G	S	0.0	0.647540861919	0.0769230769231	0.00769230769231	0.984615384615	0.695187165775	0.00534759358289	2249.0	0.111224316522	41.0	0.0	0.0
CpseuA	GGT	G	S	0.0	0.817682863884	1.0	0.04	0.88	0.555555555556	0.0444444444444	434.0	0.201164059658	41.0	0.0	0.04
CpseuA	GGA	G	S	0.0	0.817682863884	1.0	0.0666666666667	0.8	0.333333333333	0.0444444444444	434.0	0.20303030303	40.0	0.0	0.041
CalimA	GGT	G	S	0.0	0.845896149687	0.333333333333	0.0353982300885	0.938053097345	0.614130434783	0.0326086956522	2247.0	0.164384930549	41.0	0.0	0.0
CalimA	GGA	G	S	0.0	0.845896149687	0.166666666667	0.0289855072464	0.884057971014	0.375	0.0326086956522	2247.0	0.161927566597	40.0	0.0	0.0
CchauA	GGT	G	S	0.0	0.532446560285	0.181818181818	0.0275229357798	0.935779816514	0.57671957672	0.021164021164	2250.0	0.176181398615	41.0	0.0	0.0
CchauA	GGA	G	S	0.0	0.532446560285	0.0909090909091	0.0133333333333	0.933333333333	0.396825396825	0.021164021164	2250.0	0.167840206926	40.0	0.0	0.0
BcaliA	GGT	G	S	0.0	0.547547935959	0.166666666667	0.0352941176471	0.929411764706	0.467032967033	0.0274725274725	2250.0	0.154644884397	41.0	0.0	0.0
BcaliA	GGA	G	S	0.0	0.547547935959	0.153846153846	0.0210526315789	0.926315789474	0.521978021978	0.0274725274725	2250.0	0.173047967305	40.0	0.0	0.0
SoctoA	GGT	G	S	0.0	0.67362361883	0.571428571429	0.0714285714286	0.842857142857	0.598290598291	0.0512820512821	1425.0	0.374573728004	41.0	0.0	0.0
SoctoA	GGA	G	S	0.0	0.67362361883	0.166666666667	0.025	0.75	0.34188034188	0.0512820512821	1425.0	0.130672368734	40.0	0.0	0.0
CvartA	GGT	G	S	0.0	0.264323093166	0.166666666667	0.0379746835443	0.924050632911	0.446327683616	0.0225988700565	2250.0	0.161790017212	41.0	0.0	0.0
CvartA	GGA	G	S	0.0	0.264323093166	0.0769230769231	0.0104166666667	0.947916666667	0.542372881356	0.0225988700565	2250.0	0.111282333517	40.0	0.0	0.0
CbuenA	GGT	G	S	0.0	0.573590732942	0.153846153846	0.0217391304348	0.934782608696	0.707692307692	0.025641025641	2248.0	0.180907717987	41.0	0.0	0.0
CbuenA	GGA	G	S	0.0	0.573590732942	0.2	0.0408163265306	0.877551020408	0.251282051282	0.025641025641	2248.0	0.189886480908	40.0	0.0	0.0
CdefoA	GGT	G	S	0.0	0.845133347314	0.307692307692	0.032	0.92	0.68306010929	0.0327868852459	2247.0	0.170643200581	41.0	0.0	0.0
CdefoA	GGA	G	S	0.0	0.845133347314	0.181818181818	0.0357142857143	0.910714285714	0.306010928962	0.0327868852459	2247.0	0.156227630637	40.0	0.0	0.0
CdublA	GGT	G	S	2.0	0.283217674626	0.0833333333333	0.00769230769231	0.969230769231	0.738636363636	0.0113636363636	2058.0	0.120738874895	41.0	0.0	0.0
CdublA	GGA	G	S	2.0	0.283217674626	0.1	0.0243902439024	0.951219512195	0.232954545455	0.0113636363636	2058.0	0.115241635688	40.0	0.0	0.0
CorthB	GGA	G	S	0.0	0.0668037483543	0.1	0.04	0.94	0.26455026455	0.010582010582	2250.0	0.102376980817	40.0	0.0	0.0
CorthC	GGA	G	S	0.0	0.0561104463567	0.1	0.04	0.94	0.26455026455	0.010582010582	2250.0	0.101783840504	40.0	0.0	0.0
CorthA	GGA	G	S	0.0	0.0930669699823	0.1	0.0434782608696	0.934782608696	0.243386243386	0.010582010582	2250.0	0.126725503508	40.0	0.0	0.0
ClusiA	GGT	G	S	0.0	0.427458647064	0.166666666667	0.0245901639344	0.94262295082	0.645502645503	0.015873015873	2250.0	0.0917022630192	41.0	0.0	0.0
MguilA	GGT	G	S	0.0	0.313630960741	0.0769230769231	0.00729927007299	0.956204379562	0.702564102564	0.0102564102564	2250.0	0.119382804422	41.0	0.0	0.0
MguilA	GGA	G	S	0.0	0.313630960741	0.1	0.0196078431373	0.882352941176	0.261538461538	0.0102564102564	2250.0	0.0698845750262	40.0	0.0	0.0
DhansA	GGT	G	S	0.0	0.242949178418	0.153846153846	0.03125	0.927083333333	0.497409326425	0.0155440414508	2250.0	0.148876404494	41.0	0.0	0.0
CsalmA	GGT	G	S	0.0	0.882336028547	0.545454545455	0.0629921259843	0.866141732283	0.738372093023	0.0581395348837	2153.0	0.29880993446	41.0	0.0	0.0
CsalmA	GGA	G	S	0.0	0.882336028547	0.2	0.047619047619	0.904761904762	0.244186046512	0.0581395348837	2153.0	0.155139744197	40.0	0.0	0.0
BcustA	GGA	G	S	0.0	0.197338183917	0.272727272727	0.0462962962963	0.87962962963	0.590163934426	0.0273224043716	2247.0	0.260755304653	40.0	0.0	0.0
CtheaA	GGA	G	S	0.0	0.102027010261	0.0909090909091	0.0338983050847	0.949152542373	0.313829787234	0.0106382978723	2250.0	0.129085567389	40.0	0.0	0.0
MingeA	GGT	G	S	0.0	0.451539123241	0.153846153846	0.0222222222222	0.922222222222	0.489130434783	0.0163043478261	2249.0	0.199623352166	41.0	0.0	0.0
MingeA	GGA	G	S	0.0	0.451539123241	0.0909090909091	0.0108695652174	0.934782608696	0.5	0.0163043478261	2249.0	0.128343473769	40.0	0.0	0.0
ScastA	GGT	G	S	0.0	0.64953258928	0.142857142857	0.0131578947368	0.973684210526	0.690909090909	0.00909090909091	1426.0	0.117647058824	41.0	0.0	0.0
CmaltA	GGA	G	S	0.0	0.115041128085	0.0833333333333	0.0222222222222	0.966666666667	0.478723404255	0.0106382978723	2250.0	0.143492368706	40.0	0.0	0.0