### Random Forest prediction
genome	codon	ori_aa	rea_aa	fitch	Fisher_pval	Gene_frac	N._rea	N._used	Cod._count	Sub._count	G._len	codon_lik	id	prediction	probability
LmeyeA	TTA	L	M	0.0	0.523312480035	0.428571428571	0.0154639175258	0.953608247423	0.946341463415	0.0146341463415	1429.0	1.88542852899	20.0	0.0	0.0
SpombA	TTA	L	M	0.0	0.637599327544	0.428571428571	0.0254777070064	0.687898089172	0.785	0.025	1424.0	1.49561591759	20.0	0.0	0.0
SpombA	CTA	L	M	0.0	0.637599327544	0.2	0.047619047619	0.761904761905	0.105	0.025	1424.0	1.85849481749	52.0	0.0	0.0
WmucoA	TTA	L	M	0.0	0.545307286381	0.0769230769231	0.00325732899023	0.912052117264	0.900293255132	0.00293255131965	2246.0	1.80684570065	20.0	0.0	0.0
AacerA	TTA	L	M	0.0	0.718580469328	0.5	0.0294117647059	0.941176470588	0.76404494382	0.0224719101124	630.0	1.93259653432	20.0	0.0	0.07
CgallA	TTA	L	M	0.0	0.309282631412	0.153846153846	0.00961538461538	0.842948717949	0.901734104046	0.0115606936416	2247.0	1.74322248812	20.0	0.0	0.0
CgallA	TTG	L	M	0.0	0.309282631412	0.333333333333	0.1	0.9	0.028901734104	0.0115606936416	2247.0	2.22916666667	22.0	0.0	0.0
CsantA	CTT	L	M	0.0	0.9534355163	0.0909090909091	0.0166666666667	0.833333333333	0.18691588785	0.0249221183801	2220.0	1.7124594543	53.0	0.0	0.0
CsantA	TTA	L	M	0.0	0.9534355163	0.0833333333333	0.0153846153846	0.784615384615	0.202492211838	0.0249221183801	2220.0	1.77325581395	20.0	0.0	0.0
CsantA	CTA	L	M	0.0	0.9534355163	0.153846153846	0.0314136125654	0.795811518325	0.595015576324	0.0249221183801	2220.0	1.70079629525	52.0	0.0	0.0
WpijpA	TTA	L	M	0.0	0.584210382763	0.142857142857	0.00595238095238	0.934523809524	0.835820895522	0.00497512437811	1429.0	1.83848226056	20.0	0.0	0.0
BarxA	TTA	L	M	1.0	0.552083333333	1.0	0.0925925925926	0.777777777778	0.981818181818	0.0909090909091	434.0	1.90279649596	20.0	0.0	0.045
CsubhA	CTA	L	M	0.0	0.893298688975	0.0833333333333	0.0078125	0.921875	0.357541899441	0.00558659217877	2244.0	1.8039808516	52.0	0.0	0.0
CsubhA	CTC	L	M	0.0	0.893298688975	0.0769230769231	0.00961538461538	0.903846153846	0.290502793296	0.00558659217877	2244.0	1.8297989232	55.0	0.0	0.0
CsubhB	CTA	L	M	0.0	0.893298688975	0.0833333333333	0.0078125	0.921875	0.357541899441	0.00558659217877	2244.0	1.8039808516	52.0	0.0	0.0
CsubhB	CTC	L	M	0.0	0.893298688975	0.0769230769231	0.00961538461538	0.903846153846	0.290502793296	0.00558659217877	2244.0	1.8297989232	55.0	0.0	0.0
OanguA	TTA	L	M	0.0	0.779038126501	0.230769230769	0.0196078431373	0.862745098039	0.869318181818	0.0170454545455	2248.0	1.75547783884	20.0	0.0	0.0
SarboA	TTA	L	M	0.0	0.522035837464	0.285714285714	0.0104166666667	0.90625	0.923076923077	0.00961538461538	1429.0	1.80282886845	20.0	0.0	0.0
CalaiA	TTA	L	M	0.0	0.551818486378	0.181818181818	0.0131578947368	0.940789473684	0.97124600639	0.0127795527157	2056.0	1.87306352383	20.0	0.0	0.0
KtherA	TTA	L	M	0.0	0.515383626285	0.428571428571	0.0151515151515	0.954545454545	0.95652173913	0.0144927536232	1429.0	1.88230724413	20.0	0.0	0.0
CblacA	TTA	L	M	0.0	0.518181818182	1.0	0.0178571428571	0.928571428571	0.949152542373	0.0169491525424	434.0	1.84867673324	20.0	0.0	0.093
CnorvA	TTA	L	M	0.0	0.00137543744395	0.0769230769231	0.00289855072464	0.924637681159	1.0	0.00289855072464	2249.0	1.81633703168	20.0	0.0	0.005
MstarA	TTA	L	M	0.0	0.454129366746	0.230769230769	0.021021021021	0.855855855856	0.988130563798	0.0207715133531	2249.0	1.79944503878	20.0	0.0	0.0
NbaciA	TTA	L	M	1.0	0.253761969768	0.285714285714	0.010752688172	0.930107526882	0.948979591837	0.0102040816327	1428.0	1.80716609014	20.0	0.0	0.0
CbohiA	TTA	L	M	0.0	0.52346024603	0.0769230769231	0.00293255131965	0.950146627566	0.947222222222	0.00277777777778	2250.0	1.80856464157	20.0	0.0	0.0
LstarA	TTA	L	M	0.0	0.633992059339	0.2	0.00873362445415	0.847161572052	0.857677902622	0.00749063670412	1834.0	1.6911757564	20.0	0.0	0.0
MfariA	TTA	L	M	0.0	0.557228762794	0.0769230769231	0.00320512820513	0.939102564103	0.888888888889	0.002849002849	2248.0	1.79261982085	20.0	0.0	0.0
MfariB	TTA	L	M	3.0	0.538118568507	0.230769230769	0.00847457627119	0.943502824859	0.97520661157	0.00826446280992	2250.0	1.85104855823	20.0	0.0	0.055
CcastA	TTA	L	M	0.0	0.251441423355	0.285714285714	0.0106951871658	0.909090909091	0.939698492462	0.0100502512563	1428.0	1.8027004826	20.0	0.0	0.0
LanspB	TTA	L	M	0.0	0.530919195779	0.428571428571	0.0155440414508	0.953367875648	0.936893203883	0.0145631067961	1429.0	1.88594613432	20.0	0.0	0.0
CphanA	TTA	L	M	0.0	0.58209029405	0.230769230769	0.012012012012	0.843843843844	0.956896551724	0.0114942528736	2247.0	1.75189628095	20.0	0.0	0.0
LanspA	TTA	L	M	0.0	0.530294899322	0.571428571429	0.019801980198	0.930693069307	0.948356807512	0.018779342723	1429.0	1.86169807729	20.0	0.0	0.0
CglabA	TTA	L	M	0.0	0.505524861879	0.285714285714	0.0104166666667	0.927083333333	0.97461928934	0.010152284264	1413.0	1.81698953797	20.0	0.0	0.0
ScryoA	CTT	L	M	0.0	0.297494896116	0.166666666667	0.0454545454545	0.727272727273	0.107843137255	0.0245098039216	1424.0	1.62309368192	53.0	0.0	0.0
ScryoA	TTA	L	M	0.0	0.297494896116	0.285714285714	0.0147058823529	0.713235294118	0.666666666667	0.0245098039216	1424.0	1.54138908575	20.0	0.0	0.0
ScryoA	CTA	L	M	0.0	0.297494896116	0.333333333333	0.0555555555556	0.666666666667	0.176470588235	0.0245098039216	1424.0	1.66185350486	52.0	0.0	0.0
CsakeA	TTA	L	M	3.0	0.526860589188	0.166666666667	0.00593471810089	0.949554896142	0.973988439306	0.00578034682081	2207.0	1.82953204876	20.0	0.0	0.055
HuvarA	TTA	L	M	1.0	0.598267202637	0.5	0.0240963855422	0.734939759036	0.80193236715	0.0193236714976	1361.0	1.60892176124	20.0	0.0	0.0
KlactA	TTA	L	M	1.0	0.516303368762	0.285714285714	0.0155440414508	0.922279792746	0.989743589744	0.0153846153846	1408.0	1.84185422567	20.0	0.0	0.0
CzempA	TTA	L	M	0.0	0.574654231028	0.571428571429	0.0621761658031	0.730569948187	0.984693877551	0.0612244897959	1428.0	1.77864570377	20.0	0.0	0.0
PpastA	TTA	L	M	0.0	0.537424779234	0.307692307692	0.0176991150442	0.893805309735	0.985465116279	0.0174418604651	2248.0	1.82709083244	20.0	0.0	0.0
SjapoA	CTT	L	M	0.0	0.821732216307	0.4	0.05	0.65	0.189573459716	0.0473933649289	1423.0	1.62011039117	53.0	0.0	0.0
SjapoA	TTA	L	M	0.0	0.821732216307	0.571428571429	0.0457516339869	0.647058823529	0.725118483412	0.0473933649289	1423.0	1.50860012555	20.0	0.0	0.0
SjapoA	CTA	L	M	0.0	0.821732216307	0.2	0.0666666666667	0.733333333333	0.0710900473934	0.0473933649289	1423.0	1.8825	52.0	0.0	0.0
MmagnB	CTT	L	M	0.0	0.129885353127	0.0769230769231	0.00884955752212	0.858407079646	0.338323353293	0.0209580838323	2249.0	1.71742940604	53.0	0.0	0.0
MmagnB	CTG	L	M	0.0	0.129885353127	0.166666666667	0.0483870967742	0.838709677419	0.185628742515	0.0209580838323	2249.0	1.91997652123	54.0	0.0	0.0
MmagnB	CTA	L	M	0.0	0.129885353127	0.0769230769231	0.00869565217391	0.895652173913	0.344311377246	0.0209580838323	2249.0	1.82654303643	52.0	0.0	0.0
MmagnB	CTC	L	M	0.0	0.129885353127	0.166666666667	0.0666666666667	0.866666666667	0.0449101796407	0.0209580838323	2249.0	2.04474885845	55.0	0.0	0.0
MmagnB	TTA	L	M	0.0	0.129885353127	0.142857142857	0.0357142857143	0.75	0.0838323353293	0.0209580838323	2249.0	1.65258379888	20.0	0.0	0.0
MmagnA	CTT	L	M	0.0	0.281711180127	0.0769230769231	0.00869565217391	0.860869565217	0.344311377246	0.0209580838323	2249.0	1.71837320574	53.0	0.0	0.0
MmagnA	CTG	L	M	0.0	0.281711180127	0.153846153846	0.047619047619	0.84126984127	0.188622754491	0.0209580838323	2249.0	1.91800766284	54.0	0.0	0.0
MmagnA	CTA	L	M	0.0	0.281711180127	0.153846153846	0.0173913043478	0.886956521739	0.344311377246	0.0209580838323	2249.0	1.85088047958	52.0	0.0	0.0
MmagnA	CTC	L	M	0.0	0.281711180127	0.2	0.0714285714286	0.857142857143	0.0419161676647	0.0209580838323	2249.0	2.05268292683	55.0	0.0	0.0
MtetrA	CTT	L	M	0.0	0.482636868493	0.0769230769231	0.0133333333333	0.813333333333	0.223214285714	0.0208333333333	2248.0	1.69502299161	53.0	0.0	0.0
MtetrA	CTG	L	M	0.0	0.482636868493	0.25	0.0403225806452	0.838709677419	0.369047619048	0.0208333333333	2248.0	1.89741880179	54.0	0.0	0.0
MtetrA	CTC	L	M	0.0	0.482636868493	0.0769230769231	0.0178571428571	0.892857142857	0.166666666667	0.0208333333333	2248.0	1.74750166556	55.0	0.0	0.0
CsuavA	TTA	L	M	0.0	0.0964193143159	0.0769230769231	0.00327868852459	0.927868852459	0.932721712538	0.00611620795107	2250.0	1.83109481632	20.0	0.0	0.0
CsuavA	CTA	L	M	0.0	0.0964193143159	0.166666666667	0.0833333333333	0.916666666667	0.0366972477064	0.00611620795107	2250.0	2.11941580756	52.0	0.0	0.0
PkluyA	TTA	L	M	0.0	0.586253865927	0.307692307692	0.0154320987654	0.87037037037	0.964285714286	0.014880952381	2247.0	1.76234398574	20.0	0.0	0.0
PcanaA	TTA	L	M	0.0	0.512944815661	0.0769230769231	0.00310559006211	0.931677018634	0.969879518072	0.00301204819277	2250.0	1.83307984791	20.0	0.0	0.0
YlipoB	TTA	L	M	0.0	0.659188102659	0.230769230769	0.01261829653	0.839116719243	0.916184971098	0.0115606936416	2247.0	1.75216158505	20.0	0.0	0.0
YlipoA	TTA	L	M	0.0	0.659188102659	0.230769230769	0.01261829653	0.839116719243	0.916184971098	0.0115606936416	2247.0	1.75216158505	20.0	0.0	0.0
CjadiA	TTA	L	M	0.0	0.504934039603	0.0769230769231	0.00310559006211	0.931677018634	0.990769230769	0.00307692307692	2250.0	1.83918789373	20.0	0.0	0.0
AgossB	TTA	L	M	0.0	0.533138548324	0.285714285714	0.0210526315789	0.9	0.826086956522	0.0173913043478	1427.0	1.83902759527	20.0	0.0	0.0
NdelpA	TTA	L	M	0.0	0.516947885172	0.285714285714	0.0106951871658	0.914438502674	0.944444444444	0.010101010101	1412.0	1.81382184943	20.0	0.0	0.0
CalimA	TTA	L	M	0.0	0.611142483789	0.230769230769	0.0123456790123	0.848765432099	0.936416184971	0.0115606936416	2247.0	1.758588544	20.0	0.0	0.0
CchauA	CTT	L	M	0.0	0.169565199878	0.1	0.027027027027	0.918918918919	0.099730458221	0.00269541778976	2250.0	1.85539714868	53.0	0.0	0.0
BcaliA	TTA	L	M	0.0	0.498442367601	0.0769230769231	0.0028901734104	0.921965317919	0.99711815562	0.0028818443804	2250.0	1.81517534812	20.0	0.0	0.0
SoctoA	CTT	L	M	0.0	0.594334561522	0.166666666667	0.037037037037	0.703703703704	0.133663366337	0.0247524752475	1425.0	1.64827340691	53.0	0.0	0.0
SoctoA	TTA	L	M	0.0	0.594334561522	0.428571428571	0.0251572327044	0.704402515723	0.787128712871	0.0247524752475	1425.0	1.57306364682	20.0	0.0	0.0
CvartA	TTA	L	M	0.0	0.5573661112	0.153846153846	0.00651465798046	0.928338762215	0.938837920489	0.00611620795107	2250.0	1.8387330055	20.0	0.0	0.0
CdefoA	TTA	L	M	0.0	0.653631847663	0.230769230769	0.0125786163522	0.842767295597	0.916426512968	0.0115273775216	2247.0	1.75175742315	20.0	0.0	0.0
LdasiA	TTA	L	M	0.0	0.515462915613	0.428571428571	0.0152284263959	0.954314720812	0.951690821256	0.0144927536232	1429.0	1.88737617723	20.0	0.0	0.0
LkluyF	TTA	L	M	0.0	0.189404232392	0.285714285714	0.01	0.945	0.966183574879	0.00966183574879	1429.0	1.85330132053	20.0	0.0	0.0
LkluyE	TTA	L	M	0.0	0.505235602094	0.285714285714	0.0100502512563	0.94472361809	0.961352657005	0.00966183574879	1429.0	1.8528602462	20.0	0.0	0.0
LkluyD	TTA	L	M	0.0	0.510498468393	0.285714285714	0.010152284264	0.944162436548	0.951690821256	0.00966183574879	1429.0	1.8516405831	20.0	0.0	0.0
LkluyC	TTA	L	M	0.0	0.189404232392	0.285714285714	0.01	0.945	0.966183574879	0.00966183574879	1429.0	1.85330132053	20.0	0.0	0.0
LkluyB	TTA	L	M	0.0	1.0	1.0	0.0178571428571	0.946428571429	0.965517241379	0.0172413793103	434.0	1.89345460452	20.0	0.0	0.094
LkluyA	TTA	L	M	0.0	0.189404232392	0.285714285714	0.01	0.945	0.966183574879	0.00966183574879	1429.0	1.85330132053	20.0	0.0	0.0
MguilA	TTA	L	M	2.0	0.569117498295	0.0769230769231	0.00325732899023	0.951140065147	0.864788732394	0.00281690140845	2250.0	1.81836392774	20.0	0.0	0.0
SpastA	TTA	L	M	1.0	0.511141799008	0.285714285714	0.0102564102564	0.897435897436	0.955882352941	0.00980392156863	1429.0	1.78934934541	20.0	0.0	0.0
ScereC	TTA	L	M	0.0	0.516482337668	0.285714285714	0.0103092783505	0.907216494845	0.937198067633	0.00966183574879	1429.0	1.80349193788	20.0	0.0	0.0
ScereA	TTA	L	M	0.0	0.516482337668	0.285714285714	0.0103626943005	0.911917098446	0.936893203883	0.00970873786408	1429.0	1.81173253791	20.0	0.0	0.0
ScereD	TTA	L	M	0.0	0.516482337668	0.285714285714	0.0103092783505	0.907216494845	0.928229665072	0.00956937799043	1429.0	1.80349193788	20.0	0.0	0.0
ScereE	TTA	L	M	1.0	0.51101903008	0.285714285714	0.0102564102564	0.907692307692	0.933014354067	0.00956937799043	1429.0	1.80432107879	20.0	0.0	0.0
DhansA	TTA	L	M	0.0	0.540155215008	0.153846153846	0.00583090379009	0.950437317784	0.955431754875	0.00557103064067	2250.0	1.82679326939	20.0	0.0	0.0
CsalmA	TTA	L	M	0.0	0.688527724392	0.166666666667	0.0204081632653	0.775510204082	0.936305732484	0.0191082802548	2153.0	1.59852766211	20.0	0.0	0.0
LnothA	TTA	L	M	0.0	0.530603865012	0.428571428571	0.0153846153846	0.953846153846	0.9375	0.0144230769231	1429.0	1.89048792509	20.0	0.0	0.0
BcustA	TTA	L	M	0.0	0.64551619246	0.307692307692	0.0220125786164	0.861635220126	0.952095808383	0.0209580838323	2247.0	1.75309629836	20.0	0.0	0.0
AgossA	TTA	L	M	0.0	0.533138548324	0.285714285714	0.0210526315789	0.9	0.826086956522	0.0173913043478	1427.0	1.83902759527	20.0	0.0	0.0
MingeA	TTA	L	M	0.0	0.46015212855	0.307692307692	0.0238805970149	0.844776119403	0.991124260355	0.0236686390533	2249.0	1.78258417648	20.0	0.0	0.0
ScastA	TTA	L	M	0.0	0.250826191496	0.285714285714	0.0103626943005	0.875647668394	0.965	0.01	1426.0	1.76328862394	20.0	0.0	0.0
CmaltA	TTA	L	M	0.0	0.866295773462	0.153846153846	0.00896860986547	0.95067264574	0.612637362637	0.00824175824176	2250.0	1.88843762535	20.0	0.0	0.0
CmaltA	CTA	L	M	0.0	0.866295773462	0.0769230769231	0.0114942528736	0.919540229885	0.239010989011	0.00824175824176	2250.0	1.80963855422	52.0	0.0	0.0
KmarxA	TTA	L	M	0.0	0.509259259259	1.0	0.0181818181818	0.945454545455	0.982142857143	0.0178571428571	434.0	1.89267405325	20.0	0.0	0.094