### Random Forest prediction
genome	codon	ori_aa	rea_aa	fitch	Fisher pval	Gene frac	N. rea	N. used	Cod. count	Sub. count	G. len	codon_lik	id	prediction
Paracentrotus	TCT	S	L	0.0	0.547310103365	0.1	0.0344827586207	0.827586206897	0.295918367347	0.0204081632653	1784.0	-1.74910820452	29.0	0.0
Paracentrotus	TCC	S	L	0.0	0.547310103365	0.111111111111	0.04	0.64	0.255102040816	0.0204081632653	1784.0	-1.55310344828	31.0	0.0
Andalucia	TCT	S	L	0.0	0.864314353613	0.2	0.0377358490566	0.792452830189	0.490740740741	0.0185185185185	1783.0	-1.64197530864	29.0	0.0
Seculomonas	TCT	S	L	0.0	0.208681425588	0.111111111111	0.025641025641	0.794871794872	0.351351351351	0.036036036036	1784.0	-1.74758983348	29.0	0.0
Seculomonas	AGT	S	L	0.0	0.208681425588	0.25	0.153846153846	0.538461538462	0.117117117117	0.036036036036	1784.0	-1.30051813472	9.0	0.0
Seculomonas	TCA	S	L	0.0	0.208681425588	0.1	0.030303030303	0.818181818182	0.297297297297	0.036036036036	1784.0	-1.68763102725	28.0	0.0
Schistosoma	TCT	S	L	0.0	0.923802586174	0.111111111111	0.0196078431373	0.313725490196	0.383458646617	0.0225563909774	1688.0	-1.73616734143	29.0	0.0
Schistosoma	AGT	S	L	0.0	0.923802586174	0.1	0.0434782608696	0.413043478261	0.345864661654	0.0225563909774	1688.0	-1.72640117994	9.0	0.0
Fasciola	TCG	S	L	0.0	0.181897651005	0.166666666667	0.125	0.25	0.0615384615385	0.0461538461538	1701.0	-0.823275862069	30.0	0.0
Fasciola	TCT	S	L	0.0	0.181897651005	0.363636363636	0.0735294117647	0.308823529412	0.523076923077	0.0461538461538	1701.0	-1.72809213821	29.0	0.0
Lumbricus	TCT	S	L	0.0	0.832386138446	0.2	0.0833333333333	0.666666666667	0.235294117647	0.0490196078431	1781.0	-1.53846153846	29.0	0.0
Lumbricus	TCC	S	L	0.0	0.832386138446	0.125	0.05	0.65	0.196078431373	0.0490196078431	1781.0	-1.55172413793	31.0	0.0
Lumbricus	TCA	S	L	0.0	0.832386138446	0.181818181818	0.0416666666667	0.770833333333	0.470588235294	0.0490196078431	1781.0	-1.81494661922	28.0	0.0
Halocynthia	TCT	S	L	0.0	0.900201172788	0.181818181818	0.0408163265306	0.612244897959	0.408333333333	0.025	1746.0	-1.61211699164	29.0	0.0
Halocynthia	AGT	S	L	0.0	0.900201172788	0.1	0.0238095238095	0.52380952381	0.35	0.025	1746.0	-1.67651888342	9.0	0.0
Limulus	AGT	S	L	0.0	0.0501460556557	0.2	0.142857142857	0.571428571429	0.0654205607477	0.0280373831776	1781.0	-1.22596153846	9.0	0.0
Limulus	TCC	S	L	0.0	0.0501460556557	0.222222222222	0.0952380952381	0.52380952381	0.196261682243	0.0280373831776	1781.0	-1.3898858075	31.0	0.0
Caenorhabditis	TCG	S	L	0.0	0.0503803245573	0.5	0.5	0.0	0.0215053763441	0.0537634408602	1755.0	0.327586206897	30.0	0.0
Caenorhabditis	AGT	S	L	0.0	0.0503803245573	0.111111111111	0.0454545454545	0.409090909091	0.236559139785	0.0537634408602	1755.0	-1.74375	9.0	0.0
Caenorhabditis	AGC	S	L	0.0	0.0503803245573	0.333333333333	0.2	0.4	0.0537634408602	0.0537634408602	1755.0	-0.938356164384	11.0	0.0
Caenorhabditis	TCA	S	L	0.0	0.0503803245573	0.222222222222	0.0740740740741	0.37037037037	0.290322580645	0.0537634408602	1755.0	-1.47066326531	28.0	0.0
Axinella	TCT	S	L	0.0	0.955489095802	0.1	0.0263157894737	0.815789473684	0.355140186916	0.0280373831776	1777.0	-1.78629395852	29.0	0.0
Axinella	AGT	S	L	0.0	0.955489095802	0.1	0.0454545454545	0.818181818182	0.205607476636	0.0280373831776	1777.0	-1.80787401575	9.0	0.0
Axinella	TCA	S	L	0.0	0.955489095802	0.1	0.0434782608696	0.782608695652	0.214953271028	0.0280373831776	1777.0	-1.68005952381	28.0	0.0
Jbahamiensis	TCT	S	L	0.0	0.831460615968	0.125	0.0294117647059	0.852941176471	0.309090909091	0.00909090909091	1784.0	-1.67208121827	29.0	0.0
Katharina	AGT	S	L	0.0	0.0422590059587	0.25	0.166666666667	0.333333333333	0.0582524271845	0.0291262135922	1781.0	-0.947368421053	9.0	0.0
Katharina	TCA	S	L	0.0	0.0422590059587	0.222222222222	0.0833333333333	0.625	0.233009708738	0.0291262135922	1781.0	-1.58368495077	28.0	0.0
Geodia	AGT	S	L	0.0	0.468749953247	0.1	0.0357142857143	0.892857142857	0.239316239316	0.00854700854701	1780.0	-1.85962732919	9.0	0.0
Metridium	AGT	S	L	0.0	0.49456518174	0.125	0.047619047619	0.857142857143	0.203883495146	0.00970873786408	1783.0	-1.65181518152	9.0	0.0
Acropora	AGT	S	L	0.0	0.170573864967	0.111111111111	0.0416666666667	0.75	0.218181818182	0.0181818181818	1781.0	-1.87663280116	9.0	0.0
Acropora	TCA	S	L	0.0	0.170573864967	0.142857142857	0.111111111111	0.666666666667	0.0818181818182	0.0181818181818	1781.0	-1.38167938931	28.0	0.0
Trichinella	TCG	S	L	0.0	0.033410521628	0.25	0.2	0.4	0.0840336134454	0.0588235294118	1759.0	-0.709459459459	30.0	0.0
Trichinella	AGT	S	L	0.0	0.033410521628	0.111111111111	0.1	0.45	0.168067226891	0.0588235294118	1759.0	-1.46452702703	9.0	0.0
Trichinella	AGC	S	L	0.0	0.033410521628	0.333333333333	0.166666666667	0.25	0.100840336134	0.0588235294118	1759.0	-0.977077363897	11.0	0.0
Trichinella	TCA	S	L	0.0	0.033410521628	0.125	0.0322580645161	0.58064516129	0.260504201681	0.0588235294118	1759.0	-1.54250559284	28.0	0.0
Balanoglossus	TCC	S	L	0.0	0.846153793038	0.111111111111	0.0357142857143	0.964285714286	0.282828282828	0.010101010101	1784.0	-1.7193627451	31.0	0.0
Reclinomonas	TCA	S	L	0.0	0.793103376844	0.1	0.0204081632653	0.714285714286	0.4375	0.00892857142857	1784.0	-1.73014757554	28.0	0.0
Drosophila	TCT	S	L	0.0	0.309506270461	0.181818181818	0.04	0.64	0.47619047619	0.0285714285714	1783.0	-1.72037914692	29.0	0.0
Drosophila	AGT	S	L	0.0	0.309506270461	0.125	0.0833333333333	0.75	0.114285714286	0.0285714285714	1783.0	-1.4212034384	9.0	0.0
Jlibera	TCT	S	L	0.0	0.845690781197	0.2	0.0344827586207	0.793103448276	0.532110091743	0.0183486238532	1784.0	-1.6043890866	29.0	0.0
Myxine	TCT	S	L	0.0	0.950357651702	0.125	0.03125	0.65625	0.22695035461	0.0283687943262	1783.0	-1.72004357298	29.0	0.0
Myxine	TCC	S	L	0.0	0.950357651702	0.111111111111	0.0294117647059	0.617647058824	0.241134751773	0.0283687943262	1783.0	-1.68356997972	31.0	0.0
Myxine	TCA	S	L	0.0	0.950357651702	0.181818181818	0.0384615384615	0.711538461538	0.368794326241	0.0283687943262	1783.0	-1.55957867018	28.0	0.0
Ciona	TCT	S	L	0.0	0.393928155576	0.181818181818	0.0384615384615	0.442307692308	0.390977443609	0.015037593985	1767.0	-1.43625498008	29.0	0.0
Epigonichthys	TCT	S	L	0.0	0.741176381228	0.1	0.02	0.86	0.515463917526	0.0103092783505	1783.0	-1.77716643741	29.0	0.0
Daphnia	TCT	S	L	0.0	0.741493496885	0.222222222222	0.0434782608696	0.695652173913	0.414414414414	0.018018018018	1783.0	-1.66838235294	29.0	0.0
Homo	TCT	S	L	0.0	0.264713049874	0.166666666667	0.0833333333333	0.833333333333	0.108108108108	0.018018018018	1782.0	-1.43695014663	29.0	0.0
Homo	TCC	S	L	0.0	0.264713049874	0.111111111111	0.0263157894737	0.815789473684	0.342342342342	0.018018018018	1782.0	-1.60798548094	31.0	0.0
Blanceolatum	TCT	S	L	0.0	0.745454457572	0.125	0.0322580645161	0.870967741935	0.516666666667	0.0166666666667	1083.0	-1.64762931034	29.0	0.0
Saccoglossus	TCA	S	L	0.0	0.414237919234	0.222222222222	0.0606060606061	0.818181818182	0.302752293578	0.0183486238532	1784.0	-1.64968814969	28.0	0.0

### Alignment improvement:
