### Random Forest prediction
genome	codon	ori_aa	rea_aa	fitch	Fisher_pval	Gene_frac	N._rea	N._used	Cod._count	Sub._count	G._len	codon_lik	id	prediction	probability
Metaseiulus_occidentalis	GGA	G	L	0.0	0.779411688547	0.142857142857	0.0217391304348	0.95652173913	0.442307692308	0.00961538461538	1280.0	-3.39323943662	40.0	0.0	0.0
Schistosoma	GGT	G	L	0.0	0.475308591359	0.1	0.015873015873	0.777777777778	0.594339622642	0.0188679245283	1325.0	-3.29649265905	41.0	0.0	0.0
Schistosoma	GGG	G	L	0.0	0.475308591359	0.125	0.0416666666667	0.75	0.22641509434	0.0188679245283	1325.0	-3.16524520256	42.0	0.0	0.0
Fasciola	GGT	G	L	0.0	0.411764651338	0.181818181818	0.0327868852459	0.754098360656	0.580952380952	0.0190476190476	1332.0	-3.1436417406	41.0	0.0	0.0
Trichobilharzia_regenti	GGT	G	L	0.0	0.620000827179	0.2	0.027027027027	0.72972972973	0.627118644068	0.0338983050847	1324.0	-3.03776853777	41.0	0.0	0.0
Trichobilharzia_regenti	GGG	G	L	0.0	0.620000827179	0.1	0.0571428571429	0.685714285714	0.296610169492	0.0338983050847	1324.0	-2.98516320475	42.0	0.0	0.0
Versteria_mustelae	GGT	G	L	0.0	0.626505895146	0.0909090909091	0.012987012987	0.792207792208	0.754901960784	0.00980392156863	1328.0	-3.34959893048	41.0	0.0	0.0
Daphnia	GGT	G	L	0.0	0.0514886750494	0.142857142857	0.0666666666667	0.933333333333	0.110294117647	0.0147058823529	1351.0	-3.26850258176	41.0	0.0	0.0
Daphnia	GGC	G	L	0.0	0.0514886750494	0.1	0.047619047619	0.857142857143	0.154411764706	0.0147058823529	1351.0	-3.14002478315	43.0	0.0	0.0
Haplorchis_taichui	GGT	G	L	0.0	0.791509009649	0.125	0.0294117647059	0.794117647059	0.293103448276	0.0344827586207	1320.0	-3.29733840304	41.0	0.0	0.0
Haplorchis_taichui	GGG	G	L	0.0	0.791509009649	0.2	0.0526315789474	0.684210526316	0.491379310345	0.0344827586207	1320.0	-2.90708164186	42.0	0.0	0.0
Echinococcus_equinus	GGT	G	L	0.0	0.676829156717	0.1	0.015873015873	0.825396825397	0.605769230769	0.00961538461538	1331.0	-3.41642944286	41.0	0.0	0.0
Taenia_crassiceps	GGT	G	L	0.0	0.679012234857	0.1	0.0172413793103	0.879310344828	0.59793814433	0.0103092783505	1333.0	-3.50222024867	41.0	0.0	0.0
Geodia	GGG	G	L	0.0	0.422764179924	0.111111111111	0.027027027027	0.891891891892	0.278195488722	0.00751879699248	1350.0	-3.25797503467	42.0	0.0	0.0
Tetrancistrum_nebulosi	GGT	G	L	0.0	0.823170670656	0.111111111111	0.025641025641	0.717948717949	0.382352941176	0.00980392156863	1333.0	-3.1998667555	41.0	0.0	0.0
Acropora	GGG	G	L	0.0	0.876016217357	0.166666666667	0.0294117647059	0.882352941176	0.503703703704	0.0148148148148	1350.0	-3.23840060355	42.0	0.0	0.0
Pseudogarypus_banksi	GGG	G	L	0.0	0.366666595972	0.1	0.0222222222222	0.933333333333	0.398230088496	0.00884955752212	1347.0	-3.41173120729	42.0	0.0	0.0
Benedenia_hoshinai	GGA	G	L	0.0	0.364705837673	0.125	0.04	0.84	0.238095238095	0.00952380952381	1333.0	-3.37113402062	40.0	0.0	0.0
Ascidiella_aspersa	GGG	G	L	0.0	0.585714254477	0.111111111111	0.0454545454545	0.840909090909	0.4	0.0181818181818	1350.0	-2.9318975553	42.0	0.0	0.0