### Random Forest prediction
genome	codon	ori_aa	rea_aa	fitch	Fisher_pval	Gene_frac	N._rea	N._used	Cod._count	Sub._count	G._len	codon_lik	id	prediction	probability
candub	GCC	A	L	0.0	0.554331219291	0.0769230769231	0.016393442623	0.819672131148	0.212543554007	0.0104529616725	6160.0	-1.19316493314	47.0	0.0	0.0
candub	GCT	A	L	0.0	0.554331219291	0.125	0.014598540146	0.919708029197	0.477351916376	0.0104529616725	6160.0	-1.0725541694	45.0	0.0	0.0
zygro	GCA	A	L	0.0	0.744220152154	0.117647058824	0.0162601626016	0.756097560976	0.389240506329	0.00949367088608	6158.0	-1.17396142433	44.0	0.0	0.0
zygro	GCT	A	L	0.0	0.744220152154	0.0588235294118	0.00917431192661	0.761467889908	0.344936708861	0.00949367088608	6158.0	-1.07513491075	45.0	0.0	0.0
ogapa	GCA	A	L	0.0	0.267346905659	0.0666666666667	0.0147058823529	0.676470588235	0.213836477987	0.00314465408805	6151.0	-1.26266666667	44.0	0.0	0.0
canta	GCT	A	L	0.0	0.808823463407	0.0714285714286	0.00943396226415	0.849056603774	0.353333333333	0.00333333333333	6108.0	-1.08258833546	45.0	0.0	0.0
cybja	GCA	A	L	0.0	0.858006743331	0.0769230769231	0.0111111111111	0.733333333333	0.289389067524	0.016077170418	5899.0	-1.1161971831	44.0	0.0	0.0
cybja	GCC	A	L	0.0	0.858006743331	0.0666666666667	0.0140845070423	0.774647887324	0.228295819936	0.016077170418	5899.0	-1.12988650694	47.0	0.0	0.0
cybja	GCT	A	L	0.0	0.858006743331	0.142857142857	0.0241935483871	0.741935483871	0.398713826367	0.016077170418	5899.0	-1.16545189504	45.0	0.0	0.0
meygui	GCA	A	L	1.0	0.64117314424	0.125	0.0266666666667	0.666666666667	0.250836120401	0.0267558528428	5676.0	-1.18421052632	44.0	0.0	0.0
meygui	GCC	A	L	1.0	0.64117314424	0.0666666666667	0.0114942528736	0.770114942529	0.290969899666	0.0267558528428	5676.0	-1.23072943611	47.0	0.0	0.0
meygui	GCT	A	L	1.0	0.64117314424	0.1875	0.0425531914894	0.712765957447	0.314381270903	0.0267558528428	5676.0	-0.940419447092	45.0	0.0	0.0
meygui	GCG	A	L	1.0	0.64117314424	0.0769230769231	0.0232558139535	0.720930232558	0.14381270903	0.0267558528428	5676.0	-1.21780104712	46.0	0.0	0.0
clalu	GCA	A	L	0.0	0.730697356322	0.0666666666667	0.0147058823529	0.764705882353	0.246376811594	0.00724637681159	5703.0	-1.14161656647	44.0	0.0	0.0
clalu	GCT	A	L	0.0	0.730697356322	0.0714285714286	0.010989010989	0.813186813187	0.329710144928	0.00724637681159	5703.0	-1.12900049237	45.0	0.0	0.0
pacta	GCA	A	L	0.0	0.361236783406	0.166666666667	0.021978021978	0.791208791209	0.335793357934	0.00738007380074	5806.0	-1.14236111111	44.0	0.0	0.0
klula	GCA	A	L	0.0	0.105678884762	0.125	0.0238095238095	0.833333333333	0.260061919505	0.015479876161	6161.0	-1.04577275175	44.0	0.0	0.0
klula	GCT	A	L	0.0	0.105678884762	0.0625	0.00675675675676	0.790540540541	0.458204334365	0.015479876161	6161.0	-1.16900121803	45.0	0.0	0.0
klula	GCG	A	L	0.0	0.105678884762	0.166666666667	0.0588235294118	0.735294117647	0.105263157895	0.015479876161	6161.0	-1.02300405954	46.0	0.0	0.0
canalb	GCA	A	L	0.0	0.730271432168	0.0625	0.010989010989	0.813186813187	0.312714776632	0.0103092783505	6161.0	-1.17996011964	44.0	0.0	0.0
canalb	GCT	A	L	0.0	0.730271432168	0.125	0.0161290322581	0.862903225806	0.426116838488	0.0103092783505	6161.0	-1.08327299059	45.0	0.0	0.0
cangla	GCA	A	L	0.0	0.879399351066	0.0588235294118	0.00862068965517	0.689655172414	0.355828220859	0.0153374233129	6142.0	-1.20979020979	44.0	0.0	0.0
cangla	GCC	A	L	0.0	0.879399351066	0.142857142857	0.0285714285714	0.785714285714	0.21472392638	0.0153374233129	6142.0	-1.12070084361	47.0	0.0	0.0
cangla	GCT	A	L	0.0	0.879399351066	0.117647058824	0.018691588785	0.766355140187	0.328220858896	0.0153374233129	6142.0	-1.20856063785	45.0	0.0	0.0
torde	GCA	A	L	0.0	0.866402619757	0.0769230769231	0.01	0.75	0.310559006211	0.0186335403727	6162.0	-1.17224003665	44.0	0.0	0.0
torde	GCC	A	L	0.0	0.866402619757	0.125	0.0246913580247	0.802469135802	0.251552795031	0.0186335403727	6162.0	-1.01499167129	47.0	0.0	0.0
torde	GCT	A	L	0.0	0.866402619757	0.133333333333	0.019801980198	0.792079207921	0.313664596273	0.0186335403727	6162.0	-1.04110813226	45.0	0.0	0.0
torde	GCG	A	L	0.0	0.866402619757	0.0769230769231	0.025	0.75	0.124223602484	0.0186335403727	6162.0	-0.987556561086	46.0	0.0	0.0
erecy	GCA	A	L	0.0	0.457013519982	0.0625	0.0120481927711	0.831325301205	0.314393939394	0.00378787878788	4887.0	-1.12017400761	44.0	0.0	0.0
yarli	GCC	A	L	0.0	0.471144919014	0.117647058824	0.0131578947368	0.664473684211	0.408602150538	0.0161290322581	6117.0	-1.12625665287	47.0	0.0	0.0
yarli	GCT	A	L	0.0	0.471144919014	0.1875	0.0300751879699	0.571428571429	0.35752688172	0.0161290322581	6117.0	-1.30345535409	45.0	0.0	0.0
picpa	GCA	A	L	0.0	0.907388414972	0.0769230769231	0.0114942528736	0.724137931034	0.288079470199	0.00993377483444	5902.0	-1.32098121086	44.0	0.0	0.0
picpa	GCC	A	L	0.0	0.907388414972	0.0769230769231	0.0123456790123	0.753086419753	0.26821192053	0.00993377483444	5902.0	-1.33687150838	47.0	0.0	0.0
picpa	GCT	A	L	0.0	0.907388414972	0.0714285714286	0.00847457627119	0.762711864407	0.390728476821	0.00993377483444	5902.0	-1.16249050873	45.0	0.0	0.0
sacce	GCC	A	L	0.0	0.314761714603	0.125	0.0289855072464	0.797101449275	0.215625	0.0125	6163.0	-1.07496740548	47.0	0.0	0.0
sacce	GCT	A	L	0.0	0.314761714603	0.133333333333	0.0178571428571	0.75	0.35	0.0125	6163.0	-1.23023915687	45.0	0.0	0.0
ashgo	GCC	A	L	0.0	0.566130285923	0.214285714286	0.0337078651685	0.808988764045	0.269696969697	0.0181818181818	6151.0	-1.11945564516	47.0	0.0	0.0
ashgo	GCT	A	L	0.0	0.566130285923	0.0909090909091	0.016393442623	0.852459016393	0.184848484848	0.0181818181818	6151.0	-1.02406015038	45.0	0.0	0.0
ashgo	GCG	A	L	0.0	0.566130285923	0.125	0.0181818181818	0.763636363636	0.333333333333	0.0181818181818	6151.0	-1.25429272281	46.0	0.0	0.0
debha	GCT	A	L	0.0	0.843495880926	0.0666666666667	0.0111111111111	0.844444444444	0.31914893617	0.00354609929078	6165.0	-1.22677322677	45.0	0.0	0.0
kazaf	GCA	A	L	0.0	0.211202919665	0.0625	0.00884955752212	0.778761061947	0.370491803279	0.00655737704918	6137.0	-1.10964385754	44.0	0.0	0.0
kazaf	GCC	A	L	0.0	0.211202919665	0.0833333333333	0.0227272727273	0.795454545455	0.144262295082	0.00655737704918	6137.0	-0.985743380855	47.0	0.0	0.0
wican	GCT	A	L	0.0	0.674242311773	0.0666666666667	0.00653594771242	0.83660130719	0.648305084746	0.00423728813559	5128.0	-1.08079625293	45.0	0.0	0.0
cantro	GCA	A	L	0.0	0.528912477672	0.0625	0.00990099009901	0.772277227723	0.371323529412	0.0147058823529	5377.0	-1.25898004435	44.0	0.0	0.0
cantro	GCT	A	L	0.0	0.528912477672	0.176470588235	0.0263157894737	0.815789473684	0.419117647059	0.0147058823529	5377.0	-1.08339828527	45.0	0.0	0.0
picme	GCA	A	L	0.0	0.786891875335	0.0714285714286	0.0103092783505	0.659793814433	0.313915857605	0.0161812297735	6082.0	-1.25554528651	44.0	0.0	0.0
picme	GCC	A	L	0.0	0.786891875335	0.142857142857	0.0235294117647	0.705882352941	0.275080906149	0.0161812297735	6082.0	-1.13549415515	47.0	0.0	0.0
picme	GCT	A	L	0.0	0.786891875335	0.0666666666667	0.0125	0.725	0.258899676375	0.0161812297735	6082.0	-1.10869565217	45.0	0.0	0.0
picme	GCG	A	L	0.0	0.786891875335	0.0666666666667	0.0212765957447	0.595744680851	0.152103559871	0.0161812297735	6082.0	-1.25023877746	46.0	0.0	0.0
lodelo	GCA	A	L	0.0	0.289645342914	0.125	0.0169491525424	0.762711864407	0.384364820847	0.0130293159609	5494.0	-1.21066666667	44.0	0.0	0.0
lodelo	GCC	A	L	0.0	0.289645342914	0.0769230769231	0.0181818181818	0.672727272727	0.179153094463	0.0130293159609	5494.0	-1.27155519742	47.0	0.0	0.0
lodelo	GCG	A	L	0.0	0.289645342914	0.0833333333333	0.03125	0.8125	0.104234527687	0.0130293159609	5494.0	-0.988779803647	46.0	0.0	0.0