### Random Forest prediction
genome	codon	ori_aa	rea_aa	fitch	Fisher pval	Gene frac	N. rea	N. used	Cod. count	Sub. count	G. len	codon_lik	id	prediction
LmeyeA	TCT	S	G	0.0	0.354910449043	0.2	0.0344827586207	0.931034482759	0.287128712871	0.029702970297	1456.0	0.0729748603352	29.0	0.0
LmeyeA	AGT	S	G	0.0	0.354910449043	0.166666666667	0.0769230769231	0.923076923077	0.128712871287	0.029702970297	1456.0	0.595761381476	9.0	0.0
LmeyeA	TCA	S	G	0.0	0.354910449043	0.142857142857	0.0178571428571	0.946428571429	0.554455445545	0.029702970297	1456.0	0.0231413994169	28.0	0.0
SpombA	TCT	S	G	0.0	0.421390966726	0.166666666667	0.0357142857143	0.607142857143	0.261682242991	0.018691588785	1452.0	-0.422653958944	29.0	0.0
SpombA	AGT	S	G	0.0	0.421390966726	0.166666666667	0.0322580645161	0.548387096774	0.289719626168	0.018691588785	1452.0	-0.244094488189	9.0	0.0
SpastA	TCA	S	G	0.0	0.70879110825	0.142857142857	0.0166666666667	0.866666666667	0.588235294118	0.00980392156863	1456.0	0.00541271989175	28.0	0.0
AacerA	TCT	S	G	0.0	0.486559928214	0.5	0.0714285714286	0.785714285714	0.28	0.06	643.0	0.0889830508475	29.0	0.0
AacerA	AGT	S	G	0.0	0.486559928214	0.5	0.142857142857	0.714285714286	0.14	0.06	643.0	1.06034482759	9.0	0.0
AacerA	TCA	S	G	0.0	0.486559928214	0.5	0.0357142857143	0.857142857143	0.56	0.06	643.0	0.15649122807	28.0	0.0
CmetaD	TCT	S	G	0.0	0.47619042452	0.125	0.02	0.86	0.316455696203	0.00632911392405	2101.0	-0.0223489167617	29.0	0.0
CgigaA	AGT	S	G	0.0	0.897249235277	0.1	0.05	0.9	0.147058823529	0.0367647058824	1879.0	0.186328555678	9.0	0.0
CgigaA	AGC	S	G	0.0	0.897249235277	0.222222222222	0.0454545454545	0.886363636364	0.323529411765	0.0367647058824	1879.0	0.109563846558	11.0	0.0
CgigaA	TCC	S	G	0.0	0.897249235277	0.166666666667	0.0833333333333	0.916666666667	0.0882352941176	0.0367647058824	1879.0	0.220077220077	31.0	0.0
CgigaA	TCA	S	G	0.0	0.897249235277	0.125	0.0285714285714	0.828571428571	0.257352941176	0.0367647058824	1879.0	-0.123798076923	28.0	0.0
CsantA	TCT	S	G	0.0	0.565437434292	0.125	0.025	0.65	0.243902439024	0.0365853658537	2073.0	-0.22034368071	29.0	0.0
CsantA	AGT	S	G	0.0	0.565437434292	0.333333333333	0.0441176470588	0.691176470588	0.414634146341	0.0365853658537	2073.0	-0.00576217915139	9.0	0.0
CsantA	AGC	S	G	0.0	0.565437434292	0.222222222222	0.0869565217391	0.695652173913	0.140243902439	0.0365853658537	2073.0	0.219367588933	11.0	0.0
CtropB	AGT	S	G	0.0	0.950707380589	0.1	0.0263157894737	0.868421052632	0.245161290323	0.0193548387097	2101.0	0.0834394904459	9.0	0.0
CtropB	TCA	S	G	0.0	0.950707380589	0.2	0.0357142857143	0.892857142857	0.361290322581	0.0193548387097	2101.0	0.033681307859	28.0	0.0
CtropA	AGT	S	G	0.0	0.950280973847	0.1	0.0263157894737	0.842105263158	0.245161290323	0.0193548387097	2101.0	0.0184713375796	9.0	0.0
CtropA	TCA	S	G	0.0	0.950280973847	0.181818181818	0.0350877192982	0.894736842105	0.367741935484	0.0193548387097	2101.0	0.0326759474091	28.0	0.0
WpijpA	TCT	S	G	0.0	0.766909155652	0.333333333333	0.0714285714286	0.857142857143	0.254545454545	0.0454545454545	1456.0	0.159679183376	29.0	0.0
WpijpA	AGT	S	G	0.0	0.766909155652	0.25	0.0434782608696	0.826086956522	0.209090909091	0.0454545454545	1456.0	0.149425287356	9.0	0.0
WpijpA	TCA	S	G	0.0	0.766909155652	0.333333333333	0.0338983050847	0.881355932203	0.536363636364	0.0454545454545	1456.0	0.0529846894891	28.0	0.0
BarxA	TCA	S	G	0.0	0.74074065123	1.0	0.047619047619	0.619047619048	0.583333333333	0.0277777777778	442.0	-0.147942672215	28.0	0.0
CoxycA	TCT	S	G	0.0	0.515151488996	1.0	0.0909090909091	0.636363636364	0.268292682927	0.0487804878049	442.0	0.256840247132	29.0	0.0
CoxycA	TCA	S	G	0.0	0.515151488996	1.0	0.0833333333333	0.75	0.292682926829	0.0487804878049	442.0	0.221231766613	28.0	0.0
CsubhA	TCG	S	G	0.0	0.633662553216	0.125	0.047619047619	0.761904761905	0.12962962963	0.0246913580247	2098.0	0.0766685052399	30.0	0.0
CsubhA	AGC	S	G	0.0	0.633662553216	0.1	0.0175438596491	0.894736842105	0.351851851852	0.0246913580247	2098.0	-0.00794754619511	11.0	0.0
CsubhA	TCA	S	G	0.0	0.633662553216	0.222222222222	0.0526315789474	0.894736842105	0.234567901235	0.0246913580247	2098.0	0.238649940263	28.0	0.0
CsubhB	TCG	S	G	0.0	0.633662553216	0.125	0.047619047619	0.761904761905	0.12962962963	0.0246913580247	2098.0	0.0766685052399	30.0	0.0
CsubhB	AGC	S	G	0.0	0.633662553216	0.1	0.0175438596491	0.894736842105	0.351851851852	0.0246913580247	2098.0	-0.00794754619511	11.0	0.0
CsubhB	TCA	S	G	0.0	0.633662553216	0.222222222222	0.0526315789474	0.894736842105	0.234567901235	0.0246913580247	2098.0	0.238649940263	28.0	0.0
OanguA	AGT	S	G	0.0	0.370300718939	0.111111111111	0.0322580645161	0.774193548387	0.201298701299	0.012987012987	2101.0	0.0150197628458	9.0	0.0
OanguA	TCA	S	G	0.0	0.370300718939	0.0909090909091	0.0128205128205	0.846153846154	0.506493506494	0.012987012987	2101.0	-0.194325259516	28.0	0.0
SarboA	TCA	S	G	0.0	0.711956422291	0.142857142857	0.0172413793103	0.896551724138	0.563106796117	0.00970873786408	1456.0	-0.00753724802805	28.0	0.0
CcastA	TCT	S	G	0.0	0.262340353833	0.4	0.0909090909091	0.818181818182	0.217821782178	0.049504950495	1455.0	0.143580303728	29.0	0.0
CcastA	AGT	S	G	0.0	0.262340353833	0.2	0.0833333333333	0.916666666667	0.118811881188	0.049504950495	1455.0	0.477369769428	9.0	0.0
CcastA	TCA	S	G	0.0	0.262340353833	0.333333333333	0.030303030303	0.909090909091	0.653465346535	0.049504950495	1455.0	0.138461538462	28.0	0.0
KtherA	TCT	S	G	0.0	0.0448464816503	0.4	0.0833333333333	0.875	0.235294117647	0.0196078431373	1456.0	0.163644032054	29.0	0.0
CblacA	TCT	S	G	0.0	0.774193470426	1.0	0.0666666666667	0.866666666667	0.416666666667	0.0277777777778	442.0	0.192233009709	29.0	0.0
CnorvA	TCT	S	G	0.0	0.723515654943	0.222222222222	0.0769230769231	0.846153846154	0.168831168831	0.0454545454545	2101.0	0.198436821537	29.0	0.0
CnorvA	AGT	S	G	0.0	0.723515654943	0.1	0.025641025641	0.897435897436	0.253246753247	0.0454545454545	2101.0	0.114733928022	9.0	0.0
CnorvA	TCA	S	G	0.0	0.723515654943	0.272727272727	0.0454545454545	0.852272727273	0.571428571429	0.0454545454545	2101.0	0.07955561231	28.0	0.0
CviswA	AGT	S	G	0.0	0.785066251996	0.272727272727	0.051724137931	0.844827586207	0.360248447205	0.0372670807453	2101.0	0.157009724473	9.0	0.0
CviswA	TCA	S	G	0.0	0.785066251996	0.166666666667	0.046875	0.921875	0.39751552795	0.0372670807453	2101.0	0.153333333333	28.0	0.0
MstarA	AGT	S	G	0.0	0.516690605321	0.1	0.015625	0.765625	0.374269005848	0.0233918128655	2101.0	-0.0375383504783	9.0	0.0
MstarA	TCA	S	G	0.0	0.516690605321	0.3	0.0434782608696	0.724637681159	0.40350877193	0.0233918128655	2101.0	-0.121197089947	28.0	0.0
NbaciA	TCT	S	G	0.0	0.810988945732	0.166666666667	0.025	0.875	0.380952380952	0.0190476190476	1455.0	-0.0537742994193	29.0	0.0
NbaciA	TCA	S	G	0.0	0.810988945732	0.166666666667	0.02	0.84	0.47619047619	0.0190476190476	1455.0	-0.041081960545	28.0	0.0
KmarxA	TCA	S	G	0.0	0.632352814245	1.0	0.04	0.96	0.714285714286	0.0285714285714	442.0	0.168028004667	28.0	0.0
LstarA	TCT	S	G	0.0	0.861386090757	0.142857142857	0.0192307692308	0.75	0.393939393939	0.0151515151515	1779.0	-0.224556489262	29.0	0.0
LstarA	AGT	S	G	0.0	0.861386090757	0.142857142857	0.0212765957447	0.723404255319	0.356060606061	0.0151515151515	1779.0	-0.0239940014996	9.0	0.0
MfariA	TCT	S	G	0.0	0.797840360636	0.1	0.037037037037	0.796296296296	0.3375	0.025	2101.0	-0.000211999152003	29.0	0.0
MfariA	AGT	S	G	0.0	0.797840360636	0.111111111111	0.0208333333333	0.916666666667	0.3	0.025	2101.0	0.0828445747801	9.0	0.0
MfariA	TCA	S	G	0.0	0.797840360636	0.125	0.0196078431373	0.941176470588	0.31875	0.025	2101.0	0.0308350213819	28.0	0.0
MfariB	TCA	S	G	0.0	0.180385919666	0.3	0.0519480519481	0.857142857143	0.475308641975	0.0246913580247	2101.0	0.042846768337	28.0	0.0
CalaiA	AGT	S	G	0.0	0.700729188908	0.111111111111	0.0204081632653	0.836734693878	0.355072463768	0.0217391304348	1905.0	-0.143531633617	9.0	0.0
CalaiA	TCA	S	G	0.0	0.700729188908	0.222222222222	0.0384615384615	0.884615384615	0.376811594203	0.0217391304348	1905.0	0.0439204808137	28.0	0.0
LanspB	TCT	S	G	0.0	0.274891460276	0.2	0.0416666666667	0.916666666667	0.237623762376	0.029702970297	1456.0	0.104641350211	29.0	0.0
LanspB	AGT	S	G	0.0	0.274891460276	0.2	0.0714285714286	0.857142857143	0.138613861386	0.029702970297	1456.0	0.505839416058	9.0	0.0
LanspB	TCA	S	G	0.0	0.274891460276	0.142857142857	0.0161290322581	0.951612903226	0.613861386139	0.029702970297	1456.0	0.0144808293566	28.0	0.0
CphanA	TCT	S	G	0.0	0.516758050286	0.125	0.0322580645161	0.838709677419	0.210884353741	0.0204081632653	2100.0	-0.10378462739	29.0	0.0
CphanA	TCA	S	G	0.0	0.516758050286	0.2	0.025641025641	0.74358974359	0.530612244898	0.0204081632653	2100.0	-0.0743436073059	28.0	0.0
LanspA	TCT	S	G	0.0	0.829622699371	0.166666666667	0.0322580645161	0.903225806452	0.300970873786	0.0194174757282	1456.0	0.0966262692434	29.0	0.0
LanspA	TCA	S	G	0.0	0.829622699371	0.166666666667	0.0172413793103	0.965517241379	0.563106796117	0.0194174757282	1456.0	0.00457022323783	28.0	0.0
CsojaA	TCA	S	G	0.0	0.599090879064	0.285714285714	0.0444444444444	0.888888888889	0.409090909091	0.0181818181818	1435.0	0.205941088367	28.0	0.0
CglabA	TCT	S	G	0.0	0.0682433463157	0.333333333333	0.0714285714286	0.821428571429	0.277227722772	0.029702970297	1439.0	0.180997109827	29.0	0.0
CglabA	AGT	S	G	0.0	0.0682433463157	0.2	0.0833333333333	0.833333333333	0.118811881188	0.029702970297	1439.0	0.476923076923	9.0	0.0
ScryoA	AGT	S	G	0.0	0.387543694071	0.333333333333	0.0625	0.4375	0.293577981651	0.0275229357798	1454.0	-0.18648905804	9.0	0.0
ScryoA	TCA	S	G	0.0	0.387543694071	0.166666666667	0.025641025641	0.666666666667	0.357798165138	0.0275229357798	1454.0	-0.169186652763	28.0	0.0
CneerA	TCT	S	G	0.0	0.904293815153	0.0909090909091	0.0243902439024	0.853658536585	0.259493670886	0.0189873417722	2101.0	0.00678610206298	29.0	0.0
CneerA	AGT	S	G	0.0	0.904293815153	0.1	0.0172413793103	0.913793103448	0.367088607595	0.0189873417722	2101.0	-0.0122559202327	9.0	0.0
CneerA	TCA	S	G	0.0	0.904293815153	0.111111111111	0.0188679245283	0.849056603774	0.335443037975	0.0189873417722	2101.0	-0.125737152485	28.0	0.0
CsakeA	TCT	S	G	0.0	0.188701446045	0.111111111111	0.0526315789474	0.868421052632	0.25	0.0197368421053	2065.0	0.225147928994	29.0	0.0
CsakeA	TCA	S	G	0.0	0.188701446045	0.1	0.0140845070423	0.915492957746	0.467105263158	0.0197368421053	2065.0	-0.00756113256113	28.0	0.0
HuvarA	AGT	S	G	0.0	0.122360389417	0.4	0.129032258065	0.709677419355	0.287037037037	0.0462962962963	1397.0	0.388834476004	9.0	0.0
HuvarA	TCA	S	G	0.0	0.122360389417	0.166666666667	0.02	0.62	0.462962962963	0.0462962962963	1397.0	-0.372472942618	28.0	0.0
CjiufA	TCT	S	G	0.0	0.910640025832	0.0909090909091	0.0188679245283	0.849056603774	0.33125	0.01875	2080.0	-0.020485415275	29.0	0.0
CjiufA	AGT	S	G	0.0	0.910640025832	0.1	0.0217391304348	0.891304347826	0.2875	0.01875	2080.0	-0.118069815195	9.0	0.0
CjiufA	TCA	S	G	0.0	0.910640025832	0.111111111111	0.02	0.92	0.3125	0.01875	2080.0	-0.0126469935656	28.0	0.0
KlactA	TCA	S	G	0.0	0.749298651172	0.333333333333	0.0289855072464	0.927536231884	0.676470588235	0.0196078431373	1434.0	0.0581292416642	28.0	0.0
CzempA	AGT	S	G	0.0	0.256944420811	0.166666666667	0.0526315789474	0.578947368421	0.345454545455	0.0181818181818	1455.0	0.188739946381	9.0	0.0
CmetaB	TCT	S	G	0.0	0.47619042452	0.125	0.02	0.86	0.316455696203	0.00632911392405	2101.0	-0.0223489167617	29.0	0.0
CmetaC	TCT	S	G	0.0	0.47619042452	0.125	0.02	0.86	0.316455696203	0.00632911392405	2101.0	-0.0223489167617	29.0	0.0
CmetaA	TCT	S	G	0.0	0.47619042452	0.125	0.02	0.86	0.316455696203	0.00632911392405	2101.0	-0.0223489167617	29.0	0.0
CmetaF	TCT	S	G	0.0	0.47619042452	0.125	0.02	0.86	0.316455696203	0.00632911392405	2101.0	-0.0223489167617	29.0	0.0
CfrijA	TCT	S	G	0.0	0.78071234628	0.0909090909091	0.025641025641	0.846153846154	0.240740740741	0.0246913580247	2101.0	0.00472394449365	29.0	0.0
CfrijA	AGT	S	G	0.0	0.78071234628	0.1	0.0166666666667	0.9	0.37037037037	0.0246913580247	2101.0	-0.0106888361045	9.0	0.0
CfrijA	TCA	S	G	0.0	0.78071234628	0.1	0.0344827586207	0.844827586207	0.358024691358	0.0246913580247	2101.0	0.0221374045802	28.0	0.0
CgallA	TCT	S	G	0.0	0.310843096461	0.222222222222	0.0526315789474	0.710526315789	0.255033557047	0.0201342281879	2101.0	0.0751808744888	29.0	0.0
CgallA	TCA	S	G	0.0	0.310843096461	0.1	0.0138888888889	0.791666666667	0.48322147651	0.0201342281879	2101.0	-0.125616522811	28.0	0.0
CmetaE	TCT	S	G	0.0	0.47619042452	0.125	0.02	0.86	0.316455696203	0.00632911392405	2101.0	-0.0223489167617	29.0	0.0
PpastA	AGT	S	G	0.0	0.349667805756	0.222222222222	0.0625	0.8125	0.285714285714	0.0297619047619	2101.0	0.261363636364	9.0	0.0
PpastA	TCA	S	G	0.0	0.349667805756	0.166666666667	0.0192307692308	0.788461538462	0.619047619048	0.0297619047619	2101.0	-0.1638480123	28.0	0.0
SjapoA	TCT	S	G	0.0	0.219884794773	0.285714285714	0.031746031746	0.619047619048	0.577981651376	0.045871559633	1450.0	-0.330115830116	29.0	0.0
SjapoA	AGT	S	G	0.0	0.219884794773	0.333333333333	0.107142857143	0.392857142857	0.256880733945	0.045871559633	1450.0	0.222100656455	9.0	0.0
CalbiE	AGT	S	G	0.0	0.908906851141	0.25	0.037037037037	0.777777777778	0.321428571429	0.0357142857143	1101.0	0.0174721189591	9.0	0.0
CalbiE	TCA	S	G	0.0	0.908906851141	0.4	0.0540540540541	0.918918918919	0.440476190476	0.0357142857143	1101.0	0.177698434496	28.0	0.0
CtetrA	TCT	S	G	0.0	0.939571589623	0.1	0.027027027027	0.864864864865	0.23125	0.03125	2101.0	0.0700934579439	29.0	0.0
CtetrA	AGT	S	G	0.0	0.939571589623	0.2	0.0338983050847	0.830508474576	0.36875	0.03125	2101.0	0.0541674995003	9.0	0.0
CtetrA	TCA	S	G	0.0	0.939571589623	0.2	0.0357142857143	0.928571428571	0.35	0.03125	2101.0	0.101397912975	28.0	0.0
MmagnB	TCA	S	G	0.0	0.851562448751	0.1	0.0181818181818	0.672727272727	0.335365853659	0.00609756097561	2101.0	-0.336342681521	28.0	0.0
MmagnA	TCA	S	G	0.0	0.851562448751	0.1	0.0181818181818	0.672727272727	0.335365853659	0.00609756097561	2101.0	-0.336342681521	28.0	0.0
CparaA	TCT	S	G	0.0	0.865605612309	0.125	0.02	0.94	0.409836065574	0.016393442623	1659.0	0.0049598488427	29.0	0.0
CparaA	AGT	S	G	0.0	0.865605612309	0.125	0.025641025641	0.948717948718	0.319672131148	0.016393442623	1659.0	-0.0158532794529	9.0	0.0
CcoryA	TCT	S	G	0.0	0.907150416692	0.1	0.0243902439024	0.878048780488	0.25786163522	0.0188679245283	2101.0	-0.033203125	29.0	0.0
CcoryA	AGT	S	G	0.0	0.907150416692	0.1	0.0181818181818	0.890909090909	0.345911949686	0.0188679245283	2101.0	-0.065786672344	9.0	0.0
CcoryA	TCA	S	G	0.0	0.907150416692	0.1	0.0185185185185	0.925925925926	0.339622641509	0.0188679245283	2101.0	0.102422439439	28.0	0.0
CparaC	TCT	S	G	0.0	0.882777031903	0.111111111111	0.0169491525424	0.915254237288	0.36875	0.0125	2101.0	-0.0112403100775	29.0	0.0
CparaC	AGT	S	G	0.0	0.882777031903	0.111111111111	0.02	0.92	0.3125	0.0125	2101.0	-0.0632474701012	9.0	0.0
CparaB	TCT	S	G	0.0	0.882777031903	0.111111111111	0.0169491525424	0.915254237288	0.36875	0.0125	2101.0	-0.0112403100775	29.0	0.0
CparaB	AGT	S	G	0.0	0.882777031903	0.111111111111	0.02	0.92	0.3125	0.0125	2101.0	-0.0632474701012	9.0	0.0
CparaE	TCT	S	G	0.0	0.882777031903	0.111111111111	0.0169491525424	0.915254237288	0.36875	0.0125	2101.0	-0.0112403100775	29.0	0.0
CparaE	AGT	S	G	0.0	0.882777031903	0.111111111111	0.02	0.92	0.3125	0.0125	2101.0	-0.0632474701012	9.0	0.0
CparaD	TCT	S	G	0.0	0.882777031903	0.111111111111	0.0169491525424	0.915254237288	0.36875	0.0125	2101.0	-0.0112403100775	29.0	0.0
CparaD	AGT	S	G	0.0	0.882777031903	0.111111111111	0.02	0.92	0.3125	0.0125	2101.0	-0.0632474701012	9.0	0.0
CparaF	TCT	S	G	0.0	0.882777031903	0.111111111111	0.0169491525424	0.915254237288	0.36875	0.0125	2101.0	-0.0112403100775	29.0	0.0
CparaF	AGT	S	G	0.0	0.882777031903	0.111111111111	0.02	0.92	0.3125	0.0125	2101.0	-0.0632474701012	9.0	0.0
MtetrA	TCT	S	G	0.0	0.475999968237	0.125	0.037037037037	0.814814814815	0.169811320755	0.0062893081761	2100.0	-0.0631720430108	29.0	0.0
CsaraA	TCT	S	G	0.0	0.934756136132	0.111111111111	0.0238095238095	0.928571428571	0.2625	0.025	2101.0	0.0634307777165	29.0	0.0
CsaraA	AGT	S	G	0.0	0.934756136132	0.222222222222	0.0333333333333	0.85	0.375	0.025	2101.0	0.0358255451713	9.0	0.0
CsaraA	TCA	S	G	0.0	0.934756136132	0.1	0.0208333333333	0.875	0.3	0.025	2101.0	0.0102412380519	28.0	0.0
CsuavA	TCT	S	G	0.0	0.156917250896	0.111111111111	0.027027027027	0.891891891892	0.23125	0.05	2101.0	0.0467260012715	29.0	0.0
CsuavA	AGT	S	G	0.0	0.156917250896	0.333333333333	0.0789473684211	0.815789473684	0.2375	0.05	2101.0	0.286319218241	9.0	0.0
CsuavA	TCC	S	G	0.0	0.156917250896	0.5	0.5	0.5	0.0125	0.05	2101.0	1.45833333333	31.0	0.0
CsuavA	TCA	S	G	0.0	0.156917250896	0.3	0.0375	0.85	0.5	0.05	2101.0	0.00137193030594	28.0	0.0
PkluyA	AGT	S	G	0.0	0.188548366103	0.2	0.0555555555556	0.777777777778	0.233766233766	0.0194805194805	2101.0	0.180053547523	9.0	0.0
PkluyA	TCA	S	G	0.0	0.188548366103	0.0833333333333	0.00884955752212	0.796460176991	0.733766233766	0.0194805194805	2101.0	-0.120420967416	28.0	0.0
PcanaA	TCT	S	G	0.0	0.867617970247	0.25	0.0606060606061	0.848484848485	0.211538461538	0.0576923076923	2101.0	0.173787110789	29.0	0.0
PcanaA	AGT	S	G	0.0	0.867617970247	0.3	0.0714285714286	0.809523809524	0.269230769231	0.0576923076923	2101.0	0.265171124533	9.0	0.0
PcanaA	TCA	S	G	0.0	0.867617970247	0.4	0.05	0.875	0.512820512821	0.0576923076923	2101.0	0.117107245583	28.0	0.0
YlipoB	TCT	S	G	0.0	0.451400597915	0.25	0.05	0.75	0.27397260274	0.0205479452055	2100.0	0.0125574272588	29.0	0.0
YlipoB	TCA	S	G	0.0	0.451400597915	0.1	0.0151515151515	0.772727272727	0.452054794521	0.0205479452055	2100.0	-0.0817411530155	28.0	0.0
YlipoA	TCT	S	G	0.0	0.451400597915	0.25	0.05	0.75	0.27397260274	0.0205479452055	2100.0	0.0125574272588	29.0	0.0
YlipoA	TCA	S	G	0.0	0.451400597915	0.1	0.0151515151515	0.772727272727	0.452054794521	0.0205479452055	2100.0	-0.0817411530155	28.0	0.0
CjadiA	AGT	S	G	0.0	0.45205969414	0.333333333333	0.0789473684211	0.842105263158	0.238993710692	0.0503144654088	2100.0	0.320578778135	9.0	0.0
CjadiA	TCA	S	G	0.0	0.45205969414	0.333333333333	0.0531914893617	0.840425531915	0.591194968553	0.0503144654088	2100.0	0.0860771401693	28.0	0.0
AgossB	TCT	S	G	0.0	0.402733056846	0.142857142857	0.030303030303	0.939393939394	0.308411214953	0.0560747663551	1456.0	0.052471018914	29.0	0.0
AgossB	AGT	S	G	0.0	0.402733056846	0.166666666667	0.125	0.8125	0.14953271028	0.0560747663551	1456.0	0.898402555911	9.0	0.0
AgossB	TCA	S	G	0.0	0.402733056846	0.5	0.051724137931	0.793103448276	0.542056074766	0.0560747663551	1456.0	0.121652371784	28.0	0.0
NdelpA	TCT	S	G	0.0	0.0302994075588	0.4	0.0769230769231	0.769230769231	0.254901960784	0.0294117647059	1439.0	0.218713900655	29.0	0.0
NdelpA	AGT	S	G	0.0	0.0302994075588	0.2	0.0909090909091	0.818181818182	0.107843137255	0.0294117647059	1439.0	0.519069767442	9.0	0.0
LelonA	TCT	S	G	0.0	0.719031423368	0.111111111111	0.0294117647059	0.911764705882	0.208588957055	0.0184049079755	2101.0	0.0781466113416	29.0	0.0
LelonA	AGT	S	G	0.0	0.719031423368	0.111111111111	0.0208333333333	0.895833333333	0.294478527607	0.0184049079755	2101.0	-0.0219224283305	9.0	0.0
LelonA	TCA	S	G	0.0	0.719031423368	0.0909090909091	0.0131578947368	0.894736842105	0.466257668712	0.0184049079755	2101.0	-0.0800995753405	28.0	0.0
LkluyF	TCA	S	G	0.0	0.795072717602	0.333333333333	0.031746031746	0.936507936508	0.623762376238	0.019801980198	1456.0	0.116248989491	28.0	0.0
CalimA	TCT	S	G	0.0	0.53515709968	0.125	0.030303030303	0.69696969697	0.222972972973	0.0202702702703	2100.0	-0.192431274545	29.0	0.0
CalimA	TCA	S	G	0.0	0.53515709968	0.2	0.0263157894737	0.776315789474	0.513513513514	0.0202702702703	2100.0	-0.0618998374945	28.0	0.0
BcaliA	TCT	S	G	0.0	0.0626420264571	0.1	0.030303030303	0.848484848485	0.214285714286	0.0454545454545	2101.0	-0.0223182145428	29.0	0.0
BcaliA	AGT	S	G	0.0	0.0626420264571	0.2	0.0526315789474	0.868421052632	0.246753246753	0.0454545454545	2101.0	0.241664020324	9.0	0.0
BcaliA	TCC	S	G	0.0	0.0626420264571	1.0	1.0	0.0	0.00649350649351	0.0454545454545	2101.0	3.25	31.0	0.0
BcaliA	TCA	S	G	0.0	0.0626420264571	0.3	0.0365853658537	0.878048780488	0.532467532468	0.0454545454545	2101.0	0.0452830188679	28.0	0.0
SoctoA	AGT	S	G	0.0	0.0192744741362	0.166666666667	0.03125	0.46875	0.293577981651	0.0275229357798	1454.0	-0.47458703939	9.0	0.0
SoctoA	AGC	S	G	0.0	0.0192744741362	0.333333333333	0.25	0.0	0.0366972477064	0.0275229357798	1454.0	0.45501285347	11.0	0.0
SoctoA	TCA	S	G	0.0	0.0192744741362	0.166666666667	0.0277777777778	0.611111111111	0.330275229358	0.0275229357798	1454.0	-0.132224414999	28.0	0.0
LkluyB	TCA	S	G	0.0	0.691176363966	1.0	0.0454545454545	0.909090909091	0.628571428571	0.0285714285714	442.0	0.293598233996	28.0	0.0
CdefoA	TCT	S	G	0.0	0.544980413352	0.111111111111	0.0277777777778	0.75	0.243243243243	0.0202702702703	2100.0	-0.137088564642	29.0	0.0
CdefoA	TCA	S	G	0.0	0.544980413352	0.2	0.0277777777778	0.777777777778	0.486486486486	0.0202702702703	2100.0	-0.0117827084927	28.0	0.0
LdasiA	TCT	S	G	0.0	0.0697123420509	0.4	0.08	0.84	0.245098039216	0.0294117647059	1456.0	0.137429264349	29.0	0.0
LdasiA	AGT	S	G	0.0	0.0697123420509	0.2	0.0666666666667	0.8	0.147058823529	0.0294117647059	1456.0	0.518064076346	9.0	0.0
CpseuA	TCT	S	G	0.0	0.833333275791	1.0	0.0714285714286	0.714285714286	0.35	0.025	442.0	0.334722222222	29.0	0.0
LkluyE	TCA	S	G	0.0	0.788241808189	0.333333333333	0.03125	0.9375	0.633663366337	0.019801980198	1456.0	0.113835376532	28.0	0.0
LkluyD	TCA	S	G	0.0	0.61080973116	0.5	0.0491803278689	0.918032786885	0.598039215686	0.0294117647059	1456.0	0.189600401271	28.0	0.0
LkluyC	TCA	S	G	0.0	0.795072717602	0.333333333333	0.031746031746	0.936507936508	0.623762376238	0.019801980198	1456.0	0.116248989491	28.0	0.0
CvartA	TCT	S	G	0.0	0.539381053401	0.25	0.0625	0.84375	0.2	0.05	2101.0	0.328275351591	29.0	0.0
CvartA	AGT	S	G	0.0	0.539381053401	0.3	0.075	0.825	0.25	0.05	2101.0	0.263850627487	9.0	0.0
CvartA	TCA	S	G	0.0	0.539381053401	0.25	0.0344827586207	0.862068965517	0.54375	0.05	2101.0	-0.0731768861973	28.0	0.0
LkluyA	TCA	S	G	0.0	0.795072717602	0.333333333333	0.031746031746	0.936507936508	0.623762376238	0.019801980198	1456.0	0.116248989491	28.0	0.0
CorthB	TCT	S	G	0.0	0.889805875251	0.1	0.0172413793103	0.913793103448	0.364779874214	0.0125786163522	2101.0	0.00606534924672	29.0	0.0
CorthB	AGT	S	G	0.0	0.889805875251	0.111111111111	0.0208333333333	0.916666666667	0.301886792453	0.0125786163522	2101.0	-0.046657046657	9.0	0.0
CorthC	TCT	S	G	0.0	0.888264064452	0.1	0.0166666666667	0.916666666667	0.377358490566	0.0125786163522	2101.0	0.0212483399734	29.0	0.0
CorthC	AGT	S	G	0.0	0.888264064452	0.111111111111	0.0212765957447	0.914893617021	0.295597484277	0.0125786163522	2101.0	-0.0471023427867	9.0	0.0
CorthA	TCT	S	G	0.0	0.887765243311	0.1	0.0169491525424	0.915254237288	0.37106918239	0.0125786163522	2101.0	0.0192086054552	29.0	0.0
CorthA	AGT	S	G	0.0	0.887765243311	0.111111111111	0.0208333333333	0.916666666667	0.301886792453	0.0125786163522	2101.0	-0.046657046657	9.0	0.0
ClusiA	TCT	S	G	0.0	0.798030679401	0.1	0.0232558139535	0.906976744186	0.270440251572	0.0314465408805	2101.0	0.073513215859	29.0	0.0
ClusiA	AGT	S	G	0.0	0.798030679401	0.111111111111	0.0212765957447	0.872340425532	0.295597484277	0.0314465408805	2101.0	0.105612998523	9.0	0.0
ClusiA	TCA	S	G	0.0	0.798030679401	0.181818181818	0.0434782608696	0.869565217391	0.433962264151	0.0314465408805	2101.0	0.0872537847957	28.0	0.0
MguilA	TCT	S	G	0.0	0.393826397745	0.166666666667	0.06	0.8	0.316455696203	0.0316455696203	2101.0	0.124567474048	29.0	0.0
MguilA	TCA	S	G	0.0	0.393826397745	0.2	0.0350877192982	0.947368421053	0.360759493671	0.0316455696203	2101.0	0.0985044865404	28.0	0.0
WmucoA	TCT	S	G	0.0	0.964791577846	0.181818181818	0.06	0.88	0.31847133758	0.0573248407643	2101.0	0.256696948521	29.0	0.0
WmucoA	AGT	S	G	0.0	0.964791577846	0.272727272727	0.0666666666667	0.822222222222	0.286624203822	0.0573248407643	2101.0	0.241140420997	9.0	0.0
WmucoA	TCA	S	G	0.0	0.964791577846	0.333333333333	0.0508474576271	0.847457627119	0.375796178344	0.0573248407643	2101.0	0.0706057227796	28.0	0.0
ScereC	TCA	S	G	0.0	0.692307586076	0.142857142857	0.016393442623	0.901639344262	0.616161616162	0.010101010101	1456.0	0.0219487861656	28.0	0.0
ScereA	TCA	S	G	0.0	0.692307586076	0.142857142857	0.0166666666667	0.916666666667	0.612244897959	0.0102040816327	1456.0	0.0145491456606	28.0	0.0
ScereD	TCA	S	G	0.0	0.692307586076	0.142857142857	0.0166666666667	0.916666666667	0.606060606061	0.010101010101	1456.0	0.0135547272111	28.0	0.0
ScereE	TCA	S	G	0.0	0.692307586076	0.142857142857	0.0166666666667	0.916666666667	0.6	0.01	1456.0	0.0135547272111	28.0	0.0
DhansA	TCT	S	G	0.0	0.381195805265	0.111111111111	0.0285714285714	0.857142857143	0.21875	0.01875	2101.0	0.0887239307176	29.0	0.0
DhansA	TCA	S	G	0.0	0.381195805265	0.181818181818	0.0285714285714	0.914285714286	0.4375	0.01875	2101.0	-0.0195207109983	28.0	0.0
CsalmA	AGT	S	G	0.0	0.2336016639	0.363636363636	0.0526315789474	0.684210526316	0.484076433121	0.0254777070064	2098.0	-0.105847862984	9.0	0.0
LnothA	TCT	S	G	0.0	0.271303557907	0.2	0.04	0.92	0.247524752475	0.029702970297	1456.0	0.0831305758313	29.0	0.0
LnothA	AGT	S	G	0.0	0.271303557907	0.2	0.0666666666667	0.866666666667	0.148514851485	0.029702970297	1456.0	0.49622512011	9.0	0.0
LnothA	TCA	S	G	0.0	0.271303557907	0.142857142857	0.016393442623	0.950819672131	0.60396039604	0.029702970297	1456.0	0.0228714524207	28.0	0.0
BcustA	AGT	S	G	0.0	0.146738508374	0.3	0.0882352941176	0.764705882353	0.22972972973	0.027027027027	2101.0	0.48692225009	9.0	0.0
BcustA	TCA	S	G	0.0	0.146738508374	0.0909090909091	0.0112359550562	0.752808988764	0.601351351351	0.027027027027	2101.0	-0.14155597723	28.0	0.0
CtheaA	TCT	S	G	0.0	0.466261532577	0.1	0.0204081632653	0.897959183673	0.308176100629	0.0125786163522	2101.0	-0.0293913445962	29.0	0.0
CtheaA	AGT	S	G	0.0	0.466261532577	0.111111111111	0.0212765957447	0.914893617021	0.295597484277	0.0125786163522	2101.0	-0.0477597242738	9.0	0.0
AgossA	TCT	S	G	0.0	0.336362729222	0.142857142857	0.0294117647059	0.941176470588	0.317757009346	0.0560747663551	1456.0	0.0573794735285	29.0	0.0
AgossA	AGT	S	G	0.0	0.336362729222	0.166666666667	0.125	0.8125	0.14953271028	0.0560747663551	1456.0	0.898402555911	9.0	0.0
AgossA	TCA	S	G	0.0	0.336362729222	0.5	0.0526315789474	0.789473684211	0.532710280374	0.0560747663551	1456.0	0.119964349376	28.0	0.0
MingeA	TCT	S	G	0.0	0.322241483685	0.125	0.0285714285714	0.714285714286	0.203488372093	0.0174418604651	2101.0	-0.15444015444	29.0	0.0
MingeA	AGT	S	G	0.0	0.322241483685	0.2	0.031746031746	0.777777777778	0.366279069767	0.0174418604651	2101.0	0.100235635309	9.0	0.0
ScastA	TCT	S	G	0.0	0.496336947647	0.2	0.0416666666667	0.833333333333	0.233009708738	0.0194174757282	1456.0	0.026740237691	29.0	0.0
ScastA	TCA	S	G	0.0	0.496336947647	0.142857142857	0.016393442623	0.885245901639	0.592233009709	0.0194174757282	1456.0	0.0558519506502	28.0	0.0
CmaltA	TCT	S	G	0.0	0.511626756179	0.0909090909091	0.027027027027	0.918918918919	0.23125	0.025	2101.0	-0.0645756457565	29.0	0.0
CmaltA	AGT	S	G	0.0	0.511626756179	0.3	0.044776119403	0.880597014925	0.41875	0.025	2101.0	0.0524450744153	9.0	0.0
CbohiA	TCT	S	G	0.0	0.934102330284	0.125	0.0333333333333	0.9	0.184049079755	0.0306748466258	2101.0	-0.0219992280973	29.0	0.0
CbohiA	AGT	S	G	0.0	0.934102330284	0.181818181818	0.0363636363636	0.8	0.337423312883	0.0306748466258	2101.0	0.0166700967277	9.0	0.0
CbohiA	TCA	S	G	0.0	0.934102330284	0.181818181818	0.0266666666667	0.893333333333	0.460122699387	0.0306748466258	2101.0	-0.0115260488704	28.0	0.0

### Alignment improvement:
