### Random Forest prediction
genome	codon	ori_aa	rea_aa	fitch	Fisher pval	Gene frac	N. rea	N. used	Cod. count	Sub. count	G. len	codon_lik	id	prediction
Paracentrotus	GGA	G	A	0.0	0.528765563168	0.0833333333333	0.0208333333333	0.96875	0.611464968153	0.0191082802548	1784.0	0.118558558559	40.0	0.0
Paracentrotus	GGC	G	A	0.0	0.528765563168	0.125	0.047619047619	0.952380952381	0.133757961783	0.0191082802548	1784.0	0.113861386139	43.0	0.0
Andalucia	GGT	G	A	0.0	0.92517679549	0.25	0.0510204081633	0.938775510204	0.563218390805	0.0459770114943	1783.0	0.185915492958	41.0	0.0
Andalucia	GGA	G	A	0.0	0.92517679549	0.25	0.0491803278689	0.901639344262	0.350574712644	0.0459770114943	1783.0	0.133182844244	40.0	0.0
Seculomonas	GGT	G	A	0.0	0.187584317599	0.333333333333	0.042735042735	0.923076923077	0.684210526316	0.0526315789474	1784.0	0.129261784761	41.0	0.0
Seculomonas	GGA	G	A	0.0	0.187584317599	0.181818181818	0.0612244897959	0.938775510204	0.286549707602	0.0526315789474	1784.0	0.186240444753	40.0	0.0
Seculomonas	GGC	G	A	0.0	0.187584317599	0.25	0.25	0.5	0.0233918128655	0.0526315789474	1784.0	0.658333333333	43.0	0.0
Schistosoma	GGT	G	A	0.0	0.730762659034	0.272727272727	0.115384615385	0.679487179487	0.595419847328	0.12213740458	1688.0	0.223202470225	41.0	0.0
Schistosoma	GGG	G	A	0.0	0.730762659034	0.25	0.103448275862	0.655172413793	0.221374045802	0.12213740458	1688.0	0.0901639344262	42.0	0.0
Schistosoma	GGA	G	A	0.0	0.730762659034	0.4	0.157894736842	0.526315789474	0.145038167939	0.12213740458	1688.0	0.359346642468	40.0	0.0
Schistosoma	GGC	G	A	0.0	0.730762659034	0.333333333333	0.2	0.8	0.0381679389313	0.12213740458	1688.0	0.506944444444	43.0	0.0
Fasciola	GGT	G	A	0.0	0.344951545092	0.333333333333	0.0512820512821	0.628205128205	0.549295774648	0.0633802816901	1701.0	-0.0264666960741	41.0	0.0
Fasciola	GGG	G	A	0.0	0.344951545092	0.2	0.0727272727273	0.690909090909	0.387323943662	0.0633802816901	1701.0	0.0326223337516	42.0	0.0
Fasciola	GGC	G	A	0.0	0.344951545092	0.25	0.25	0.5	0.0281690140845	0.0633802816901	1701.0	0.745762711864	43.0	0.0
Patiria	GGG	G	A	0.0	0.137971689156	0.0833333333333	0.0322580645161	0.935483870968	0.192546583851	0.0124223602484	1784.0	0.153421633554	42.0	0.0
Patiria	GGC	G	A	0.0	0.137971689156	0.125	0.0454545454545	0.954545454545	0.136645962733	0.0124223602484	1784.0	0.0625978090767	43.0	0.0
Lumbricus	GGT	G	A	0.0	0.739264561435	0.125	0.0384615384615	0.961538461538	0.184397163121	0.0354609929078	1781.0	0.0824468085106	41.0	0.0
Lumbricus	GGG	G	A	0.0	0.739264561435	0.3	0.0588235294118	0.901960784314	0.36170212766	0.0354609929078	1781.0	0.174881836597	42.0	0.0
Lumbricus	GGA	G	A	0.0	0.739264561435	0.0833333333333	0.0263157894737	0.947368421053	0.269503546099	0.0354609929078	1781.0	0.0827272727273	40.0	0.0
Halocynthia	GGT	G	A	0.0	0.576334794583	0.363636363636	0.101694915254	0.728813559322	0.526785714286	0.0803571428571	1746.0	0.256875365711	41.0	0.0
Halocynthia	GGG	G	A	0.0	0.576334794583	0.1	0.03125	0.78125	0.285714285714	0.0803571428571	1746.0	0.143162393162	42.0	0.0
Halocynthia	GGA	G	A	0.0	0.576334794583	0.25	0.1	0.65	0.178571428571	0.0803571428571	1746.0	0.189565217391	40.0	0.0
Limulus	GGT	G	A	0.0	0.899234416239	0.1	0.0384615384615	0.923076923077	0.166666666667	0.0384615384615	1781.0	0.0890957446809	41.0	0.0
Limulus	GGG	G	A	0.0	0.899234416239	0.111111111111	0.0540540540541	0.918918918919	0.237179487179	0.0384615384615	1781.0	0.270718232044	42.0	0.0
Limulus	GGA	G	A	0.0	0.899234416239	0.181818181818	0.0394736842105	0.947368421053	0.487179487179	0.0384615384615	1781.0	0.120109190173	40.0	0.0
Caenorhabditis	GGT	G	A	0.0	0.930543956019	0.25	0.0461538461538	0.846153846154	0.528455284553	0.0406504065041	1755.0	0.193205944798	41.0	0.0
Caenorhabditis	GGG	G	A	0.0	0.930543956019	0.166666666667	0.05	0.9	0.162601626016	0.0406504065041	1755.0	0.19410745234	42.0	0.0
Caenorhabditis	GGA	G	A	0.0	0.930543956019	0.111111111111	0.0294117647059	0.823529411765	0.276422764228	0.0406504065041	1755.0	-0.050153531218	40.0	0.0
Axinella	GGG	G	A	0.0	0.760779233659	0.181818181818	0.0222222222222	0.933333333333	0.520231213873	0.0173410404624	1777.0	0.0576776165011	42.0	0.0
Axinella	GGA	G	A	0.0	0.760779233659	0.1	0.0322580645161	0.935483870968	0.179190751445	0.0173410404624	1777.0	0.170621468927	40.0	0.0
Terebratulina	GGG	G	A	0.0	0.48757664149	0.25	0.075	0.925	0.275862068966	0.0344827586207	1783.0	0.222412318221	42.0	0.0
Terebratulina	GGA	G	A	0.0	0.48757664149	0.166666666667	0.0246913580247	0.962962962963	0.558620689655	0.0344827586207	1783.0	0.103655913978	40.0	0.0
Jbahamiensis	GGT	G	A	0.0	0.952072651005	0.272727272727	0.049504950495	0.881188118812	0.570621468927	0.045197740113	1784.0	0.138630890953	41.0	0.0
Jbahamiensis	GGA	G	A	0.0	0.952072651005	0.272727272727	0.0555555555556	0.907407407407	0.305084745763	0.045197740113	1784.0	0.193446754883	40.0	0.0
Bfloridae	GGT	G	A	2.0	0.442708273993	0.142857142857	0.0285714285714	0.914285714286	0.336538461538	0.00961538461538	1085.0	0.154214559387	41.0	0.0
Katharina	GGT	G	A	0.0	0.656987217357	0.5	0.137931034483	0.827586206897	0.179012345679	0.0802469135802	1781.0	0.372781065089	41.0	0.0
Katharina	GGG	G	A	0.0	0.656987217357	0.4	0.0689655172414	0.913793103448	0.358024691358	0.0802469135802	1781.0	0.165862484922	42.0	0.0
Katharina	GGA	G	A	0.0	0.656987217357	0.363636363636	0.0740740740741	0.907407407407	0.333333333333	0.0802469135802	1781.0	0.327586206897	40.0	0.0
Katharina	GGC	G	A	0.0	0.656987217357	0.166666666667	0.047619047619	0.904761904762	0.12962962963	0.0802469135802	1781.0	0.0468497576737	43.0	0.0
Geodia	GGT	G	A	0.0	0.0262800471585	0.0833333333333	0.0217391304348	0.913043478261	0.255555555556	0.0388888888889	1780.0	0.0854572713643	41.0	0.0
Geodia	GGG	G	A	0.0	0.0262800471585	0.2	0.0701754385965	0.824561403509	0.316666666667	0.0388888888889	1780.0	0.144491270319	42.0	0.0
Geodia	GGC	G	A	0.0	0.0262800471585	0.285714285714	0.117647058824	0.882352941176	0.0944444444444	0.0388888888889	1780.0	0.320564516129	43.0	0.0
Metridium	GGT	G	A	0.0	0.607112157738	0.181818181818	0.0384615384615	0.961538461538	0.293785310734	0.0169491525424	1783.0	0.16	41.0	0.0
Metridium	GGG	G	A	0.0	0.607112157738	0.0833333333333	0.0196078431373	0.921568627451	0.28813559322	0.0169491525424	1783.0	0.115874079035	42.0	0.0
Acropora	GGT	G	A	0.0	0.944863026986	0.1	0.027027027027	0.864864864865	0.2	0.0216216216216	1781.0	0.133709981168	41.0	0.0
Acropora	GGG	G	A	0.0	0.944863026986	0.0833333333333	0.0210526315789	0.894736842105	0.513513513514	0.0216216216216	1781.0	0.0198484301696	42.0	0.0
Acropora	GGA	G	A	0.0	0.944863026986	0.1	0.0322580645161	0.935483870968	0.167567567568	0.0216216216216	1781.0	0.105908584169	40.0	0.0
Trichinella	GGT	G	A	0.0	0.711809229808	0.142857142857	0.0625	0.78125	0.248062015504	0.0542635658915	1759.0	0.0295358649789	41.0	0.0
Trichinella	GGA	G	A	0.0	0.711809229808	0.333333333333	0.0793650793651	0.809523809524	0.488372093023	0.0542635658915	1759.0	0.129834254144	40.0	0.0
Balanoglossus	GGA	G	A	0.0	0.801304979082	0.166666666667	0.0333333333333	0.966666666667	0.361445783133	0.0180722891566	1784.0	0.142117376295	40.0	0.0
Balanoglossus	GGC	G	A	0.0	0.801304979082	0.1	0.0212765957447	0.978723404255	0.28313253012	0.0180722891566	1784.0	0.165451895044	43.0	0.0
Reclinomonas	GGT	G	A	0.0	0.812075160883	0.25	0.041095890411	0.904109589041	0.853801169591	0.0350877192982	1784.0	0.144715062663	41.0	0.0
Drosophila	GGT	G	A	0.0	0.175955105557	0.3	0.0666666666667	0.888888888889	0.284810126582	0.0379746835443	1783.0	0.212927756654	41.0	0.0
Drosophila	GGG	G	A	0.0	0.175955105557	0.142857142857	0.0769230769231	0.846153846154	0.0822784810127	0.0379746835443	1783.0	0.19109947644	42.0	0.0
Drosophila	GGA	G	A	0.0	0.175955105557	0.181818181818	0.020202020202	0.979797979798	0.626582278481	0.0379746835443	1783.0	0.108855442772	40.0	0.0
Jlibera	GGT	G	A	0.0	0.901954220245	0.181818181818	0.0606060606061	0.893939393939	0.381502890173	0.0635838150289	1784.0	0.129319371728	41.0	0.0
Jlibera	GGA	G	A	0.0	0.901954220245	0.333333333333	0.0786516853933	0.898876404494	0.514450867052	0.0635838150289	1784.0	0.246421663443	40.0	0.0
Myxine	GGG	G	A	0.0	0.475524432066	0.1	0.0277777777778	0.972222222222	0.246575342466	0.00684931506849	1783.0	0.108003857281	42.0	0.0
Ciona	GGT	G	A	0.0	0.701149397773	0.111111111111	0.0666666666667	0.733333333333	0.394736842105	0.105263157895	1767.0	0.192219679634	41.0	0.0
Ciona	GGA	G	A	0.0	0.701149397773	0.375	0.166666666667	0.611111111111	0.473684210526	0.105263157895	1767.0	0.542694497154	40.0	0.0
Epigonichthys	GGT	G	A	0.0	0.71060217968	0.1	0.0196078431373	0.921568627451	0.296511627907	0.0232558139535	1783.0	-0.0231135282121	41.0	0.0
Epigonichthys	GGG	G	A	0.0	0.71060217968	0.181818181818	0.0298507462687	0.925373134328	0.389534883721	0.0232558139535	1783.0	0.0612139917695	42.0	0.0
Epigonichthys	GGC	G	A	0.0	0.71060217968	0.0909090909091	0.0416666666667	0.875	0.139534883721	0.0232558139535	1783.0	0.0113798008535	43.0	0.0
Daphnia	GGT	G	A	0.0	0.978492029895	0.142857142857	0.05	0.9	0.123456790123	0.0617283950617	1783.0	0.109185441941	41.0	0.0
Daphnia	GGG	G	A	0.0	0.978492029895	0.333333333333	0.0731707317073	0.890243902439	0.506172839506	0.0617283950617	1783.0	0.256066945607	42.0	0.0
Daphnia	GGA	G	A	0.0	0.978492029895	0.25	0.0526315789474	0.868421052632	0.234567901235	0.0617283950617	1783.0	0.0851648351648	40.0	0.0
Daphnia	GGC	G	A	0.0	0.978492029895	0.1	0.0454545454545	0.909090909091	0.135802469136	0.0617283950617	1783.0	0.219242902208	43.0	0.0
Homo	GGA	G	A	0.0	0.84296743581	0.0909090909091	0.0192307692308	0.942307692308	0.331210191083	0.0127388535032	1782.0	-0.0810092961487	40.0	0.0
Homo	GGC	G	A	0.0	0.84296743581	0.0909090909091	0.0135135135135	0.986486486486	0.471337579618	0.0127388535032	1782.0	0.113382899628	43.0	0.0
Blanceolatum	GGT	G	A	2.0	0.479166616317	0.142857142857	0.0333333333333	0.9	0.294117647059	0.00980392156863	1083.0	0.184357541899	41.0	0.0
Saccoglossus	GGT	G	A	0.0	0.949421897466	0.0909090909091	0.03125	0.96875	0.192771084337	0.0240963855422	1784.0	0.271645021645	41.0	0.0
Saccoglossus	GGG	G	A	0.0	0.949421897466	0.1	0.0294117647059	0.970588235294	0.204819277108	0.0240963855422	1784.0	0.0655066530194	42.0	0.0
Saccoglossus	GGA	G	A	0.0	0.949421897466	0.166666666667	0.0266666666667	0.96	0.451807228916	0.0240963855422	1784.0	0.108256880734	40.0	0.0

### Alignment improvement:
