### Random Forest prediction
genome	codon	ori_aa	rea_aa	fitch	Fisher_pval	Gene_frac	N._rea	N._used	Cod._count	Sub._count	G._len	codon_lik	id	prediction	probability
LmeyeA	TCT	S	N	0.0	0.296703247381	0.2	0.0357142857143	0.892857142857	0.282828282828	0.010101010101	1429.0	0.917035022101	29.0	0.0	0.0
SpombA	AGT	S	N	0.0	0.416315467211	0.166666666667	0.0322580645161	0.548387096774	0.298076923077	0.0384615384615	1424.0	0.22542997543	9.0	0.0	0.0
SpombA	TCA	S	N	0.0	0.416315467211	0.5	0.0731707317073	0.536585365854	0.394230769231	0.0384615384615	1424.0	0.120157736024	28.0	0.0	0.0
AacerA	AGT	S	N	0.0	0.102564076006	0.5	0.142857142857	0.714285714286	0.145833333333	0.0208333333333	630.0	1.42281879195	9.0	0.0	0.155
CgallA	AGT	S	N	0.0	0.376923029119	0.0833333333333	0.0238095238095	0.833333333333	0.251497005988	0.0059880239521	2247.0	0.689915966387	9.0	0.0	0.0
CgigaA	TCT	S	N	0.0	0.0376086278682	0.142857142857	0.111111111111	0.888888888889	0.119205298013	0.0132450331126	2002.0	1.12971428571	29.0	0.0	0.0
CsantA	TCT	S	N	0.0	0.808893988915	0.111111111111	0.0243902439024	0.682926829268	0.231638418079	0.0169491525424	2220.0	0.196113525952	29.0	0.0	0.0
CsantA	AGT	S	N	0.0	0.808893988915	0.0909090909091	0.0128205128205	0.692307692308	0.440677966102	0.0169491525424	2220.0	0.381307591049	9.0	0.0	0.0
CsantA	TCA	S	N	0.0	0.808893988915	0.125	0.0322580645161	0.741935483871	0.175141242938	0.0169491525424	2220.0	0.529691211401	28.0	0.0	0.0
CtropB	AGC	S	N	0.0	0.0274518800887	0.111111111111	0.0416666666667	0.916666666667	0.141176470588	0.0117647058824	2250.0	0.84144059869	11.0	0.0	0.0
CtropB	TCG	S	N	0.0	0.0274518800887	0.166666666667	0.111111111111	0.777777777778	0.0529411764706	0.0117647058824	2250.0	1.20698576973	30.0	0.0	0.0
CtropA	AGC	S	N	0.0	0.0282953735799	0.111111111111	0.0416666666667	0.958333333333	0.141176470588	0.0117647058824	2250.0	0.885874649205	11.0	0.0	0.0
CtropA	TCG	S	N	0.0	0.0282953735799	0.166666666667	0.111111111111	0.777777777778	0.0529411764706	0.0117647058824	2250.0	1.20698576973	30.0	0.0	0.0
CoxycA	TCT	S	N	0.0	0.513368956263	1.0	0.0909090909091	0.727272727273	0.275	0.05	434.0	0.848760330579	29.0	0.0	0.04
CoxycA	TCA	S	N	0.0	0.513368956263	1.0	0.0833333333333	0.75	0.3	0.05	434.0	0.671471927162	28.0	0.0	0.037
CsubhA	AGC	S	N	2.0	0.769565196376	0.0909090909091	0.0161290322581	0.887096774194	0.350282485876	0.0112994350282	2244.0	0.60880195599	11.0	0.0	0.0
CsubhA	TCC	S	N	2.0	0.769565196376	0.0909090909091	0.0333333333333	0.9	0.169491525424	0.0112994350282	2244.0	0.808339709258	31.0	0.0	0.0
CsubhB	AGC	S	N	2.0	0.769565196376	0.0909090909091	0.0161290322581	0.887096774194	0.350282485876	0.0112994350282	2244.0	0.60880195599	11.0	0.0	0.0
CsubhB	TCC	S	N	2.0	0.769565196376	0.0909090909091	0.0333333333333	0.9	0.169491525424	0.0112994350282	2244.0	0.808339709258	31.0	0.0	0.0
OanguA	AGT	S	N	0.0	0.391064500786	0.1	0.025	0.7	0.228571428571	0.0114285714286	2248.0	0.684226015303	9.0	0.0	0.0
OanguA	TCA	S	N	0.0	0.391064500786	0.0769230769231	0.0119047619048	0.845238095238	0.48	0.0114285714286	2248.0	0.564213386021	28.0	0.0	0.0
CalaiA	TCA	S	N	0.0	0.799999930949	0.0909090909091	0.016393442623	0.901639344262	0.388535031847	0.00636942675159	2056.0	0.774868123587	28.0	0.0	0.0
KtherA	TCT	S	N	0.0	0.252747214807	0.2	0.0434782608696	0.826086956522	0.23	0.01	1429.0	0.872930463576	29.0	0.0	0.0
CblacA	TCG	S	N	0.0	0.0236742388278	1.0	1.0	0.0	0.0285714285714	0.0571428571429	434.0	3.66055045872	30.0	0.0	0.357
CblacA	AGT	S	N	0.0	0.0236742388278	1.0	0.0833333333333	0.833333333333	0.342857142857	0.0571428571429	434.0	0.783004552352	9.0	0.0	0.245
CviswA	TCT	S	N	0.0	0.155487770142	0.0909090909091	0.0285714285714	0.914285714286	0.198863636364	0.00568181818182	2249.0	0.695480039591	29.0	0.0	0.0
MstarA	AGT	S	N	0.0	0.630578549009	0.166666666667	0.027027027027	0.756756756757	0.4	0.0216216216216	2249.0	0.52699460108	9.0	0.0	0.0
MstarA	TCA	S	N	0.0	0.630578549009	0.0909090909091	0.0289855072464	0.739130434783	0.372972972973	0.0216216216216	2249.0	0.440954773869	28.0	0.0	0.0
NbaciA	TCT	S	N	0.0	0.337743891282	0.166666666667	0.0526315789474	0.868421052632	0.372549019608	0.0196078431373	1428.0	0.756493506494	29.0	0.0	0.0
CtetrA	TCT	S	N	0.0	0.386296286067	0.0909090909091	0.025	0.925	0.227272727273	0.0170454545455	2249.0	0.814081408141	29.0	0.0	0.0
CtetrA	AGT	S	N	0.0	0.386296286067	0.181818181818	0.031746031746	0.904761904762	0.357954545455	0.0170454545455	2249.0	0.81629709753	9.0	0.0	0.0
CbohiA	AGT	S	N	0.0	0.515720997463	0.272727272727	0.05	0.866666666667	0.338983050847	0.0282485875706	2250.0	0.892746208661	9.0	0.0	0.0
CbohiA	TCA	S	N	0.0	0.515720997463	0.166666666667	0.025	0.925	0.45197740113	0.0282485875706	2250.0	0.857593201754	28.0	0.0	0.0
LstarA	TCT	S	N	1.0	0.543843338936	0.285714285714	0.0377358490566	0.698113207547	0.392592592593	0.0518518518519	1834.0	0.430549637836	29.0	0.0	0.0
LstarA	AGT	S	N	1.0	0.543843338936	0.25	0.0612244897959	0.69387755102	0.362962962963	0.0518518518519	1834.0	0.692950745594	9.0	0.0	0.0
LstarA	AGC	S	N	1.0	0.543843338936	0.25	0.166666666667	0.666666666667	0.0444444444444	0.0518518518519	1834.0	1.04669887279	11.0	0.0	0.0
LstarA	TCA	S	N	1.0	0.543843338936	0.125	0.037037037037	0.814814814815	0.2	0.0518518518519	1834.0	0.615471273	28.0	0.0	0.0
MfariA	TCT	S	N	0.0	0.747177713183	0.166666666667	0.0333333333333	0.85	0.338983050847	0.0169491525424	2248.0	0.78186499908	29.0	0.0	0.0
MfariA	AGT	S	N	0.0	0.747177713183	0.0909090909091	0.0181818181818	0.927272727273	0.310734463277	0.0169491525424	2248.0	0.809514087383	9.0	0.0	0.0
MfariB	TCT	S	N	0.0	0.14110424788	0.0909090909091	0.0217391304348	0.934782608696	0.258426966292	0.00561797752809	2250.0	0.764647467726	29.0	0.0	0.0
LanspB	TCT	S	N	0.0	0.258241718405	0.2	0.0434782608696	0.869565217391	0.232323232323	0.010101010101	1429.0	0.928275290216	29.0	0.0	0.0
CphanA	AGT	S	N	0.0	0.0901937598768	0.166666666667	0.0444444444444	0.844444444444	0.274390243902	0.0121951219512	2247.0	0.842185903984	9.0	0.0	0.0
LanspA	TCT	S	N	0.0	0.276595696933	0.166666666667	0.0344827586207	0.862068965517	0.292929292929	0.010101010101	1429.0	0.737915159487	29.0	0.0	0.0
CsojaA	AGT	S	N	0.0	0.854620925924	0.142857142857	0.0238095238095	0.928571428571	0.375	0.0178571428571	1498.0	0.796185596356	9.0	0.0	0.0
CsojaA	TCA	S	N	0.0	0.854620925924	0.142857142857	0.0227272727273	0.931818181818	0.392857142857	0.0178571428571	1498.0	0.792677127913	28.0	0.0	0.0
CglabA	TCT	S	N	0.0	0.244186002351	0.166666666667	0.037037037037	0.777777777778	0.272727272727	0.010101010101	1413.0	0.60864978903	29.0	0.0	0.0
ScryoA	TCT	S	N	0.0	0.430604111208	0.166666666667	0.0344827586207	0.689655172414	0.27358490566	0.0471698113208	1424.0	0.360882449786	29.0	0.0	0.0
ScryoA	AGT	S	N	0.0	0.430604111208	0.5	0.0967741935484	0.451612903226	0.292452830189	0.0471698113208	1424.0	0.327117089575	9.0	0.0	0.0
ScryoA	TCA	S	N	0.0	0.430604111208	0.166666666667	0.027027027027	0.648648648649	0.349056603774	0.0471698113208	1424.0	0.401548387097	28.0	0.0	0.0
CneerA	TCA	S	N	0.0	0.453703645096	0.0909090909091	0.0161290322581	0.870967741935	0.354285714286	0.00571428571429	2249.0	0.791630340017	28.0	0.0	0.0
CsakeA	TCA	S	N	0.0	0.75949358785	0.0909090909091	0.0126582278481	0.949367088608	0.464705882353	0.00588235294118	2207.0	0.860144725856	28.0	0.0	0.0
HuvarA	TCT	S	N	0.0	0.121428529505	0.166666666667	0.0384615384615	0.615384615385	0.247619047619	0.00952380952381	1361.0	0.426937269373	29.0	0.0	0.0
CjiufA	TCT	S	N	0.0	0.897193529183	0.0833333333333	0.0161290322581	0.903225806452	0.350282485876	0.0112994350282	2231.0	0.745069124424	29.0	0.0	0.0
CjiufA	TCA	S	N	0.0	0.897193529183	0.1	0.0192307692308	0.942307692308	0.293785310734	0.0112994350282	2231.0	0.891111111111	28.0	0.0	0.0
CzempA	TCT	S	N	0.0	0.883568508189	0.166666666667	0.0294117647059	0.588235294118	0.309090909091	0.0272727272727	1428.0	0.135906040268	29.0	0.0	0.0
CzempA	AGT	S	N	0.0	0.883568508189	0.166666666667	0.0263157894737	0.552631578947	0.345454545455	0.0272727272727	1428.0	0.15987933635	9.0	0.0	0.0
CzempA	TCA	S	N	0.0	0.883568508189	0.166666666667	0.0263157894737	0.526315789474	0.345454545455	0.0272727272727	1428.0	0.166999500749	28.0	0.0	0.0
CmetaB	TCT	S	N	0.0	0.195548022975	0.1	0.0344827586207	0.931034482759	0.333333333333	0.0114942528736	2250.0	0.908534251818	29.0	0.0	0.0
CmetaC	TCT	S	N	0.0	0.195548022975	0.1	0.0344827586207	0.931034482759	0.333333333333	0.0114942528736	2250.0	0.908534251818	29.0	0.0	0.0
CmetaA	TCT	S	N	0.0	0.195548022975	0.1	0.0344827586207	0.931034482759	0.333333333333	0.0114942528736	2250.0	0.908534251818	29.0	0.0	0.0
CmetaF	TCT	S	N	0.0	0.195548022975	0.1	0.0344827586207	0.931034482759	0.333333333333	0.0114942528736	2250.0	0.908534251818	29.0	0.0	0.0
CfrijA	TCT	S	N	0.0	0.639420885389	0.0769230769231	0.0232558139535	0.93023255814	0.240223463687	0.0111731843575	2249.0	0.79138557343	29.0	0.0	0.0
CfrijA	AGT	S	N	0.0	0.639420885389	0.0833333333333	0.0153846153846	0.953846153846	0.36312849162	0.0111731843575	2249.0	0.811853410486	9.0	0.0	0.0
CmetaD	TCT	S	N	0.0	0.195548022975	0.1	0.0344827586207	0.931034482759	0.333333333333	0.0114942528736	2250.0	0.908534251818	29.0	0.0	0.0
CmetaE	TCT	S	N	0.0	0.195548022975	0.1	0.0344827586207	0.931034482759	0.333333333333	0.0114942528736	2250.0	0.908534251818	29.0	0.0	0.0
PpastA	AGT	S	N	0.0	0.129283603291	0.181818181818	0.0344827586207	0.793103448276	0.306878306878	0.010582010582	2248.0	0.753748558247	9.0	0.0	0.0
SjapoA	TCT	S	N	0.0	0.633350920002	0.285714285714	0.0327868852459	0.622950819672	0.586538461538	0.0288461538462	1423.0	0.188894088286	29.0	0.0	0.0
SjapoA	AGT	S	N	0.0	0.633350920002	0.166666666667	0.0384615384615	0.423076923077	0.25	0.0288461538462	1423.0	-0.0915777859507	9.0	0.0	0.0
CalbiE	AGT	S	N	0.0	0.199116083351	0.166666666667	0.0645161290323	0.903225806452	0.329787234043	0.0212765957447	1183.0	0.893541058098	9.0	0.0	0.0
CalbiD	AGT	S	N	0.0	0.384370384165	0.0909090909091	0.0344827586207	0.948275862069	0.364779874214	0.0125786163522	2058.0	0.883024812918	9.0	0.0	0.0
CalbiC	AGT	S	N	0.0	0.362029914866	0.0833333333333	0.0322580645161	0.951612903226	0.369047619048	0.0119047619048	2250.0	0.86456230501	9.0	0.0	0.0
CalbiB	AGT	S	N	0.0	0.362029914866	0.0833333333333	0.0322580645161	0.951612903226	0.369047619048	0.0119047619048	2250.0	0.86456230501	9.0	0.0	0.0
CalbiA	AGT	S	N	0.0	0.36424136164	0.0909090909091	0.0338983050847	0.949152542373	0.37106918239	0.0125786163522	2058.0	0.884637793746	9.0	0.0	0.0
MmagnB	AGC	S	N	0.0	0.109862966892	0.2	0.0909090909091	0.681818181818	0.125	0.0227272727273	2249.0	0.866084425036	11.0	0.0	0.0
MmagnB	TCA	S	N	0.0	0.109862966892	0.0909090909091	0.0384615384615	0.653846153846	0.295454545455	0.0227272727273	2249.0	0.345231241604	28.0	0.0	0.0
MmagnA	AGC	S	N	0.0	0.0911810888238	0.2	0.1	0.7	0.113636363636	0.0227272727273	2249.0	0.960497835498	11.0	0.0	0.0
MmagnA	TCA	S	N	0.0	0.0911810888238	0.0909090909091	0.0384615384615	0.653846153846	0.295454545455	0.0227272727273	2249.0	0.345231241604	28.0	0.0	0.0
CcoryA	TCT	S	N	0.0	0.304412964352	0.0909090909091	0.0217391304348	0.934782608696	0.265895953757	0.0231213872832	2250.0	0.843019049916	29.0	0.0	0.0
CcoryA	TCA	S	N	0.0	0.304412964352	0.272727272727	0.05	0.933333333333	0.346820809249	0.0231213872832	2250.0	1.09124021125	28.0	0.0	0.0
CparaC	TCT	S	N	0.0	0.647859340986	0.0909090909091	0.0149253731343	0.985074626866	0.382857142857	0.0114285714286	2250.0	0.913982065759	29.0	0.0	0.0
CparaC	TCA	S	N	0.0	0.647859340986	0.1	0.0192307692308	0.923076923077	0.297142857143	0.0114285714286	2250.0	0.870739817124	28.0	0.0	0.0
CparaB	TCT	S	N	0.0	0.647859340986	0.0909090909091	0.0149253731343	0.985074626866	0.380681818182	0.0113636363636	2250.0	0.913982065759	29.0	0.0	0.0
CparaB	TCA	S	N	0.0	0.647859340986	0.1	0.0192307692308	0.923076923077	0.295454545455	0.0113636363636	2250.0	0.870739817124	28.0	0.0	0.0
CparaE	TCT	S	N	0.0	0.647859340986	0.0909090909091	0.0149253731343	0.985074626866	0.382857142857	0.0114285714286	2250.0	0.913982065759	29.0	0.0	0.0
CparaE	TCA	S	N	0.0	0.647859340986	0.1	0.0192307692308	0.923076923077	0.297142857143	0.0114285714286	2250.0	0.870739817124	28.0	0.0	0.0
CparaD	TCT	S	N	0.0	0.647859340986	0.0909090909091	0.0149253731343	0.985074626866	0.380681818182	0.0113636363636	2250.0	0.913982065759	29.0	0.0	0.0
CparaD	TCA	S	N	0.0	0.647859340986	0.1	0.0192307692308	0.923076923077	0.295454545455	0.0113636363636	2250.0	0.870739817124	28.0	0.0	0.0
CparaF	TCT	S	N	0.0	0.647859340986	0.0909090909091	0.0149253731343	0.985074626866	0.382857142857	0.0114285714286	2250.0	0.913982065759	29.0	0.0	0.0
CparaF	TCA	S	N	0.0	0.647859340986	0.1	0.0192307692308	0.923076923077	0.297142857143	0.0114285714286	2250.0	0.870739817124	28.0	0.0	0.0
MtetrA	AGC	S	N	0.0	0.0956979790682	0.0833333333333	0.025641025641	0.794871794872	0.229411764706	0.0176470588235	2248.0	0.590121317158	11.0	0.0	0.0
MtetrA	TCC	S	N	0.0	0.0956979790682	0.111111111111	0.105263157895	0.736842105263	0.111764705882	0.0176470588235	2248.0	0.916370106762	31.0	0.0	0.0
CsaraA	TCT	S	N	0.0	0.193939349998	0.111111111111	0.0232558139535	0.953488372093	0.245714285714	0.00571428571429	2249.0	0.939194324804	29.0	0.0	0.0
PkluyA	TCA	S	N	0.0	0.744174177126	0.153846153846	0.016393442623	0.811475409836	0.697142857143	0.0114285714286	2247.0	0.548066595059	28.0	0.0	0.0
YlipoB	AGT	S	N	0.0	0.414062451449	0.0833333333333	0.0232558139535	0.813953488372	0.262195121951	0.00609756097561	2247.0	0.609204793028	9.0	0.0	0.0
YlipoA	AGT	S	N	0.0	0.414062451449	0.0833333333333	0.0232558139535	0.813953488372	0.262195121951	0.00609756097561	2247.0	0.609204793028	9.0	0.0	0.0
AgossB	AGT	S	N	0.0	0.318181789771	0.166666666667	0.0625	0.8125	0.152380952381	0.0190476190476	1427.0	0.994026284349	9.0	0.0	0.0
AgossB	TCA	S	N	0.0	0.318181789771	0.166666666667	0.0175438596491	0.771929824561	0.542857142857	0.0190476190476	1427.0	0.490981963928	28.0	0.0	0.0
NdelpA	TCT	S	N	0.0	0.215116240931	0.2	0.0384615384615	0.692307692308	0.26	0.01	1412.0	0.49621075424	29.0	0.0	0.0
LelonA	TCT	S	N	0.0	0.0209694721221	0.1	0.027027027027	0.945945945946	0.206703910615	0.0167597765363	2249.0	0.821946795647	29.0	0.0	0.0
LelonA	TCG	S	N	0.0	0.0209694721221	1.0	1.0	0.0	0.00558659217877	0.0167597765363	2249.0	3.66055045872	30.0	0.0	0.146
LelonA	TCA	S	N	0.0	0.0209694721221	0.0833333333333	0.0121951219512	0.914634146341	0.458100558659	0.0167597765363	2249.0	0.842459546926	28.0	0.0	0.0
CpseuA	TCT	S	N	0.0	0.87899155486	1.0	0.0714285714286	0.785714285714	0.358974358974	0.0512820512821	434.0	0.621586475943	29.0	0.0	0.036
CpseuA	TCA	S	N	0.0	0.87899155486	1.0	0.0769230769231	0.846153846154	0.333333333333	0.0512820512821	434.0	0.885934219734	28.0	0.0	0.037
CalimA	AGT	S	N	0.0	0.365384563597	0.0833333333333	0.0222222222222	0.844444444444	0.271084337349	0.00602409638554	2247.0	0.734173957797	9.0	0.0	0.0
CchauA	TCT	S	N	0.0	0.495398722469	0.1	0.025	0.95	0.233918128655	0.0233918128655	2250.0	0.852052451539	29.0	0.0	0.0
CchauA	TCA	S	N	0.0	0.495398722469	0.272727272727	0.0461538461538	0.907692307692	0.380116959064	0.0233918128655	2250.0	0.96706388613	28.0	0.0	0.0
SoctoA	AGT	S	N	0.0	0.00128851242302	0.333333333333	0.0625	0.46875	0.301886792453	0.0566037735849	1425.0	0.246057720916	9.0	0.0	0.001
SoctoA	AGC	S	N	0.0	0.00128851242302	0.666666666667	0.5	0.0	0.0377358490566	0.0566037735849	1425.0	1.65227817746	11.0	0.0	0.037
SoctoA	TCA	S	N	0.0	0.00128851242302	0.333333333333	0.0571428571429	0.6	0.330188679245	0.0566037735849	1425.0	0.378158109209	28.0	0.0	0.001
CbuenA	TCA	S	N	1.0	0.152866195858	0.1	0.0212765957447	0.872340425532	0.28313253012	0.00602409638554	2248.0	0.755795633581	28.0	0.0	0.0
CdefoA	AGT	S	N	0.0	0.376923026463	0.0833333333333	0.0227272727273	0.840909090909	0.266666666667	0.00606060606061	2247.0	0.60415024954	9.0	0.0	0.0
LdasiA	TCT	S	N	0.0	0.252747214807	0.2	0.0416666666667	0.791666666667	0.237623762376	0.00990099009901	1429.0	0.773285770908	29.0	0.0	0.0
LkluyF	TCT	S	N	0.0	0.244444406083	0.2	0.0454545454545	0.863636363636	0.222222222222	0.010101010101	1429.0	0.84295010846	29.0	0.0	0.0
LkluyE	TCT	S	N	0.0	0.238888852445	0.2	0.047619047619	0.857142857143	0.212121212121	0.010101010101	1429.0	0.837874659401	29.0	0.0	0.0
LkluyD	TCT	S	N	0.0	0.272222181943	0.2	0.0434782608696	0.869565217391	0.23	0.01	1429.0	0.831055900621	29.0	0.0	0.0
LkluyC	TCT	S	N	0.0	0.244444406083	0.2	0.0454545454545	0.863636363636	0.222222222222	0.010101010101	1429.0	0.84295010846	29.0	0.0	0.0
LkluyA	TCT	S	N	0.0	0.244444406083	0.2	0.0454545454545	0.863636363636	0.222222222222	0.010101010101	1429.0	0.84295010846	29.0	0.0	0.0
CdublA	AGT	S	N	0.0	0.375387859259	0.0909090909091	0.0344827586207	0.948275862069	0.364779874214	0.0125786163522	2058.0	0.865455965632	9.0	0.0	0.0
CorthB	TCT	S	N	0.0	0.315135852654	0.0833333333333	0.0298507462687	0.970149253731	0.382857142857	0.0114285714286	2250.0	0.958326470104	29.0	0.0	0.0
CorthC	TCT	S	N	0.0	0.463570663572	0.0833333333333	0.0289855072464	0.971014492754	0.394285714286	0.0114285714286	2250.0	0.951000800641	29.0	0.0	0.0
CorthA	TCT	S	N	0.0	0.314275858738	0.0833333333333	0.0294117647059	0.970588235294	0.388571428571	0.0114285714286	2250.0	0.95026729305	29.0	0.0	0.0
ClusiA	AGT	S	N	0.0	0.874127707481	0.0909090909091	0.0185185185185	0.888888888889	0.312138728324	0.0115606936416	2250.0	0.704928131417	9.0	0.0	0.0
ClusiA	TCA	S	N	0.0	0.874127707481	0.0833333333333	0.0138888888889	0.916666666667	0.416184971098	0.0115606936416	2250.0	0.782784431138	28.0	0.0	0.0
MguilA	TCT	S	N	0.0	0.478395009514	0.0769230769231	0.0185185185185	0.888888888889	0.312138728324	0.00578034682081	2250.0	0.792609507993	29.0	0.0	0.0
SpastA	AGT	S	N	0.0	0.0862068747253	0.2	0.0833333333333	0.833333333333	0.12	0.01	1429.0	1.02795527157	9.0	0.0	0.0
DhansA	TCT	S	N	0.0	0.293597338787	0.1	0.0243902439024	0.926829268293	0.231638418079	0.0169491525424	2250.0	0.796992481203	29.0	0.0	0.0
DhansA	AGT	S	N	0.0	0.293597338787	0.181818181818	0.0327868852459	0.885245901639	0.344632768362	0.0169491525424	2250.0	0.816034359341	9.0	0.0	0.0
CsalmA	TCT	S	N	0.0	0.654693711084	0.222222222222	0.046511627907	0.674418604651	0.263803680982	0.0368098159509	2153.0	0.428975810602	29.0	0.0	0.0
CsalmA	AGT	S	N	0.0	0.654693711084	0.181818181818	0.0253164556962	0.683544303797	0.484662576687	0.0368098159509	2153.0	0.466927156015	9.0	0.0	0.0
CsalmA	TCA	S	N	0.0	0.654693711084	0.25	0.0555555555556	0.75	0.220858895706	0.0368098159509	2153.0	0.643376187814	28.0	0.0	0.0
LnothA	TCT	S	N	0.0	0.263736222002	0.2	0.0434782608696	0.913043478261	0.232323232323	0.010101010101	1429.0	0.95688225539	29.0	0.0	0.0
BcustA	AGT	S	N	0.0	0.536041963666	0.0909090909091	0.0212765957447	0.68085106383	0.270114942529	0.0114942528736	2247.0	0.653437815976	9.0	0.0	0.0
BcustA	TCA	S	N	0.0	0.536041963666	0.0833333333333	0.0103092783505	0.783505154639	0.557471264368	0.0114942528736	2247.0	0.447169811321	28.0	0.0	0.0
CtheaA	TCT	S	N	0.0	0.884829681599	0.0833333333333	0.0181818181818	0.963636363636	0.314285714286	0.0114285714286	2250.0	0.848593656493	29.0	0.0	0.0
CtheaA	TCA	S	N	0.0	0.884829681599	0.0833333333333	0.015873015873	0.968253968254	0.36	0.0114285714286	2250.0	0.950604308986	28.0	0.0	0.0
AgossA	AGT	S	N	0.0	0.327586179117	0.166666666667	0.0625	0.8125	0.152380952381	0.0190476190476	1427.0	0.994026284349	9.0	0.0	0.0
AgossA	TCA	S	N	0.0	0.327586179117	0.166666666667	0.0178571428571	0.767857142857	0.533333333333	0.0190476190476	1427.0	0.517599047781	28.0	0.0	0.0
MingeA	TCT	S	N	0.0	0.925773073091	0.111111111111	0.0277777777778	0.722222222222	0.194594594595	0.0216216216216	2249.0	0.492628205128	29.0	0.0	0.0
MingeA	AGT	S	N	0.0	0.925773073091	0.166666666667	0.027397260274	0.767123287671	0.394594594595	0.0216216216216	2249.0	0.535934910351	9.0	0.0	0.0
MingeA	TCA	S	N	0.0	0.925773073091	0.0833333333333	0.013698630137	0.72602739726	0.394594594595	0.0216216216216	2249.0	0.278491859469	28.0	0.0	0.0
ScastA	TCA	S	N	0.0	0.697674314226	0.142857142857	0.0166666666667	0.85	0.588235294118	0.00980392156863	1426.0	0.655440826052	28.0	0.0	0.0
CmaltA	AGT	S	N	0.0	0.528886259648	0.0909090909091	0.0140845070423	0.915492957746	0.408045977011	0.0172413793103	2250.0	0.774920634921	9.0	0.0	0.0
CmaltA	TCA	S	N	0.0	0.528886259648	0.0909090909091	0.0416666666667	0.958333333333	0.275862068966	0.0172413793103	2250.0	1.04925775978	28.0	0.0	0.0