### Random Forest prediction
genome	codon	ori_aa	rea_aa	fitch	Fisher pval	Gene frac	N. rea	N. used	Cod. count	Sub. count	G. len	codon_lik	id	prediction
Paracentrotus	AGC	S	T	0.0	0.110917716876	0.25	0.2	0.8	0.0510204081633	0.0204081632653	1784.0	1.20945945946	11.0	0.0
Paracentrotus	TCC	S	T	0.0	0.110917716876	0.111111111111	0.04	0.64	0.255102040816	0.0204081632653	1784.0	0.6	31.0	0.0
Andalucia	AGT	S	T	0.0	0.171256447654	0.285714285714	0.0833333333333	0.625	0.222222222222	0.0185185185185	1783.0	0.769670958512	9.0	0.0
Seculomonas	TCT	S	T	0.0	0.372329947828	0.111111111111	0.025641025641	0.794871794872	0.351351351351	0.027027027027	1784.0	0.687992988606	29.0	0.0
Seculomonas	AGC	S	T	0.0	0.372329947828	0.285714285714	0.0909090909091	0.727272727273	0.198198198198	0.027027027027	1784.0	0.831210191083	11.0	0.0
Schistosoma	TCT	S	T	0.0	0.937037013182	0.444444444444	0.078431372549	0.313725490196	0.383458646617	0.0676691729323	1688.0	0.230769230769	29.0	0.0
Schistosoma	AGT	S	T	0.0	0.937037013182	0.3	0.0869565217391	0.413043478261	0.345864661654	0.0676691729323	1688.0	0.236725663717	9.0	0.0
Schistosoma	TCA	S	T	0.0	0.937037013182	0.125	0.0454545454545	0.454545454545	0.165413533835	0.0676691729323	1688.0	0.276729559748	28.0	0.0
Fasciola	TCT	S	T	0.0	0.645710974073	0.272727272727	0.0441176470588	0.308823529412	0.523076923077	0.0461538461538	1701.0	-0.0445668502754	29.0	0.0
Fasciola	AGT	S	T	0.0	0.645710974073	0.181818181818	0.05	0.475	0.307692307692	0.0461538461538	1701.0	0.301194539249	9.0	0.0
Fasciola	TCC	S	T	0.0	0.645710974073	0.166666666667	0.142857142857	0.285714285714	0.0538461538462	0.0461538461538	1701.0	0.00490196078431	31.0	0.0
Patiria	TCC	S	T	0.0	0.742971859819	0.125	0.03125	0.84375	0.31067961165	0.0194174757282	1784.0	0.832971800434	31.0	0.0
Patiria	TCA	S	T	0.0	0.742971859819	0.125	0.047619047619	0.904761904762	0.203883495146	0.0194174757282	1784.0	0.933665008292	28.0	0.0
Lumbricus	TCT	S	T	0.0	0.680555028984	0.1	0.0416666666667	0.666666666667	0.235294117647	0.0490196078431	1781.0	0.577648766328	29.0	0.0
Lumbricus	TCC	S	T	0.0	0.680555028984	0.25	0.1	0.65	0.196078431373	0.0490196078431	1781.0	0.686206896552	31.0	0.0
Lumbricus	TCA	S	T	0.0	0.680555028984	0.181818181818	0.0416666666667	0.770833333333	0.470588235294	0.0490196078431	1781.0	0.540925266904	28.0	0.0
Halocynthia	TCG	S	T	0.0	0.1184399121	0.2	0.125	0.5	0.0666666666667	0.0666666666667	1746.0	0.567796610169	30.0	0.0
Halocynthia	TCT	S	T	0.0	0.1184399121	0.363636363636	0.0816326530612	0.612244897959	0.408333333333	0.0666666666667	1746.0	0.58635097493	29.0	0.0
Halocynthia	TCC	S	T	0.0	0.1184399121	0.25	0.25	0.75	0.0333333333333	0.0666666666667	1746.0	1.62068965517	31.0	0.0
Halocynthia	TCA	S	T	0.0	0.1184399121	0.285714285714	0.117647058824	0.529411764706	0.141666666667	0.0666666666667	1746.0	0.6375	28.0	0.0
Limulus	TCT	S	T	0.0	0.939210733096	0.25	0.05	0.725	0.373831775701	0.0373831775701	1781.0	0.632377740304	29.0	0.0
Limulus	TCA	S	T	0.0	0.939210733096	0.25	0.0606060606061	0.848484848485	0.308411214953	0.0373831775701	1781.0	0.927672955975	28.0	0.0
Caenorhabditis	TCG	S	T	0.0	0.257645642694	0.5	0.5	0.0	0.0215053763441	0.0645161290323	1755.0	1.77586206897	30.0	0.0
Caenorhabditis	TCT	S	T	0.0	0.257645642694	0.111111111111	0.0285714285714	0.457142857143	0.376344086022	0.0645161290323	1755.0	0.142572283151	29.0	0.0
Caenorhabditis	AGT	S	T	0.0	0.257645642694	0.222222222222	0.0909090909091	0.409090909091	0.236559139785	0.0645161290323	1755.0	0.34375	9.0	0.0
Caenorhabditis	TCA	S	T	0.0	0.257645642694	0.111111111111	0.0740740740741	0.37037037037	0.290322580645	0.0645161290323	1755.0	0.154336734694	28.0	0.0
Axinella	TCT	S	T	0.0	0.824175763472	0.1	0.0263157894737	0.815789473684	0.355140186916	0.00934579439252	1777.0	0.737601442741	29.0	0.0
Terebratulina	TCG	S	T	0.0	0.180340537234	1.0	1.0	0.0	0.00990099009901	0.0594059405941	1783.0	4.85714285714	30.0	0.0
Terebratulina	TCT	S	T	0.0	0.180340537234	0.2	0.0606060606061	0.636363636364	0.326732673267	0.0594059405941	1783.0	0.610995850622	29.0	0.0
Terebratulina	TCC	S	T	0.0	0.180340537234	0.2	0.047619047619	0.714285714286	0.415841584158	0.0594059405941	1783.0	0.686885245902	31.0	0.0
Terebratulina	TCA	S	T	0.0	0.180340537234	0.125	0.0526315789474	0.842105263158	0.188118811881	0.0594059405941	1783.0	0.901818181818	28.0	0.0
Jbahamiensis	AGT	S	T	0.0	0.195630455328	0.25	0.0909090909091	0.727272727273	0.2	0.0181818181818	1784.0	0.885625965997	9.0	0.0
Katharina	TCT	S	T	0.0	0.0106229953839	0.111111111111	0.0181818181818	0.872727272727	0.533980582524	0.0485436893204	1781.0	0.763108022742	29.0	0.0
Katharina	AGT	S	T	0.0	0.0106229953839	0.5	0.333333333333	0.333333333333	0.0582524271845	0.0485436893204	1781.0	1.28070175439	9.0	0.0
Katharina	AGC	S	T	0.0	0.0106229953839	0.333333333333	0.2	0.2	0.0485436893204	0.0485436893204	1781.0	0.871621621622	11.0	0.0
Katharina	TCA	S	T	0.0	0.0106229953839	0.111111111111	0.0416666666667	0.625	0.233009708738	0.0485436893204	1781.0	0.337552742616	28.0	0.0
Geodia	TCT	S	T	0.0	0.0380154630322	0.1	0.0232558139535	0.883720930233	0.367521367521	0.025641025641	1780.0	0.759523809524	29.0	0.0
Geodia	AGC	S	T	0.0	0.0380154630322	0.333333333333	0.25	0.0	0.034188034188	0.025641025641	1780.0	0.655172413793	11.0	0.0
Geodia	TCA	S	T	0.0	0.0380154630322	0.111111111111	0.0384615384615	0.730769230769	0.222222222222	0.025641025641	1780.0	0.70882740448	28.0	0.0
Metridium	AGT	S	T	0.0	0.49456518174	0.125	0.047619047619	0.857142857143	0.203883495146	0.00970873786408	1783.0	0.648514851485	9.0	0.0
Acropora	TCC	S	T	0.0	0.133333321825	0.166666666667	0.1	0.5	0.0909090909091	0.00909090909091	1781.0	0.777397260274	31.0	0.0
Trichinella	TCG	S	T	0.0	0.473003624449	0.25	0.1	0.4	0.0840336134454	0.0252100840336	1759.0	0.506756756757	30.0	0.0
Trichinella	TCC	S	T	0.0	0.473003624449	0.142857142857	0.05	0.45	0.168067226891	0.0252100840336	1759.0	0.420962199313	31.0	0.0
Trichinella	TCA	S	T	0.0	0.473003624449	0.125	0.0322580645161	0.58064516129	0.260504201681	0.0252100840336	1759.0	0.375838926174	28.0	0.0
Balanoglossus	AGT	S	T	0.0	0.234949827209	0.333333333333	0.2	0.8	0.0505050505051	0.020202020202	1784.0	1.07638888889	9.0	0.0
Balanoglossus	TCA	S	T	0.0	0.234949827209	0.111111111111	0.0357142857143	0.928571428571	0.282828282828	0.020202020202	1784.0	0.881562881563	28.0	0.0
Reclinomonas	AGT	S	T	0.0	0.689655143192	0.125	0.0416666666667	0.708333333333	0.214285714286	0.0178571428571	1784.0	0.773181169757	9.0	0.0
Reclinomonas	TCA	S	T	0.0	0.689655143192	0.1	0.0204081632653	0.714285714286	0.4375	0.0178571428571	1784.0	0.619114546732	28.0	0.0
Drosophila	AGT	S	T	0.0	0.317524568701	0.125	0.0833333333333	0.75	0.114285714286	0.0285714285714	1783.0	0.790830945559	9.0	0.0
Drosophila	TCA	S	T	0.0	0.317524568701	0.2	0.05	0.775	0.380952380952	0.0285714285714	1783.0	0.775652173913	28.0	0.0
Jlibera	TCT	S	T	0.0	0.453488359463	0.1	0.0172413793103	0.793103448276	0.532110091743	0.0275229357798	1784.0	0.70521945433	29.0	0.0
Jlibera	AGT	S	T	0.0	0.453488359463	0.125	0.05	0.7	0.183486238532	0.0275229357798	1784.0	0.620450606586	9.0	0.0
Jlibera	TCA	S	T	0.0	0.453488359463	0.142857142857	0.0666666666667	0.666666666667	0.137614678899	0.0275229357798	1784.0	0.784090909091	28.0	0.0
Myxine	TCG	S	T	0.0	0.132059685868	0.333333333333	0.333333333333	0.333333333333	0.0212765957447	0.0425531914894	1783.0	1.21590909091	30.0	0.0
Myxine	TCC	S	T	0.0	0.132059685868	0.333333333333	0.0882352941176	0.617647058824	0.241134751773	0.0425531914894	1783.0	0.606490872211	31.0	0.0
Myxine	TCA	S	T	0.0	0.132059685868	0.181818181818	0.0384615384615	0.711538461538	0.368794326241	0.0425531914894	1783.0	0.614219881501	28.0	0.0
Ciona	TCT	S	T	0.0	0.069703916486	0.636363636364	0.153846153846	0.442307692308	0.390977443609	0.0751879699248	1767.0	0.725099601594	29.0	0.0
Ciona	AGT	S	T	0.0	0.069703916486	0.181818181818	0.0540540540541	0.621621621622	0.278195488722	0.0751879699248	1767.0	0.542830540037	9.0	0.0
Daphnia	AGT	S	T	0.0	0.0510225172653	0.142857142857	0.0833333333333	0.583333333333	0.108108108108	0.027027027027	1783.0	0.498550724638	9.0	0.0
Daphnia	TCC	S	T	0.0	0.0510225172653	0.285714285714	0.142857142857	0.714285714286	0.126126126126	0.027027027027	1783.0	1.08663366337	31.0	0.0
Homo	AGT	S	T	0.0	0.100226903093	0.2	0.2	0.4	0.045045045045	0.036036036036	1782.0	0.594594594595	9.0	0.0
Homo	TCA	S	T	0.0	0.100226903093	0.3	0.0810810810811	0.837837837838	0.333333333333	0.036036036036	1782.0	0.85078776645	28.0	0.0
Saccoglossus	AGC	S	T	0.0	0.0549450397691	0.2	0.1	0.7	0.0917431192661	0.00917431192661	1784.0	0.493055555556	11.0	0.0

### Alignment improvement:
