### Random Forest prediction
genome	codon	ori_aa	rea_aa	fitch	Fisher_pval	Gene_frac	N._rea	N._used	Cod._count	Sub._count	G._len	codon_lik	id	prediction	probability
SpombA	TTA	L	C	0.0	0.329016022862	0.142857142857	0.00636942675159	0.687898089172	0.785	0.01	1424.0	-1.05248635723	20.0	0.0	0.0
SpombA	CTA	L	C	0.0	0.329016022862	0.2	0.047619047619	0.761904761905	0.105	0.01	1424.0	-0.630013519603	52.0	0.0	0.0
CgallA	TTA	L	C	0.0	0.551020253151	0.0769230769231	0.00320512820513	0.842948717949	0.901734104046	0.0028901734104	2247.0	-1.01032253456	20.0	0.0	0.0
CsantA	CTA	L	C	0.0	0.704633102656	0.0769230769231	0.00523560209424	0.795811518325	0.595015576324	0.00311526479751	2220.0	-0.97289207658	52.0	0.0	0.0
BarxA	TTA	L	C	0.0	0.511363636364	1.0	0.0185185185185	0.777777777778	0.981818181818	0.0181818181818	434.0	-0.929582210243	20.0	0.0	0.091
CsubhA	CTC	L	C	6.0	0.490769180309	0.0769230769231	0.00961538461538	0.903846153846	0.290502793296	0.00279329608939	2244.0	-0.974178661686	55.0	0.0	0.052
CsubhB	CTC	L	C	6.0	0.490769180309	0.0769230769231	0.00961538461538	0.903846153846	0.290502793296	0.00279329608939	2244.0	-0.974178661686	55.0	0.0	0.052
MstarA	TTA	L	C	0.0	0.486325394004	0.153846153846	0.00600600600601	0.855855855856	0.988130563798	0.00593471810089	2249.0	-0.972185076224	20.0	0.0	0.0
LstarA	TTA	L	C	0.0	0.572368273411	0.1	0.00436681222707	0.847161572052	0.857677902622	0.00374531835206	1834.0	-1.01495799136	20.0	0.0	0.0
CphanA	TTA	L	C	0.0	0.522033733285	0.0769230769231	0.003003003003	0.843843843844	0.956896551724	0.00287356321839	2247.0	-1.01483610118	20.0	0.0	0.0
ScryoA	TTA	L	C	0.0	0.777026950045	0.285714285714	0.0147058823529	0.713235294118	0.666666666667	0.00980392156863	1424.0	-0.936782423813	20.0	0.0	0.0
HuvarA	TTA	L	C	0.0	0.526922913591	0.166666666667	0.00602409638554	0.734939759036	0.80193236715	0.0048309178744	1361.0	-1.01305905466	20.0	0.0	0.0
SjapoA	TTA	L	C	0.0	0.637681034328	0.142857142857	0.00653594771242	0.647058823529	0.725118483412	0.00473933649289	1423.0	-1.0102950408	20.0	0.0	0.0
MmagnB	CTT	L	C	0.0	0.318062744199	0.153846153846	0.0176991150442	0.858407079646	0.338323353293	0.0059880239521	2249.0	-0.889191820837	53.0	0.0	0.0
MmagnA	CTT	L	C	0.0	0.309472297391	0.153846153846	0.0173913043478	0.860869565217	0.344311377246	0.0059880239521	2249.0	-0.892248803828	53.0	0.0	0.0
MtetrA	CTT	L	C	0.0	0.301941947178	0.0769230769231	0.0133333333333	0.813333333333	0.223214285714	0.00595238095238	2248.0	-0.946984041114	53.0	0.0	0.0
MtetrA	CTC	L	C	0.0	0.301941947178	0.0769230769231	0.0178571428571	0.892857142857	0.166666666667	0.00595238095238	2248.0	-0.884077281812	55.0	0.0	0.0
YlipoB	TTA	L	C	0.0	0.545918210573	0.0769230769231	0.00315457413249	0.839116719243	0.916184971098	0.0028901734104	2247.0	-1.01435222459	20.0	0.0	0.0
YlipoA	TTA	L	C	0.0	0.545918210573	0.0769230769231	0.00315457413249	0.839116719243	0.916184971098	0.0028901734104	2247.0	-1.01435222459	20.0	0.0	0.0
CalimA	TTA	L	C	0.0	0.53061208284	0.0769230769231	0.00308641975309	0.848765432099	0.936416184971	0.0028901734104	2247.0	-1.01622760073	20.0	0.0	0.0
SoctoA	TTA	L	C	0.0	0.0282002815771	0.142857142857	0.0062893081761	0.704402515723	0.787128712871	0.00990099009901	1425.0	-1.0178041543	20.0	0.0	0.0
SoctoA	TTG	L	C	0.0	0.0282002815771	1.0	1.0	0.0	0.0049504950495	0.00990099009901	1425.0	7.70588235294	22.0	0.0	0.039
CdefoA	TTA	L	C	0.0	0.544067639198	0.0769230769231	0.00314465408805	0.842767295597	0.916426512968	0.0028818443804	2247.0	-1.01542335537	20.0	0.0	0.0
ClusiA	TTA	L	C	0.0	0.511661638979	0.0769230769231	0.00284090909091	0.948863636364	0.977777777778	0.00277777777778	2250.0	-1.01081711817	20.0	0.0	0.0
CsalmA	TTA	L	C	0.0	0.538306292211	0.0833333333333	0.00340136054422	0.775510204082	0.936305732484	0.0031847133758	2153.0	-1.06889500297	20.0	0.0	0.0
MingeA	TTA	L	C	0.0	0.489619628339	0.153846153846	0.00597014925373	0.844776119403	0.991124260355	0.00591715976331	2249.0	-0.980295239675	20.0	0.0	0.0