### Random Forest prediction
genome	codon	ori_aa	rea_aa	fitch	Fisher_pval	Gene_frac	N._rea	N._used	Cod._count	Sub._count	G._len	codon_lik	id	prediction	probability
LmeyeA	TCA	S	A	2.0	0.835403669881	0.285714285714	0.0363636363636	0.927272727273	0.555555555556	0.020202020202	1429.0	1.00728660652	28.0	0.0	0.0
SpombA	TCT	S	A	0.0	0.184548678556	0.333333333333	0.0689655172414	0.586206896552	0.278846153846	0.144230769231	1424.0	0.700698370469	29.0	0.0	0.0
SpombA	AGT	S	A	0.0	0.184548678556	0.5	0.129032258065	0.548387096774	0.298076923077	0.144230769231	1424.0	0.939189189189	9.0	0.0	0.0
SpombA	AGC	S	A	0.0	0.184548678556	0.333333333333	0.333333333333	0.0	0.0288461538462	0.144230769231	1424.0	-0.015873015873	11.0	0.0	0.007
SpombA	TCA	S	A	0.0	0.184548678556	0.5	0.19512195122	0.536585365854	0.394230769231	0.144230769231	1424.0	1.11899791232	28.0	0.0	0.002
WmucoA	TCT	S	A	0.0	0.66714373754	0.166666666667	0.0363636363636	0.890909090909	0.316091954023	0.051724137931	2246.0	0.970871794872	29.0	0.0	0.0
WmucoA	AGT	S	A	0.0	0.66714373754	0.333333333333	0.0740740740741	0.796296296296	0.310344827586	0.051724137931	2246.0	1.0612070804	9.0	0.0	0.0
WmucoA	TCA	S	A	0.0	0.66714373754	0.3	0.0483870967742	0.838709677419	0.35632183908	0.051724137931	2246.0	1.03307718009	28.0	0.0	0.0
AacerA	TCT	S	A	0.0	0.883855941318	0.5	0.0769230769231	0.692307692308	0.270833333333	0.0833333333333	630.0	1.02062588905	29.0	0.0	0.013
AacerA	TCA	S	A	0.0	0.883855941318	0.5	0.111111111111	0.851851851852	0.5625	0.0833333333333	630.0	1.3038147139	28.0	0.0	0.011
CgallA	TCT	S	A	0.0	0.48271181386	0.6	0.153846153846	0.717948717949	0.233532934132	0.0898203592814	2247.0	1.15735461802	29.0	0.0	0.0
CgallA	AGT	S	A	0.0	0.48271181386	0.25	0.0952380952381	0.833333333333	0.251497005988	0.0898203592814	2247.0	1.09775910364	9.0	0.0	0.0
CgallA	TCA	S	A	0.0	0.48271181386	0.166666666667	0.0617283950617	0.777777777778	0.48502994012	0.0898203592814	2247.0	0.974560713349	28.0	0.0	0.0
CgigaA	TCA	S	A	0.0	0.412646078438	0.2	0.0512820512821	0.871794871795	0.258278145695	0.0132450331126	2002.0	1.06186107471	28.0	0.0	0.0
CsantA	TCT	S	A	0.0	0.790897395168	0.444444444444	0.146341463415	0.682926829268	0.231638418079	0.129943502825	2220.0	1.16159549987	29.0	0.0	0.0
CsantA	AGC	S	A	0.0	0.790897395168	0.1	0.0416666666667	0.666666666667	0.135593220339	0.129943502825	2220.0	0.757575757576	11.0	0.0	0.0
CsantA	AGT	S	A	0.0	0.790897395168	0.545454545455	0.141025641026	0.692307692308	0.440677966102	0.129943502825	2220.0	1.05660377358	9.0	0.0	0.0
CsantA	TCA	S	A	0.0	0.790897395168	0.375	0.161290322581	0.741935483871	0.175141242938	0.129943502825	2220.0	1.25042416016	28.0	0.0	0.0
CtropB	AGT	S	A	0.0	0.359353671563	0.1	0.025	0.95	0.235294117647	0.0176470588235	2250.0	1.04360465116	9.0	0.0	0.0
CtropB	TCC	S	A	0.0	0.359353671563	0.166666666667	0.125	0.875	0.0470588235294	0.0176470588235	2250.0	1.18811881188	31.0	0.0	0.0
CtropB	TCA	S	A	0.0	0.359353671563	0.0909090909091	0.0166666666667	0.95	0.352941176471	0.0176470588235	2250.0	1.07536180727	28.0	0.0	0.0
CtropA	AGT	S	A	0.0	0.359223830981	0.1	0.025	0.925	0.235294117647	0.0176470588235	2250.0	1.00610465116	9.0	0.0	0.0
CtropA	TCC	S	A	0.0	0.359223830981	0.166666666667	0.125	0.875	0.0470588235294	0.0176470588235	2250.0	1.18811881188	31.0	0.0	0.0
CtropA	TCA	S	A	0.0	0.359223830981	0.0833333333333	0.016393442623	0.950819672131	0.358823529412	0.0176470588235	2250.0	1.096740638	28.0	0.0	0.0
WpijpA	TCT	S	A	0.0	0.556102468923	0.166666666667	0.04	0.84	0.233644859813	0.0467289719626	1429.0	0.995780590717	29.0	0.0	0.0
WpijpA	AGT	S	A	0.0	0.556102468923	0.5	0.0869565217391	0.826086956522	0.214953271028	0.0467289719626	1429.0	1.12639405204	9.0	0.0	0.0
WpijpA	TCA	S	A	0.0	0.556102468923	0.333333333333	0.0338983050847	0.864406779661	0.551401869159	0.0467289719626	1429.0	0.988731487444	28.0	0.0	0.0
BarxA	AGT	S	A	0.0	0.528205082171	1.0	0.0769230769231	0.846153846154	0.361111111111	0.111111111111	434.0	1.10854341737	9.0	0.0	0.036
BarxA	TCA	S	A	0.0	0.528205082171	1.0	0.142857142857	0.571428571429	0.583333333333	0.111111111111	434.0	1.03464703335	28.0	0.0	0.044
CoxycA	TCT	S	A	0.0	0.49999995292	1.0	0.0909090909091	0.727272727273	0.275	0.025	434.0	1.07933884298	29.0	0.0	0.064
CsubhA	AGC	S	A	4.0	0.705422675077	0.0909090909091	0.0161290322581	0.887096774194	0.350282485876	0.0225988700565	2244.0	0.849109325882	11.0	0.0	0.051
CsubhA	TCC	S	A	4.0	0.705422675077	0.0909090909091	0.0666666666667	0.9	0.169491525424	0.0225988700565	2244.0	1.09640397858	31.0	0.0	0.056
CsubhA	TCA	S	A	4.0	0.705422675077	0.0833333333333	0.0232558139535	0.906976744186	0.242937853107	0.0225988700565	2244.0	0.936977980258	28.0	0.0	0.056
CsubhB	AGC	S	A	4.0	0.705422675077	0.0909090909091	0.0161290322581	0.887096774194	0.350282485876	0.0225988700565	2244.0	0.849109325882	11.0	0.0	0.051
CsubhB	TCC	S	A	4.0	0.705422675077	0.0909090909091	0.0666666666667	0.9	0.169491525424	0.0225988700565	2244.0	1.09640397858	31.0	0.0	0.056
CsubhB	TCA	S	A	4.0	0.705422675077	0.0833333333333	0.0232558139535	0.906976744186	0.242937853107	0.0225988700565	2244.0	0.936977980258	28.0	0.0	0.056
OanguA	TCT	S	A	1.0	0.681751024851	0.0909090909091	0.0434782608696	0.913043478261	0.262857142857	0.0342857142857	2248.0	1.08342105263	29.0	0.0	0.0
OanguA	AGT	S	A	1.0	0.681751024851	0.2	0.05	0.7	0.228571428571	0.0342857142857	2248.0	0.755150088287	9.0	0.0	0.0
OanguA	TCA	S	A	1.0	0.681751024851	0.153846153846	0.0238095238095	0.845238095238	0.48	0.0342857142857	2248.0	0.94517164732	28.0	0.0	0.0
SarboA	TCT	S	A	0.0	0.176395864042	0.6	0.151515151515	0.757575757576	0.323529411765	0.0686274509804	1429.0	1.16777939042	29.0	0.0	0.0
SarboA	TCA	S	A	0.0	0.176395864042	0.285714285714	0.0350877192982	0.877192982456	0.558823529412	0.0686274509804	1429.0	0.991465863454	28.0	0.0	0.0
CalaiA	AGT	S	A	3.0	0.863829740221	0.1	0.0185185185185	0.87037037037	0.343949044586	0.0127388535032	2056.0	0.946933718769	9.0	0.0	0.051
CalaiA	TCA	S	A	3.0	0.863829740221	0.0909090909091	0.016393442623	0.901639344262	0.388535031847	0.0127388535032	2056.0	0.946307460437	28.0	0.0	0.051
KtherA	AGT	S	A	4.0	0.381656178986	0.2	0.0714285714286	0.928571428571	0.14	0.03	1429.0	1.06416382253	9.0	0.0	0.056
KtherA	TCA	S	A	4.0	0.381656178986	0.285714285714	0.0322580645161	0.935483870968	0.62	0.03	1429.0	1.00507614213	28.0	0.0	0.051
CblacA	AGT	S	A	0.0	0.390624940659	1.0	0.0833333333333	0.833333333333	0.342857142857	0.0285714285714	434.0	1.00682852807	9.0	0.0	0.061
CnorvA	TCT	S	A	0.0	0.586583692991	0.2	0.0769230769231	0.807692307692	0.152046783626	0.0584795321637	2249.0	1.07242225859	29.0	0.0	0.0
CnorvA	AGT	S	A	0.0	0.586583692991	0.363636363636	0.0833333333333	0.854166666667	0.280701754386	0.0584795321637	2249.0	1.14578807627	9.0	0.0	0.0
CnorvA	TCA	S	A	0.0	0.586583692991	0.25	0.0416666666667	0.854166666667	0.561403508772	0.0584795321637	2249.0	0.98136506511	28.0	0.0	0.0
CviswA	TCT	S	A	0.0	0.10464522867	0.0909090909091	0.0571428571429	0.914285714286	0.198863636364	0.0284090909091	2249.0	1.17255031343	29.0	0.0	0.0
CviswA	AGC	S	A	0.0	0.10464522867	0.25	0.166666666667	0.833333333333	0.0340909090909	0.0284090909091	2249.0	1.48484848485	11.0	0.0	0.0
CviswA	AGT	S	A	0.0	0.10464522867	0.153846153846	0.031746031746	0.904761904762	0.357954545455	0.0284090909091	2249.0	1.03962703963	9.0	0.0	0.0
MstarA	TCT	S	A	0.0	0.820552952125	0.181818181818	0.075	0.725	0.216216216216	0.108108108108	2249.0	0.941857335128	29.0	0.0	0.0
MstarA	AGT	S	A	0.0	0.820552952125	0.416666666667	0.108108108108	0.756756756757	0.4	0.108108108108	2249.0	1.05953809238	9.0	0.0	0.0
MstarA	TCA	S	A	0.0	0.820552952125	0.545454545455	0.130434782609	0.739130434783	0.372972972973	0.108108108108	2249.0	1.05606155779	28.0	0.0	0.0
NbaciA	TCA	S	A	0.0	0.121553521417	0.333333333333	0.1	0.8	0.490196078431	0.0490196078431	1428.0	1.08838095238	28.0	0.0	0.0
CtetrA	TCT	S	A	0.0	0.794965182099	0.0909090909091	0.025	0.925	0.227272727273	0.0227272727273	2249.0	1.01567656766	29.0	0.0	0.0
CtetrA	AGT	S	A	0.0	0.794965182099	0.0909090909091	0.031746031746	0.904761904762	0.357954545455	0.0227272727273	2249.0	1.01352082207	9.0	0.0	0.0
CtetrA	TCA	S	A	0.0	0.794965182099	0.0833333333333	0.015625	0.953125	0.363636363636	0.0227272727273	2249.0	1.04413239719	28.0	0.0	0.0
CbohiA	TCT	S	A	4.0	0.247178648646	0.111111111111	0.0294117647059	0.941176470588	0.19209039548	0.0112994350282	2250.0	1.03908045977	29.0	0.0	0.06
CbohiA	AGT	S	A	4.0	0.247178648646	0.0909090909091	0.0166666666667	0.866666666667	0.338983050847	0.0112994350282	2250.0	0.880687008953	9.0	0.0	0.055
LstarA	TCT	S	A	0.0	0.511031206911	0.571428571429	0.11320754717	0.698113207547	0.392592592593	0.0962962962963	1834.0	1.10971452919	29.0	0.0	0.0
LstarA	AGT	S	A	0.0	0.511031206911	0.375	0.102040816327	0.69387755102	0.362962962963	0.0962962962963	1834.0	0.857659286037	9.0	0.0	0.0
LstarA	AGC	S	A	0.0	0.511031206911	0.25	0.166666666667	0.666666666667	0.0444444444444	0.0962962962963	1834.0	0.790660225443	11.0	0.0	0.0
LstarA	TCA	S	A	0.0	0.511031206911	0.125	0.037037037037	0.814814814815	0.2	0.0962962962963	1834.0	0.914006759294	28.0	0.0	0.0
MfariA	TCT	S	A	0.0	0.934636171208	0.166666666667	0.0333333333333	0.85	0.338983050847	0.0225988700565	2248.0	0.918153393415	29.0	0.0	0.0
MfariA	AGT	S	A	0.0	0.934636171208	0.0909090909091	0.0181818181818	0.927272727273	0.310734463277	0.0225988700565	2248.0	0.977337688853	9.0	0.0	0.0
MfariA	TCA	S	A	0.0	0.934636171208	0.111111111111	0.0181818181818	0.945454545455	0.310734463277	0.0225988700565	2248.0	1.07716597592	28.0	0.0	0.0
MfariB	TCT	S	A	0.0	0.678109717913	0.0909090909091	0.0217391304348	0.934782608696	0.258426966292	0.0393258426966	2250.0	1.0777060576	29.0	0.0	0.0
MfariB	AGT	S	A	0.0	0.678109717913	0.272727272727	0.0588235294118	0.901960784314	0.286516853933	0.0393258426966	2250.0	1.12566371681	9.0	0.0	0.0
MfariB	TCA	S	A	0.0	0.678109717913	0.166666666667	0.0379746835443	0.911392405063	0.443820224719	0.0393258426966	2250.0	1.04718644068	28.0	0.0	0.0
CcastA	TCT	S	A	0.0	0.880276963506	0.2	0.0454545454545	0.727272727273	0.222222222222	0.040404040404	1428.0	0.89373650108	29.0	0.0	0.0
CcastA	TCA	S	A	0.0	0.880276963506	0.333333333333	0.046875	0.90625	0.646464646465	0.040404040404	1428.0	1.03123605533	28.0	0.0	0.0
LanspB	TCA	S	A	2.0	0.795628214199	0.285714285714	0.0327868852459	0.934426229508	0.616161616162	0.020202020202	1429.0	1.01563721658	28.0	0.0	0.0
CphanA	TCT	S	A	0.0	0.534270082953	0.1	0.0294117647059	0.823529411765	0.207317073171	0.0792682926829	2247.0	0.792433880147	29.0	0.0	0.0
CphanA	AGT	S	A	0.0	0.534270082953	0.25	0.0888888888889	0.844444444444	0.274390243902	0.0792682926829	2247.0	1.00791624106	9.0	0.0	0.0
CphanA	TCA	S	A	0.0	0.534270082953	0.5	0.0941176470588	0.741176470588	0.518292682927	0.0792682926829	2247.0	1.02709084131	28.0	0.0	0.0
LanspA	TCT	S	A	3.0	0.492049215824	0.166666666667	0.0344827586207	0.862068965517	0.292929292929	0.020202020202	1429.0	1.04965471884	29.0	0.0	0.052
LanspA	TCA	S	A	3.0	0.492049215824	0.166666666667	0.0175438596491	0.964912280702	0.575757575758	0.020202020202	1429.0	1.01323504775	28.0	0.0	0.051
CsojaA	AGT	S	A	0.0	0.854620925924	0.142857142857	0.0238095238095	0.928571428571	0.375	0.0178571428571	1498.0	1.02818104184	9.0	0.0	0.0
CsojaA	TCA	S	A	0.0	0.854620925924	0.142857142857	0.0227272727273	0.931818181818	0.392857142857	0.0178571428571	1498.0	1.09866856871	28.0	0.0	0.0
CglabA	TCT	S	A	0.0	0.709059516579	0.333333333333	0.0740740740741	0.777777777778	0.272727272727	0.0505050505051	1413.0	1.11392405063	29.0	0.0	0.0
CglabA	TCA	S	A	0.0	0.709059516579	0.428571428571	0.05	0.9	0.606060606061	0.0505050505051	1413.0	1.06577480491	28.0	0.0	0.0
ScryoA	TCT	S	A	0.0	0.164083816079	0.333333333333	0.103448275862	0.689655172414	0.27358490566	0.150943396226	1424.0	1.04774448469	29.0	0.0	0.0
ScryoA	AGT	S	A	0.0	0.164083816079	0.666666666667	0.225806451613	0.451612903226	0.292452830189	0.150943396226	1424.0	0.967594007949	9.0	0.0	0.0
ScryoA	TCC	S	A	0.0	0.164083816079	0.333333333333	0.333333333333	0.0	0.0283018867925	0.150943396226	1424.0	0.898089171975	31.0	0.0	0.007
ScryoA	TCA	S	A	0.0	0.164083816079	0.666666666667	0.135135135135	0.648648648649	0.349056603774	0.150943396226	1424.0	0.990451612903	28.0	0.0	0.0
CneerA	TCT	S	A	0.0	0.226466902793	0.166666666667	0.0697674418605	0.906976744186	0.245714285714	0.0228571428571	2249.0	1.21614906832	29.0	0.0	0.0
CneerA	AGT	S	A	0.0	0.226466902793	0.0833333333333	0.015873015873	0.968253968254	0.36	0.0228571428571	2249.0	1.06127316089	9.0	0.0	0.0
CsakeA	TCT	S	A	0.0	0.344487815239	0.1	0.0243902439024	0.90243902439	0.241176470588	0.0294117647059	2207.0	1.10212097408	29.0	0.0	0.0
CsakeA	AGT	S	A	0.0	0.344487815239	0.3	0.06	0.9	0.294117647059	0.0294117647059	2207.0	1.14221116889	9.0	0.0	0.0
CsakeA	TCA	S	A	0.0	0.344487815239	0.0909090909091	0.0126582278481	0.949367088608	0.464705882353	0.0294117647059	2207.0	0.980935151684	28.0	0.0	0.0
HuvarA	TCT	S	A	0.0	0.129609550582	0.333333333333	0.0769230769231	0.615384615385	0.247619047619	0.0761904761905	1361.0	0.759409594096	29.0	0.0	0.0
HuvarA	TCA	S	A	0.0	0.129609550582	0.5	0.12	0.62	0.47619047619	0.0761904761905	1361.0	0.841069723018	28.0	0.0	0.0
CjiufA	TCT	S	A	6.0	0.372519999614	0.166666666667	0.0322580645161	0.903225806452	0.350282485876	0.0112994350282	2231.0	0.966267281106	29.0	0.0	0.051
KlactA	TCT	S	A	0.0	0.173777098353	0.5	0.166666666667	0.833333333333	0.176470588235	0.078431372549	1408.0	1.31338582677	29.0	0.0	0.0
KlactA	AGT	S	A	0.0	0.173777098353	0.2	0.153846153846	0.846153846154	0.127450980392	0.078431372549	1408.0	1.36026686434	9.0	0.0	0.0
KlactA	TCA	S	A	0.0	0.173777098353	0.333333333333	0.0434782608696	0.884057971014	0.676470588235	0.078431372549	1408.0	0.981591695502	28.0	0.0	0.0
CzempA	TCT	S	A	0.0	0.132531708994	0.333333333333	0.0588235294118	0.588235294118	0.309090909091	0.127272727273	1428.0	0.656879194631	29.0	0.0	0.0
CzempA	AGT	S	A	0.0	0.132531708994	0.666666666667	0.236842105263	0.552631578947	0.345454545455	0.127272727273	1428.0	1.08345902464	9.0	0.0	0.001
CzempA	TCA	S	A	0.0	0.132531708994	0.166666666667	0.0789473684211	0.526315789474	0.345454545455	0.127272727273	1428.0	0.655267099351	28.0	0.0	0.0
CmetaB	TCT	S	A	0.0	0.485118991104	0.1	0.0172413793103	0.931034482759	0.333333333333	0.00574712643678	2250.0	0.924607730578	29.0	0.0	0.0
CmetaC	TCT	S	A	0.0	0.485118991104	0.1	0.0172413793103	0.931034482759	0.333333333333	0.00574712643678	2250.0	0.924607730578	29.0	0.0	0.0
CmetaA	TCT	S	A	0.0	0.485118991104	0.1	0.0172413793103	0.931034482759	0.333333333333	0.00574712643678	2250.0	0.924607730578	29.0	0.0	0.0
CmetaF	TCT	S	A	0.0	0.485118991104	0.1	0.0172413793103	0.931034482759	0.333333333333	0.00574712643678	2250.0	0.924607730578	29.0	0.0	0.0
CfrijA	TCT	S	A	0.0	0.452100095935	0.0769230769231	0.0232558139535	0.93023255814	0.240223463687	0.0335195530726	2249.0	1.00726517903	29.0	0.0	0.0
CfrijA	AGT	S	A	0.0	0.452100095935	0.0833333333333	0.0153846153846	0.953846153846	0.36312849162	0.0335195530726	2249.0	1.02700333158	9.0	0.0	0.0
CfrijA	TCA	S	A	0.0	0.452100095935	0.166666666667	0.0606060606061	0.848484848485	0.368715083799	0.0335195530726	2249.0	1.09646717212	28.0	0.0	0.0
CmetaD	TCT	S	A	0.0	0.485118991104	0.1	0.0172413793103	0.931034482759	0.333333333333	0.00574712643678	2250.0	0.924607730578	29.0	0.0	0.0
CmetaE	TCT	S	A	0.0	0.485118991104	0.1	0.0172413793103	0.931034482759	0.333333333333	0.00574712643678	2250.0	0.924607730578	29.0	0.0	0.0
PpastA	AGT	S	A	0.0	0.774580880105	0.272727272727	0.051724137931	0.793103448276	0.306878306878	0.0582010582011	2248.0	0.91599384852	9.0	0.0	0.0
PpastA	TCA	S	A	0.0	0.774580880105	0.384615384615	0.070796460177	0.805309734513	0.597883597884	0.0582010582011	2248.0	1.06403703347	28.0	0.0	0.0
SjapoA	TCT	S	A	0.0	0.0325673519336	0.571428571429	0.114754098361	0.622950819672	0.586538461538	0.173076923077	1423.0	0.909998440181	29.0	0.0	0.0
SjapoA	AGT	S	A	0.0	0.0325673519336	0.833333333333	0.307692307692	0.423076923077	0.25	0.173076923077	1423.0	1.31960279515	9.0	0.0	0.0
SjapoA	AGC	S	A	0.0	0.0325673519336	0.333333333333	0.25	0.5	0.0384615384615	0.173076923077	1423.0	1.0	11.0	0.0	0.0
SjapoA	TCC	S	A	0.0	0.0325673519336	0.333333333333	0.333333333333	0.0	0.0288461538462	0.173076923077	1423.0	0.532051282051	31.0	0.0	0.01
SjapoA	TCA	S	A	0.0	0.0325673519336	0.25	0.1	0.9	0.0961538461538	0.173076923077	1423.0	1.42304060434	28.0	0.0	0.0
MmagnB	TCT	S	A	0.0	0.935490406214	0.272727272727	0.0869565217391	0.869565217391	0.261363636364	0.102272727273	2249.0	1.14138286894	29.0	0.0	0.0
MmagnB	AGC	S	A	0.0	0.935490406214	0.2	0.0909090909091	0.681818181818	0.125	0.102272727273	2249.0	0.673459485687	11.0	0.0	0.0
MmagnB	AGT	S	A	0.0	0.935490406214	0.363636363636	0.117647058824	0.823529411765	0.289772727273	0.102272727273	2249.0	1.25765249945	9.0	0.0	0.0
MmagnB	TCA	S	A	0.0	0.935490406214	0.363636363636	0.115384615385	0.653846153846	0.295454545455	0.102272727273	2249.0	0.979850316638	28.0	0.0	0.0
MmagnA	TCT	S	A	0.0	0.920235858217	0.272727272727	0.0869565217391	0.869565217391	0.261363636364	0.102272727273	2249.0	1.14138286894	29.0	0.0	0.0
MmagnA	AGC	S	A	0.0	0.920235858217	0.2	0.1	0.7	0.113636363636	0.102272727273	2249.0	0.717532467532	11.0	0.0	0.0
MmagnA	AGT	S	A	0.0	0.920235858217	0.363636363636	0.11320754717	0.811320754717	0.301136363636	0.102272727273	2249.0	1.21434581405	9.0	0.0	0.0
MmagnA	TCA	S	A	0.0	0.920235858217	0.363636363636	0.115384615385	0.653846153846	0.295454545455	0.102272727273	2249.0	0.979850316638	28.0	0.0	0.0
CcoryA	TCT	S	A	5.0	0.0166664393605	0.0909090909091	0.0217391304348	0.934782608696	0.265895953757	0.0173410404624	2250.0	0.966240655896	29.0	0.0	0.056
CcoryA	TCG	S	A	5.0	0.0166664393605	1.0	1.0	0.0	0.00578034682081	0.0173410404624	2250.0	2.23853211009	30.0	0.0	0.389
CcoryA	AGT	S	A	5.0	0.0166664393605	0.0833333333333	0.0169491525424	0.949152542373	0.341040462428	0.0173410404624	2250.0	1.07982555935	9.0	0.0	0.055
MtetrA	TCT	S	A	0.0	0.851991504203	0.222222222222	0.08	0.84	0.147058823529	0.105882352941	2248.0	0.985668053629	29.0	0.0	0.0
MtetrA	AGC	S	A	0.0	0.851991504203	0.25	0.102564102564	0.794871794872	0.229411764706	0.105882352941	2248.0	1.01935297516	11.0	0.0	0.0
MtetrA	TCG	S	A	0.0	0.851991504203	0.1	0.0588235294118	0.882352941176	0.1	0.105882352941	2248.0	1.03443328551	30.0	0.0	0.0
MtetrA	AGT	S	A	0.0	0.851991504203	0.3	0.121212121212	0.787878787879	0.194117647059	0.105882352941	2248.0	1.23256578947	9.0	0.0	0.0
MtetrA	TCC	S	A	0.0	0.851991504203	0.111111111111	0.0526315789474	0.736842105263	0.111764705882	0.105882352941	2248.0	0.70581257414	31.0	0.0	0.0
MtetrA	TCA	S	A	0.0	0.851991504203	0.333333333333	0.162162162162	0.702702702703	0.217647058824	0.105882352941	2248.0	1.2986092889	28.0	0.0	0.0
CsaraA	AGT	S	A	0.0	0.578679202906	0.166666666667	0.0461538461538	0.907692307692	0.371428571429	0.0285714285714	2249.0	1.08305992057	9.0	0.0	0.0
CsaraA	TCA	S	A	0.0	0.578679202906	0.166666666667	0.0357142857143	0.946428571429	0.32	0.0285714285714	2249.0	1.19054936612	28.0	0.0	0.0
CsuavA	TCT	S	A	0.0	0.967102005057	0.2	0.0512820512821	0.897435897436	0.221590909091	0.0568181818182	2250.0	1.0755914599	29.0	0.0	0.0
CsuavA	AGT	S	A	0.0	0.967102005057	0.3	0.063829787234	0.808510638298	0.267045454545	0.0568181818182	2250.0	1.01894896412	9.0	0.0	0.0
CsuavA	TCA	S	A	0.0	0.967102005057	0.363636363636	0.0588235294118	0.847058823529	0.482954545455	0.0568181818182	2250.0	1.07531637793	28.0	0.0	0.0
PkluyA	AGT	S	A	0.0	0.925449819532	0.181818181818	0.0652173913043	0.717391304348	0.262857142857	0.0685714285714	2247.0	0.813559322034	9.0	0.0	0.0
PkluyA	TCA	S	A	0.0	0.925449819532	0.230769230769	0.0737704918033	0.811475409836	0.697142857143	0.0685714285714	2247.0	1.05486931615	28.0	0.0	0.0
PcanaA	TCT	S	A	0.0	0.249404934342	0.125	0.0606060606061	0.818181818182	0.189655172414	0.0459770114943	2250.0	0.952528379773	29.0	0.0	0.0
PcanaA	AGT	S	A	0.0	0.249404934342	0.363636363636	0.078431372549	0.78431372549	0.293103448276	0.0459770114943	2250.0	1.12804739121	9.0	0.0	0.0
PcanaA	TCA	S	A	0.0	0.249404934342	0.166666666667	0.0224719101124	0.876404494382	0.511494252874	0.0459770114943	2250.0	0.972867298578	28.0	0.0	0.0
YlipoB	TCT	S	A	0.0	0.938544326789	0.444444444444	0.0975609756098	0.756097560976	0.25	0.0853658536585	2247.0	0.966186252772	29.0	0.0	0.0
YlipoB	AGT	S	A	0.0	0.938544326789	0.25	0.093023255814	0.813953488372	0.262195121951	0.0853658536585	2247.0	1.04874727669	9.0	0.0	0.0
YlipoB	TCA	S	A	0.0	0.938544326789	0.333333333333	0.08	0.76	0.457317073171	0.0853658536585	2247.0	1.03456026974	28.0	0.0	0.0
YlipoA	TCT	S	A	0.0	0.938544326789	0.444444444444	0.0975609756098	0.756097560976	0.25	0.0853658536585	2247.0	0.966186252772	29.0	0.0	0.0
YlipoA	AGT	S	A	0.0	0.938544326789	0.25	0.093023255814	0.813953488372	0.262195121951	0.0853658536585	2247.0	1.04874727669	9.0	0.0	0.0
YlipoA	TCA	S	A	0.0	0.938544326789	0.333333333333	0.08	0.76	0.457317073171	0.0853658536585	2247.0	1.03456026974	28.0	0.0	0.0
CjadiA	TCT	S	A	0.0	0.954037371753	0.1	0.0384615384615	0.884615384615	0.148571428571	0.0571428571429	2250.0	0.94160899654	29.0	0.0	0.0
CjadiA	AGT	S	A	0.0	0.954037371753	0.3	0.063829787234	0.829787234043	0.268571428571	0.0571428571429	2250.0	1.03526763382	9.0	0.0	0.0
CjadiA	TCA	S	A	0.0	0.954037371753	0.307692307692	0.0594059405941	0.841584158416	0.577142857143	0.0571428571429	2250.0	1.07870225013	28.0	0.0	0.0
AgossB	TCT	S	A	0.0	0.261184607718	0.142857142857	0.03125	0.90625	0.304761904762	0.0666666666667	1427.0	1.0744555621	29.0	0.0	0.0
AgossB	TCA	S	A	0.0	0.261184607718	0.5	0.105263157895	0.771929824561	0.542857142857	0.0666666666667	1427.0	1.17034068136	28.0	0.0	0.0
NdelpA	TCT	S	A	0.0	0.198614886186	0.4	0.115384615385	0.692307692308	0.26	0.06	1412.0	1.11836881992	29.0	0.0	0.0
NdelpA	TCA	S	A	0.0	0.198614886186	0.428571428571	0.047619047619	0.920634920635	0.63	0.06	1412.0	1.10431599817	28.0	0.0	0.0
LelonA	TCA	S	A	1.0	0.772455011259	0.0833333333333	0.0121951219512	0.914634146341	0.458100558659	0.00558659217877	2249.0	0.956375404531	28.0	0.0	0.0
CpseuA	TCT	S	A	6.0	0.87899155486	1.0	0.0714285714286	0.785714285714	0.358974358974	0.0512820512821	434.0	1.18465539662	29.0	0.0	0.094
CpseuA	TCA	S	A	6.0	0.87899155486	1.0	0.0769230769231	0.846153846154	0.333333333333	0.0512820512821	434.0	1.14345696291	28.0	0.0	0.095
CalimA	TCT	S	A	0.0	0.742992258622	0.444444444444	0.108108108108	0.702702702703	0.222891566265	0.0843373493976	2247.0	0.895789154802	29.0	0.0	0.0
CalimA	AGT	S	A	0.0	0.742992258622	0.25	0.0888888888889	0.844444444444	0.271084337349	0.0843373493976	2247.0	1.06278950077	9.0	0.0	0.0
CalimA	TCA	S	A	0.0	0.742992258622	0.416666666667	0.0731707317073	0.768292682927	0.493975903614	0.0843373493976	2247.0	1.01254526643	28.0	0.0	0.0
CchauA	TCT	S	A	5.0	0.52502478328	0.1	0.025	0.95	0.233918128655	0.0175438596491	2250.0	1.00712656784	29.0	0.0	0.056
CchauA	TCA	S	A	5.0	0.52502478328	0.181818181818	0.0307692307692	0.907692307692	0.380116959064	0.0175438596491	2250.0	0.956636875207	28.0	0.0	0.051
BcaliA	TCT	S	A	0.0	0.459014730197	0.181818181818	0.0571428571429	0.857142857143	0.204678362573	0.0526315789474	2250.0	1.08520325203	29.0	0.0	0.0
BcaliA	AGT	S	A	0.0	0.459014730197	0.363636363636	0.0851063829787	0.829787234043	0.27485380117	0.0526315789474	2250.0	1.14823996034	9.0	0.0	0.0
BcaliA	TCA	S	A	0.0	0.459014730197	0.181818181818	0.0340909090909	0.863636363636	0.514619883041	0.0526315789474	2250.0	0.94801149976	28.0	0.0	0.0
SoctoA	TCT	S	A	0.0	0.433754299324	0.6	0.114285714286	0.714285714286	0.330188679245	0.141509433962	1425.0	1.10724081185	29.0	0.0	0.0
SoctoA	AGT	S	A	0.0	0.433754299324	0.666666666667	0.1875	0.46875	0.301886792453	0.141509433962	1425.0	0.872954477834	9.0	0.0	0.0
SoctoA	TCA	S	A	0.0	0.433754299324	0.5	0.142857142857	0.6	0.330188679245	0.141509433962	1425.0	0.991578375441	28.0	0.0	0.0
CvartA	TCT	S	A	0.0	0.447418413875	0.3	0.0833333333333	0.861111111111	0.204545454545	0.0511363636364	2250.0	1.17654398004	29.0	0.0	0.0
CvartA	AGT	S	A	0.0	0.447418413875	0.272727272727	0.0612244897959	0.816326530612	0.278409090909	0.0511363636364	2250.0	1.02974334373	9.0	0.0	0.0
CvartA	TCA	S	A	0.0	0.447418413875	0.230769230769	0.0333333333333	0.855555555556	0.511363636364	0.0511363636364	2250.0	0.978139534884	28.0	0.0	0.0
CbuenA	TCA	S	A	0.0	0.0741352772811	0.2	0.0425531914894	0.872340425532	0.28313253012	0.0120481927711	2248.0	0.981318928652	28.0	0.0	0.0
CdefoA	TCT	S	A	0.0	0.53499815003	0.5	0.131578947368	0.736842105263	0.230303030303	0.0848484848485	2247.0	1.05755395683	29.0	0.0	0.0
CdefoA	AGT	S	A	0.0	0.53499815003	0.25	0.0909090909091	0.840909090909	0.266666666667	0.0848484848485	2247.0	1.06356711321	9.0	0.0	0.0
CdefoA	TCA	S	A	0.0	0.53499815003	0.25	0.0625	0.775	0.484848484848	0.0848484848485	2247.0	0.989739542226	28.0	0.0	0.0
LdasiA	TCT	S	A	0.0	0.540208355582	0.2	0.0416666666667	0.791666666667	0.237623762376	0.039603960396	1429.0	0.9698771304	29.0	0.0	0.0
LdasiA	AGT	S	A	0.0	0.540208355582	0.2	0.0666666666667	0.8	0.148514851485	0.039603960396	1429.0	0.961047254151	9.0	0.0	0.0
LdasiA	TCA	S	A	0.0	0.540208355582	0.285714285714	0.0327868852459	0.950819672131	0.60396039604	0.039603960396	1429.0	1.04542606516	28.0	0.0	0.0
LkluyF	AGT	S	A	2.0	0.368092021244	0.2	0.0666666666667	0.8	0.151515151515	0.030303030303	1429.0	0.839948783611	9.0	0.0	0.0
LkluyF	TCA	S	A	2.0	0.368092021244	0.333333333333	0.0322580645161	0.935483870968	0.626262626263	0.030303030303	1429.0	1.02614580129	28.0	0.0	0.0
LkluyE	AGT	S	A	1.0	0.356386334553	0.2	0.0666666666667	0.8	0.151515151515	0.030303030303	1429.0	0.839948783611	9.0	0.0	0.0
LkluyE	TCA	S	A	1.0	0.356386334553	0.333333333333	0.031746031746	0.936507936508	0.636363636364	0.030303030303	1429.0	1.02376987131	28.0	0.0	0.0
LkluyD	AGT	S	A	0.0	0.430211788647	0.2	0.0666666666667	0.8	0.15	0.03	1429.0	0.839948783611	9.0	0.0	0.0
LkluyD	TCA	S	A	0.0	0.430211788647	0.333333333333	0.0333333333333	0.916666666667	0.6	0.03	1429.0	1.02577975812	28.0	0.0	0.0
LkluyC	AGT	S	A	2.0	0.368092021244	0.2	0.0666666666667	0.8	0.151515151515	0.030303030303	1429.0	0.839948783611	9.0	0.0	0.0
LkluyC	TCA	S	A	2.0	0.368092021244	0.333333333333	0.0322580645161	0.935483870968	0.626262626263	0.030303030303	1429.0	1.02614580129	28.0	0.0	0.0
LkluyB	TCA	S	A	0.0	0.66129020564	1.0	0.0454545454545	0.909090909091	0.666666666667	0.030303030303	434.0	1.05952873088	28.0	0.0	0.061
LkluyA	AGT	S	A	4.0	0.368092021244	0.2	0.0666666666667	0.8	0.151515151515	0.030303030303	1429.0	0.839948783611	9.0	0.0	0.056
LkluyA	TCA	S	A	4.0	0.368092021244	0.333333333333	0.0322580645161	0.935483870968	0.626262626263	0.030303030303	1429.0	1.02614580129	28.0	0.0	0.051
ClusiA	AGT	S	A	0.0	0.250609404298	0.272727272727	0.0555555555556	0.888888888889	0.312138728324	0.028901734104	2250.0	1.06837782341	9.0	0.0	0.0
ClusiA	TCA	S	A	0.0	0.250609404298	0.166666666667	0.0277777777778	0.916666666667	0.416184971098	0.028901734104	2250.0	1.03338323353	28.0	0.0	0.0
MguilA	TCT	S	A	0.0	0.900610137431	0.0769230769231	0.0185185185185	0.888888888889	0.312138728324	0.0173410404624	2250.0	0.981108573801	29.0	0.0	0.0
MguilA	AGT	S	A	0.0	0.900610137431	0.0909090909091	0.0196078431373	0.921568627451	0.294797687861	0.0173410404624	2250.0	0.975625823452	9.0	0.0	0.0
MguilA	TCA	S	A	0.0	0.900610137431	0.0909090909091	0.0161290322581	0.967741935484	0.35838150289	0.0173410404624	2250.0	1.0665851101	28.0	0.0	0.0
SpastA	TCT	S	A	0.0	0.94059917971	0.166666666667	0.0740740740741	0.851851851852	0.27	0.07	1429.0	1.09261887864	29.0	0.0	0.0
SpastA	AGT	S	A	0.0	0.94059917971	0.2	0.0833333333333	0.833333333333	0.12	0.07	1429.0	0.876996805112	9.0	0.0	0.0
SpastA	TCA	S	A	0.0	0.94059917971	0.428571428571	0.0677966101695	0.864406779661	0.59	0.07	1429.0	1.05793125706	28.0	0.0	0.0
ScereC	TCT	S	A	0.0	0.713140373863	0.4	0.0714285714286	0.821428571429	0.285714285714	0.0510204081633	1429.0	1.01369394043	29.0	0.0	0.0
ScereC	TCA	S	A	0.0	0.713140373863	0.285714285714	0.05	0.883333333333	0.612244897959	0.0510204081633	1429.0	1.0318239392	28.0	0.0	0.0
ScereA	TCT	S	A	0.0	0.656141000511	0.4	0.0714285714286	0.821428571429	0.288659793814	0.0412371134021	1429.0	1.01369394043	29.0	0.0	0.0
ScereA	TCA	S	A	0.0	0.656141000511	0.285714285714	0.0338983050847	0.898305084746	0.60824742268	0.0412371134021	1429.0	0.993232355785	28.0	0.0	0.0
ScereD	TCT	S	A	0.0	0.264300392043	0.4	0.111111111111	0.777777777778	0.275510204082	0.0510204081633	1429.0	1.08791208791	29.0	0.0	0.0
ScereD	TCA	S	A	0.0	0.264300392043	0.285714285714	0.0338983050847	0.898305084746	0.602040816327	0.0510204081633	1429.0	0.992577053413	28.0	0.0	0.0
ScereE	TCT	S	A	0.0	0.299053510319	0.4	0.107142857143	0.785714285714	0.282828282828	0.0505050505051	1429.0	1.08381799521	29.0	0.0	0.0
ScereE	TCA	S	A	0.0	0.299053510319	0.285714285714	0.0338983050847	0.898305084746	0.59595959596	0.0505050505051	1429.0	0.992577053413	28.0	0.0	0.0
DhansA	TCT	S	A	0.0	0.293597338787	0.1	0.0243902439024	0.926829268293	0.231638418079	0.0169491525424	2250.0	1.02978600347	29.0	0.0	0.0
DhansA	AGT	S	A	0.0	0.293597338787	0.181818181818	0.0327868852459	0.885245901639	0.344632768362	0.0169491525424	2250.0	0.973156764495	9.0	0.0	0.0
CsalmA	TCT	S	A	0.0	0.187654615338	0.444444444444	0.186046511628	0.674418604651	0.263803680982	0.122699386503	2153.0	1.27689140504	29.0	0.0	0.0
CsalmA	AGT	S	A	0.0	0.187654615338	0.454545454545	0.0886075949367	0.683544303797	0.484662576687	0.122699386503	2153.0	0.890873569634	9.0	0.0	0.0
CsalmA	TCC	S	A	0.0	0.187654615338	1.0	1.0	0.0	0.00613496932515	0.122699386503	2153.0	3.95774647887	31.0	0.0	0.136
CsalmA	TCA	S	A	0.0	0.187654615338	0.375	0.111111111111	0.75	0.220858895706	0.122699386503	2153.0	1.03968697596	28.0	0.0	0.0
LnothA	TCA	S	A	5.0	0.802556071344	0.285714285714	0.0327868852459	0.918032786885	0.616161616162	0.020202020202	1429.0	1.00749531543	28.0	0.0	0.051
BcustA	TCT	S	A	0.0	0.92721760327	0.333333333333	0.111111111111	0.814814814815	0.155172413793	0.0862068965517	2247.0	1.15137016094	29.0	0.0	0.0
BcustA	AGT	S	A	0.0	0.92721760327	0.181818181818	0.063829787234	0.68085106383	0.270114942529	0.0862068965517	2247.0	0.78134479272	9.0	0.0	0.0
BcustA	TCA	S	A	0.0	0.92721760327	0.333333333333	0.0927835051546	0.783505154639	0.557471264368	0.0862068965517	2247.0	1.13041065483	28.0	0.0	0.0
AgossA	TCT	S	A	0.0	0.216455290813	0.142857142857	0.030303030303	0.909090909091	0.314285714286	0.0666666666667	1427.0	1.1272467903	29.0	0.0	0.0
AgossA	TCA	S	A	0.0	0.216455290813	0.5	0.107142857143	0.767857142857	0.533333333333	0.0666666666667	1427.0	1.14062234314	28.0	0.0	0.0
MingeA	TCT	S	A	0.0	0.805398011974	0.444444444444	0.138888888889	0.722222222222	0.194594594595	0.113513513514	2249.0	1.04455128205	29.0	0.0	0.0
MingeA	AGT	S	A	0.0	0.805398011974	0.416666666667	0.0958904109589	0.767123287671	0.394594594595	0.113513513514	2249.0	1.04489980413	9.0	0.0	0.0
MingeA	TCA	S	A	0.0	0.805398011974	0.333333333333	0.123287671233	0.72602739726	0.394594594595	0.113513513514	2249.0	1.06812339332	28.0	0.0	0.0
ScastA	TCT	S	A	0.0	0.765756387133	0.6	0.130434782609	0.826086956522	0.225490196078	0.078431372549	1426.0	1.21598002497	29.0	0.0	0.0
ScastA	AGT	S	A	0.0	0.765756387133	0.166666666667	0.0588235294118	0.764705882353	0.166666666667	0.078431372549	1426.0	0.966024915062	9.0	0.0	0.0
ScastA	TCA	S	A	0.0	0.765756387133	0.571428571429	0.0666666666667	0.85	0.588235294118	0.078431372549	1426.0	1.11771247021	28.0	0.0	0.0
KmarxA	TCT	S	A	0.0	0.193548353685	1.0	0.166666666667	0.833333333333	0.181818181818	0.030303030303	434.0	1.45757575758	29.0	0.0	0.075