### Random Forest prediction
genome	codon	ori_aa	rea_aa	fitch	Fisher_pval	Gene_frac	N._rea	N._used	Cod._count	Sub._count	G._len	codon_lik	id	prediction	probability
SpombA	AAT	N	T	0.0	0.523255813953	0.333333333333	0.0344827586207	0.689655172414	0.878787878788	0.030303030303	1424.0	0.00659304433822	1.0	0.0	0.0
WmucoA	AAT	N	T	0.0	0.193596789921	0.3	0.0666666666667	0.8	0.705882352941	0.0470588235294	2246.0	0.160593792173	1.0	0.0	0.0
CgallA	AAT	N	T	0.0	0.778726708075	0.153846153846	0.0322580645161	0.790322580645	0.738095238095	0.0357142857143	2247.0	0.0412299091544	1.0	0.0	0.0
CgallA	AAC	N	T	0.0	0.778726708075	0.111111111111	0.0454545454545	0.818181818182	0.261904761905	0.0357142857143	2247.0	0.00494604316547	3.0	0.0	0.0
CsantA	AAT	N	T	0.0	0.307692307692	0.0833333333333	0.0181818181818	0.8	0.654761904762	0.0238095238095	2220.0	-0.0240127009327	1.0	0.0	0.0
CsantA	AAC	N	T	0.0	0.307692307692	0.111111111111	0.0344827586207	0.655172413793	0.345238095238	0.0238095238095	2220.0	-0.125626342162	3.0	0.0	0.0
CnorvA	AAT	N	T	0.0	0.609330143541	0.384615384615	0.0674157303371	0.76404494382	0.967391304348	0.0652173913043	2249.0	0.0999505195448	1.0	0.0	0.0
MstarA	AAT	N	T	0.0	0.507352941176	0.0833333333333	0.0126582278481	0.835443037975	0.975308641975	0.0123456790123	2249.0	0.00285248573757	1.0	0.0	0.0
LstarA	AAT	N	T	0.0	0.541223404255	0.25	0.0350877192982	0.771929824561	0.966101694915	0.0338983050847	1834.0	0.1166635705	1.0	0.0	0.0
CphanA	AAT	N	T	0.0	0.405979419672	0.230769230769	0.0625	0.765625	0.761904761905	0.047619047619	2247.0	0.0653761249788	1.0	0.0	0.0
CglabA	AAT	N	T	0.0	0.54	0.142857142857	0.0204081632653	0.918367346939	0.924528301887	0.0188679245283	1413.0	0.066265060241	1.0	0.0	0.0
ScryoA	AAT	N	T	0.0	0.666666666667	0.166666666667	0.0243902439024	0.658536585366	0.621212121212	0.0151515151515	1424.0	-0.0491457992043	1.0	0.0	0.0
CneerA	AAT	N	T	0.0	0.553333333333	0.0833333333333	0.0140845070423	0.929577464789	0.898734177215	0.0126582278481	2249.0	0.0275382054774	1.0	0.0	0.0
HuvarA	AAC	N	T	0.0	0.707317073171	0.166666666667	0.0285714285714	0.657142857143	0.546875	0.015625	1361.0	-0.244148067501	3.0	0.0	0.0
KlactA	AAT	N	T	0.0	0.56862745098	0.166666666667	0.0208333333333	0.895833333333	0.872727272727	0.0181818181818	1408.0	0.0525480864565	1.0	0.0	0.0
CmetaB	AAT	N	T	0.0	0.686666666667	0.1	0.0208333333333	0.958333333333	0.631578947368	0.0131578947368	2250.0	0.0799358680715	1.0	0.0	0.0
CmetaC	AAT	N	T	0.0	0.686666666667	0.1	0.0208333333333	0.958333333333	0.631578947368	0.0131578947368	2250.0	0.0799358680715	1.0	0.0	0.0
CmetaA	AAT	N	T	0.0	0.686666666667	0.1	0.0208333333333	0.958333333333	0.631578947368	0.0131578947368	2250.0	0.0799358680715	1.0	0.0	0.0
CmetaF	AAT	N	T	0.0	0.686666666667	0.1	0.0208333333333	0.958333333333	0.631578947368	0.0131578947368	2250.0	0.0799358680715	1.0	0.0	0.0
CmetaD	AAT	N	T	0.0	0.686666666667	0.1	0.0208333333333	0.958333333333	0.631578947368	0.0131578947368	2250.0	0.0799358680715	1.0	0.0	0.0
CmetaE	AAT	N	T	0.0	0.686666666667	0.1	0.0208333333333	0.958333333333	0.631578947368	0.0131578947368	2250.0	0.0799358680715	1.0	0.0	0.0
PpastA	AAC	N	T	0.0	0.0507246376812	0.166666666667	0.125	0.75	0.103896103896	0.012987012987	2248.0	0.265700483092	3.0	0.0	0.0
SjapoA	AAT	N	T	0.0	0.629730167734	0.285714285714	0.0571428571429	0.514285714286	0.958904109589	0.0547945205479	1423.0	-0.0900123304562	1.0	0.0	0.0
MmagnB	AAC	N	T	0.0	0.55	0.0833333333333	0.0135135135135	0.837837837838	0.913580246914	0.0123456790123	2249.0	0.0145602795574	3.0	0.0	0.0
MmagnA	AAC	N	T	0.0	0.542857142857	0.0833333333333	0.0135135135135	0.851351351351	0.913580246914	0.0123456790123	2249.0	0.0330952033824	3.0	0.0	0.0
CparaA	AAT	N	T	0.0	0.655172413793	0.111111111111	0.0243902439024	0.951219512195	0.694915254237	0.0169491525424	1816.0	0.0884257955505	1.0	0.0	0.0
CparaC	AAT	N	T	0.0	0.662162162162	0.1	0.0196078431373	0.960784313725	0.68	0.0133333333333	2250.0	0.0694474306601	1.0	0.0	0.0
CparaB	AAT	N	T	0.0	0.662162162162	0.1	0.0196078431373	0.960784313725	0.68	0.0133333333333	2250.0	0.0694474306601	1.0	0.0	0.0
CparaE	AAT	N	T	0.0	0.662162162162	0.1	0.0196078431373	0.960784313725	0.68	0.0133333333333	2250.0	0.0694474306601	1.0	0.0	0.0
CparaD	AAT	N	T	0.0	0.662162162162	0.1	0.0196078431373	0.960784313725	0.68	0.0133333333333	2250.0	0.0694474306601	1.0	0.0	0.0
CparaF	AAT	N	T	0.0	0.662162162162	0.1	0.0196078431373	0.960784313725	0.68	0.0133333333333	2250.0	0.0694474306601	1.0	0.0	0.0
MtetrA	AAC	N	T	0.0	0.148232073772	0.0833333333333	0.0123456790123	0.83950617284	1.0	0.0123456790123	2248.0	-0.011799018958	3.0	0.0	0.0
CsuavA	AAT	N	T	0.0	0.810120451072	0.2	0.0606060606061	0.772727272727	0.741573033708	0.0561797752809	2250.0	0.0894154271878	1.0	0.0	0.0
CsuavA	AAC	N	T	0.0	0.810120451072	0.111111111111	0.0434782608696	0.913043478261	0.258426966292	0.0561797752809	2250.0	0.0506932409012	3.0	0.0	0.0
PcanaA	AAT	N	T	0.0	0.625890043457	0.25	0.0481927710843	0.771084337349	0.943181818182	0.0454545454545	2250.0	0.0738962251567	1.0	0.0	0.0
YlipoB	AAT	N	T	0.0	0.784879948086	0.153846153846	0.0327868852459	0.819672131148	0.743902439024	0.0365853658537	2247.0	0.0211379249604	1.0	0.0	0.0
YlipoB	AAC	N	T	0.0	0.784879948086	0.125	0.047619047619	0.761904761905	0.256097560976	0.0365853658537	2247.0	0.142302088392	3.0	0.0	0.0
YlipoA	AAT	N	T	0.0	0.784879948086	0.153846153846	0.0327868852459	0.819672131148	0.743902439024	0.0365853658537	2247.0	0.0211379249604	1.0	0.0	0.0
YlipoA	AAC	N	T	0.0	0.784879948086	0.125	0.047619047619	0.761904761905	0.256097560976	0.0365853658537	2247.0	0.142302088392	3.0	0.0	0.0
CjadiA	AAT	N	T	0.0	0.429877823029	0.25	0.0714285714286	0.785714285714	0.795454545455	0.0568181818182	2250.0	0.129511338231	1.0	0.0	0.0
NdelpA	AAT	N	T	0.0	0.54	0.142857142857	0.0196078431373	0.882352941176	0.927272727273	0.0181818181818	1412.0	0.0357076088989	1.0	0.0	0.0
CalimA	AAT	N	T	0.0	0.0782608695652	0.0833333333333	0.0153846153846	0.8	0.77380952381	0.0357142857143	2247.0	-0.0864704915338	1.0	0.0	0.0
CalimA	AAC	N	T	0.0	0.0782608695652	0.111111111111	0.105263157895	0.789473684211	0.22619047619	0.0357142857143	2247.0	0.414477211796	3.0	0.0	0.0
BcaliA	AAT	N	T	0.0	0.647631346198	0.333333333333	0.0574712643678	0.758620689655	0.945652173913	0.054347826087	2250.0	0.0715461567684	1.0	0.0	0.0
SoctoA	AAT	N	T	0.0	0.585365853659	0.166666666667	0.0188679245283	0.622641509434	0.815384615385	0.0153846153846	1425.0	-0.143166636577	1.0	0.0	0.0
CvartA	AAT	N	T	0.0	0.402141994193	0.272727272727	0.0666666666667	0.76	0.842696629213	0.0561797752809	2250.0	0.0784343358017	1.0	0.0	0.0
CdefoA	AAT	N	T	0.0	0.788192068009	0.230769230769	0.0483870967742	0.758064516129	0.720930232558	0.046511627907	2247.0	0.0583479789104	1.0	0.0	0.0
CdefoA	AAC	N	T	0.0	0.788192068009	0.111111111111	0.0416666666667	0.833333333333	0.279069767442	0.046511627907	2247.0	-0.00246103363413	3.0	0.0	0.0
CorthB	AAT	N	T	0.0	0.655405405405	0.1	0.0192307692308	0.961538461538	0.693333333333	0.0133333333333	2250.0	0.0711728785007	1.0	0.0	0.0
CorthC	AAT	N	T	0.0	0.662162162162	0.1	0.0196078431373	0.960784313725	0.68	0.0133333333333	2250.0	0.0727507533362	1.0	0.0	0.0
CorthA	AAT	N	T	0.0	0.655405405405	0.1	0.0192307692308	0.961538461538	0.693333333333	0.0133333333333	2250.0	0.0711728785007	1.0	0.0	0.0
ClusiA	AAT	N	T	0.0	0.577464788732	0.0909090909091	0.0161290322581	0.951612903226	0.826666666667	0.0133333333333	2250.0	0.101504409476	1.0	0.0	0.0
DhansA	AAT	N	T	0.0	0.638888888889	0.0909090909091	0.0185185185185	0.944444444444	0.72	0.0133333333333	2250.0	0.0940221694378	1.0	0.0	0.0
CsalmA	AAT	N	T	0.0	0.59806844698	0.2	0.04	0.68	0.949367088608	0.0379746835443	2153.0	0.0153365521159	1.0	0.0	0.0
BcustA	AAT	N	T	0.0	0.546875	0.0909090909091	0.0147058823529	0.838235294118	0.918918918919	0.0135135135135	2247.0	-0.0157894736842	1.0	0.0	0.0
CtheaA	AAT	N	T	0.0	0.66	0.1	0.0192307692308	0.961538461538	0.684210526316	0.0131578947368	2250.0	0.0564755838641	1.0	0.0	0.0
MingeA	AAT	N	T	0.0	0.568410462777	0.166666666667	0.025	0.8	0.941176470588	0.0235294117647	2249.0	-0.00404476203317	1.0	0.0	0.0
ScastA	AAT	N	T	0.0	0.558823529412	0.142857142857	0.02	0.88	0.892857142857	0.0178571428571	1426.0	0.0668571428571	1.0	0.0	0.0