### Random Forest prediction
genome	codon	ori_aa	rea_aa	fitch	Fisher_pval	Gene_frac	N._rea	N._used	Cod._count	Sub._count	G._len	codon_lik	id	prediction	probability
LmeyeA	GCA	A	L	0.0	0.208333269626	0.166666666667	0.027027027027	0.810810810811	0.37	0.01	1429.0	-1.14238070806	44.0	0.0	0.0
SpombA	GCA	A	L	0.0	0.295959543532	0.166666666667	0.0454545454545	0.454545454545	0.222222222222	0.020202020202	1424.0	-1.13353500432	44.0	0.0	0.0
SpombA	GCT	A	L	0.0	0.295959543532	0.166666666667	0.0147058823529	0.588235294118	0.686868686869	0.020202020202	1424.0	-1.25831923294	45.0	0.0	0.0
CgallA	GCA	A	L	0.0	0.800269472821	0.0769230769231	0.0172413793103	0.655172413793	0.367088607595	0.0126582278481	2247.0	-1.11435973353	44.0	0.0	0.0
CgallA	GCT	A	L	0.0	0.800269472821	0.0909090909091	0.0116279069767	0.651162790698	0.544303797468	0.0126582278481	2247.0	-1.01995170924	45.0	0.0	0.0
CgigaA	GCC	A	L	0.0	0.363186796493	0.181818181818	0.0555555555556	0.861111111111	0.292682926829	0.0162601626016	2002.0	-0.784593837535	47.0	0.0	0.0
CsantA	GCA	A	L	0.0	0.868907517765	0.111111111111	0.027027027027	0.675675675676	0.318965517241	0.0172413793103	2220.0	-1.07016060862	44.0	0.0	0.0
CsantA	GCT	A	L	0.0	0.868907517765	0.1	0.0192307692308	0.673076923077	0.448275862069	0.0172413793103	2220.0	-1.31573562513	45.0	0.0	0.0
CsubhA	GCA	A	L	0.0	0.106290808931	0.222222222222	0.0689655172414	0.862068965517	0.208633093525	0.0143884892086	2244.0	-0.811698113208	44.0	0.0	0.0
CsubhB	GCA	A	L	0.0	0.106290808931	0.222222222222	0.0689655172414	0.862068965517	0.208633093525	0.0143884892086	2244.0	-0.811698113208	44.0	0.0	0.0
OanguA	GCA	A	L	0.0	0.784006878926	0.111111111111	0.0204081632653	0.836734693878	0.355072463768	0.0144927536232	2248.0	-0.939099175301	44.0	0.0	0.0
OanguA	GCT	A	L	0.0	0.784006878926	0.0833333333333	0.0121951219512	0.853658536585	0.594202898551	0.0144927536232	2248.0	-1.11050228311	45.0	0.0	0.0
KtherA	GCA	A	L	0.0	0.111813084016	0.333333333333	0.0512820512821	0.717948717949	0.386138613861	0.019801980198	1429.0	-1.12093818715	44.0	0.0	0.0
MstarA	GCA	A	L	0.0	0.180412371134	0.125	0.0243902439024	0.829268292683	0.328	0.008	2249.0	-1.01916422678	44.0	0.0	0.0
CbohiA	GCT	A	L	0.0	0.453938756824	0.230769230769	0.037037037037	0.861111111111	0.739726027397	0.027397260274	2250.0	-0.990061238831	45.0	0.0	0.0
LstarA	GCA	A	L	0.0	0.280487750143	0.142857142857	0.027027027027	0.675675675676	0.313559322034	0.00847457627119	1834.0	-1.07318467696	44.0	0.0	0.0
MfariA	GCA	A	L	0.0	0.264462738584	0.111111111111	0.0196078431373	0.960784313725	0.40157480315	0.00787401574803	2248.0	-1.01745021556	44.0	0.0	0.0
CcastA	GCA	A	L	0.0	0.780885705236	0.142857142857	0.0285714285714	0.771428571429	0.364583333333	0.0208333333333	1428.0	-1.1706122449	44.0	0.0	0.0
CcastA	GCT	A	L	0.0	0.780885705236	0.166666666667	0.0175438596491	0.80701754386	0.59375	0.0208333333333	1428.0	-1.11007025761	45.0	0.0	0.0
LanspB	GCA	A	L	0.0	0.24404755945	0.2	0.0277777777778	0.777777777778	0.36	0.01	1429.0	-1.12777777778	44.0	0.0	0.0
CphanA	GCT	A	L	0.0	0.772585591266	0.166666666667	0.0185185185185	0.657407407407	0.666666666667	0.0123456790123	2247.0	-1.06404236187	45.0	0.0	0.0
LanspA	GCA	A	L	0.0	0.280044511041	0.4	0.0571428571429	0.771428571429	0.353535353535	0.030303030303	1429.0	-0.952355170547	44.0	0.0	0.0
LanspA	GCT	A	L	0.0	0.280044511041	0.166666666667	0.0172413793103	0.879310344828	0.585858585859	0.030303030303	1429.0	-1.16136999835	45.0	0.0	0.0
ScryoA	GCA	A	L	0.0	0.305555488423	0.166666666667	0.03125	0.625	0.333333333333	0.0104166666667	1424.0	-0.833884049264	44.0	0.0	0.0
KlactA	GCA	A	L	0.0	0.239999930949	0.142857142857	0.0294117647059	0.852941176471	0.369565217391	0.0108695652174	1408.0	-0.947617720814	44.0	0.0	0.0
PpastA	GCA	A	L	0.0	0.353089188362	0.2	0.025641025641	0.820512820513	0.586466165414	0.015037593985	2248.0	-1.02613240418	44.0	0.0	0.0
SjapoA	GCA	A	L	0.0	0.272959139049	0.333333333333	0.0833333333333	0.583333333333	0.153846153846	0.025641025641	1423.0	-1.5	44.0	0.0	0.0
SjapoA	GCT	A	L	0.0	0.272959139049	0.166666666667	0.016393442623	0.606557377049	0.782051282051	0.025641025641	1423.0	-1.2851272325	45.0	0.0	0.0
CalbiE	GCA	A	L	0.0	0.307142820151	0.2	0.0666666666667	0.933333333333	0.202702702703	0.0135135135135	1183.0	-0.95289624443	44.0	0.0	0.0
CalbiD	GCA	A	L	0.0	0.297520624064	0.1	0.0384615384615	0.961538461538	0.206349206349	0.00793650793651	2058.0	-0.979157982493	44.0	0.0	0.0
CalbiC	GCA	A	L	0.0	0.307692265199	0.0909090909091	0.030303030303	0.939393939394	0.242647058824	0.00735294117647	2250.0	-1.00879765396	44.0	0.0	0.0
CalbiB	GCA	A	L	0.0	0.307692265199	0.0909090909091	0.030303030303	0.939393939394	0.242647058824	0.00735294117647	2250.0	-1.00879765396	44.0	0.0	0.0
CalbiA	GCA	A	L	0.0	0.301652854042	0.1	0.037037037037	0.962962962963	0.214285714286	0.00793650793651	2058.0	-0.990684487647	44.0	0.0	0.0
MmagnB	GCA	A	L	0.0	0.542362375805	0.222222222222	0.0377358490566	0.660377358491	0.404580152672	0.0152671755725	2249.0	-0.912485414236	44.0	0.0	0.0
MmagnA	GCA	A	L	0.0	0.4243454746	0.222222222222	0.0392156862745	0.647058823529	0.389312977099	0.0152671755725	2249.0	-0.88358390898	44.0	0.0	0.0
CcoryA	GCT	A	L	0.0	0.776902810114	0.153846153846	0.0210526315789	0.873684210526	0.659722222222	0.0138888888889	2250.0	-1.03277931671	45.0	0.0	0.0
MtetrA	GCC	A	L	0.0	0.554916669558	0.3	0.0666666666667	0.716666666667	0.44776119403	0.0298507462687	2248.0	-0.836960531169	47.0	0.0	0.0
MtetrA	GCG	A	L	0.0	0.554916669558	0.1	0.037037037037	0.777777777778	0.201492537313	0.0298507462687	2248.0	-1.06649616368	46.0	0.0	0.0
PkluyA	GCA	A	L	0.0	0.464285658324	0.111111111111	0.0263157894737	0.763157894737	0.59375	0.015625	2247.0	-1.10732585514	44.0	0.0	0.0
YlipoB	GCT	A	L	0.0	0.403772869667	0.166666666667	0.0204081632653	0.642857142857	0.6125	0.0125	2247.0	-1.0161078238	45.0	0.0	0.0
YlipoA	GCT	A	L	0.0	0.403772869667	0.166666666667	0.0204081632653	0.642857142857	0.6125	0.0125	2247.0	-1.0161078238	45.0	0.0	0.0
LelonA	GCT	A	L	0.0	0.657692189509	0.0769230769231	0.010752688172	0.94623655914	0.673913043478	0.00724637681159	2249.0	-1.03926453144	45.0	0.0	0.0
CalimA	GCA	A	L	0.0	0.401340091986	0.111111111111	0.0238095238095	0.642857142857	0.260869565217	0.0124223602484	2247.0	-1.20723847298	44.0	0.0	0.0
CalimA	GCT	A	L	0.0	0.401340091986	0.0833333333333	0.00917431192661	0.633027522936	0.67701863354	0.0124223602484	2247.0	-1.1133659902	45.0	0.0	0.0
CchauA	GCA	A	L	0.0	0.235999965475	0.1	0.037037037037	0.888888888889	0.188811188811	0.00699300699301	2250.0	-0.985942991019	44.0	0.0	0.0
SoctoA	GCC	A	L	0.0	0.0462962803123	0.5	0.166666666667	0.666666666667	0.0612244897959	0.0102040816327	1425.0	-0.100308641975	47.0	0.0	0.0
CbuenA	GCT	A	L	0.0	0.616935351616	0.0769230769231	0.00961538461538	0.903846153846	0.753623188406	0.00724637681159	2248.0	-1.12838269763	45.0	0.0	0.0
CdefoA	GCA	A	L	0.0	0.797125657342	0.0769230769231	0.016393442623	0.622950819672	0.38125	0.0125	2247.0	-1.10620567376	44.0	0.0	0.0
CdefoA	GCT	A	L	0.0	0.797125657342	0.0909090909091	0.0113636363636	0.659090909091	0.55	0.0125	2247.0	-1.04533694715	45.0	0.0	0.0
LdasiA	GCT	A	L	0.0	0.703703601406	0.166666666667	0.0175438596491	0.824561403509	0.581632653061	0.0102040816327	1429.0	-0.979612299465	45.0	0.0	0.0
LkluyF	GCA	A	L	0.0	0.740963765988	0.2	0.0196078431373	0.823529411765	0.50495049505	0.00990099009901	1429.0	-1.08038223721	44.0	0.0	0.0
LkluyE	GCA	A	L	0.0	0.734939667523	0.2	0.0196078431373	0.843137254902	0.50495049505	0.00990099009901	1429.0	-1.04846556886	44.0	0.0	0.0
LkluyD	GCA	A	L	0.0	0.737804787525	0.2	0.02	0.84	0.505050505051	0.010101010101	1429.0	-1.05020041993	44.0	0.0	0.0
LkluyC	GCA	A	L	0.0	0.740963765988	0.2	0.0196078431373	0.823529411765	0.50495049505	0.00990099009901	1429.0	-1.08038223721	44.0	0.0	0.0
LkluyA	GCA	A	L	0.0	0.740963765988	0.2	0.0196078431373	0.823529411765	0.50495049505	0.00990099009901	1429.0	-1.08038223721	44.0	0.0	0.0
CdublA	GCT	A	L	0.0	0.65573758606	0.0833333333333	0.0113636363636	0.943181818182	0.692913385827	0.00787401574803	2058.0	-1.08959537572	45.0	0.0	0.0
CsalmA	GCA	A	L	0.0	0.380105463922	0.125	0.04	0.72	0.208333333333	0.025	2153.0	-1.25052988554	44.0	0.0	0.0
CsalmA	GCT	A	L	0.0	0.380105463922	0.181818181818	0.0232558139535	0.732558139535	0.716666666667	0.025	2153.0	-1.00780070458	45.0	0.0	0.0
LnothA	GCT	A	L	0.0	0.692770978265	0.166666666667	0.0161290322581	0.806451612903	0.613861386139	0.00990099009901	1429.0	-1.03795912095	45.0	0.0	0.0
BcustA	GCA	A	L	0.0	0.260416594739	0.1	0.0196078431373	0.764705882353	0.418032786885	0.00819672131148	2247.0	-1.24243680066	44.0	0.0	0.0
MingeA	GCA	A	L	0.0	0.373869065549	0.111111111111	0.027027027027	0.783783783784	0.286821705426	0.015503875969	2249.0	-1.17387592487	44.0	0.0	0.0
MingeA	GCT	A	L	0.0	0.373869065549	0.0833333333333	0.0113636363636	0.715909090909	0.682170542636	0.015503875969	2249.0	-1.05120927937	45.0	0.0	0.0