### Random Forest prediction
genome	codon	ori_aa	rea_aa	fitch	Fisher_pval	Gene_frac	N._rea	N._used	Cod._count	Sub._count	G._len	codon_lik	id	prediction	probability
candub	GCA	A	S	0.0	0.0535775097989	0.25	0.0506329113924	0.835443037975	0.275261324042	0.0383275261324	6160.0	0.94070695553	44.0	0.0	0.0
candub	GCC	A	S	0.0	0.0535775097989	0.153846153846	0.0327868852459	0.819672131148	0.212543554007	0.0383275261324	6160.0	0.959138187221	47.0	0.0	0.0
candub	GCT	A	S	0.0	0.0535775097989	0.1875	0.021897810219	0.919708029197	0.477351916376	0.0383275261324	6160.0	0.995403808273	45.0	0.0	0.0
candub	GCG	A	S	0.0	0.0535775097989	0.285714285714	0.2	0.7	0.0348432055749	0.0383275261324	6160.0	1.25909090909	46.0	0.0	0.001
zygro	GCA	A	S	0.0	0.850314016152	0.235294117647	0.0406504065041	0.756097560976	0.389240506329	0.0474683544304	6158.0	0.75	44.0	0.0	0.0
zygro	GCC	A	S	0.0	0.850314016152	0.142857142857	0.044776119403	0.850746268657	0.212025316456	0.0474683544304	6158.0	0.969044414536	47.0	0.0	0.0
zygro	GCT	A	S	0.0	0.850314016152	0.352941176471	0.0550458715596	0.761467889908	0.344936708861	0.0474683544304	6158.0	0.821917808219	45.0	0.0	0.0
zygro	GCG	A	S	0.0	0.850314016152	0.125	0.0588235294118	0.705882352941	0.0537974683544	0.0474683544304	6158.0	1.07180851064	46.0	0.0	0.0
ogapa	GCA	A	S	0.0	0.489946875561	0.266666666667	0.0588235294118	0.676470588235	0.213836477987	0.0660377358491	6151.0	0.75	44.0	0.0	0.0
ogapa	GCC	A	S	0.0	0.489946875561	0.3125	0.0747663551402	0.785046728972	0.336477987421	0.0660377358491	6151.0	1.04808097849	47.0	0.0	0.0
ogapa	GCT	A	S	0.0	0.489946875561	0.266666666667	0.0879120879121	0.791208791209	0.286163522013	0.0660377358491	6151.0	0.947709163347	45.0	0.0	0.0
ogapa	GCG	A	S	0.0	0.489946875561	0.0714285714286	0.0192307692308	0.807692307692	0.163522012579	0.0660377358491	6151.0	0.802938634399	46.0	0.0	0.0
canta	GCA	A	S	0.0	0.263364962886	0.3125	0.0806451612903	0.774193548387	0.206666666667	0.08	6108.0	1.0847826087	44.0	0.0	0.0
canta	GCC	A	S	0.0	0.263364962886	0.4375	0.0980392156863	0.754901960784	0.34	0.08	6108.0	1.04499338333	47.0	0.0	0.0
canta	GCT	A	S	0.0	0.263364962886	0.285714285714	0.0471698113208	0.849056603774	0.353333333333	0.08	6108.0	0.959557258408	45.0	0.0	0.0
canta	GCG	A	S	0.0	0.263364962886	0.333333333333	0.133333333333	0.733333333333	0.1	0.08	6108.0	1.22121212121	46.0	0.0	0.0
cybja	GCA	A	S	0.0	0.561971259671	0.307692307692	0.0777777777778	0.733333333333	0.289389067524	0.0900321543408	5899.0	0.891348088531	44.0	0.0	0.0
cybja	GCC	A	S	0.0	0.561971259671	0.266666666667	0.0704225352113	0.774647887324	0.228295819936	0.0900321543408	5899.0	0.957755359395	47.0	0.0	0.0
cybja	GCT	A	S	0.0	0.561971259671	0.428571428571	0.0967741935484	0.741935483871	0.398713826367	0.0900321543408	5899.0	0.959183673469	45.0	0.0	0.0
cybja	GCG	A	S	0.0	0.561971259671	0.333333333333	0.153846153846	0.653846153846	0.0836012861736	0.0900321543408	5899.0	1.04459691252	46.0	0.0	0.0
meygui	GCA	A	S	0.0	0.567391142511	0.25	0.106666666667	0.666666666667	0.250836120401	0.0735785953177	5676.0	0.901315789474	44.0	0.0	0.0
meygui	GCC	A	S	0.0	0.567391142511	0.333333333333	0.0574712643678	0.770114942529	0.290969899666	0.0735785953177	5676.0	0.845835488877	47.0	0.0	0.0
meygui	GCT	A	S	0.0	0.567391142511	0.375	0.0744680851064	0.712765957447	0.314381270903	0.0735785953177	5676.0	0.797426120114	45.0	0.0	0.0
meygui	GCG	A	S	0.0	0.567391142511	0.153846153846	0.046511627907	0.720930232558	0.14381270903	0.0735785953177	5676.0	0.909947643979	46.0	0.0	0.0
clalu	GCA	A	S	0.0	0.678761276803	0.266666666667	0.0588235294118	0.764705882353	0.246376811594	0.0615942028986	5703.0	0.922511690047	44.0	0.0	0.0
clalu	GCC	A	S	0.0	0.678761276803	0.538461538462	0.0933333333333	0.8	0.271739130435	0.0615942028986	5703.0	1.04682868998	47.0	0.0	0.0
clalu	GCT	A	S	0.0	0.678761276803	0.285714285714	0.043956043956	0.813186813187	0.329710144928	0.0615942028986	5703.0	0.982274741507	45.0	0.0	0.0
clalu	GCG	A	S	0.0	0.678761276803	0.181818181818	0.047619047619	0.761904761905	0.152173913043	0.0615942028986	5703.0	0.65848452508	46.0	0.0	0.0
pacta	GCA	A	S	0.0	0.346144898212	0.5	0.0879120879121	0.791208791209	0.335793357934	0.0627306273063	5806.0	1.01984126984	44.0	0.0	0.0
pacta	GCC	A	S	0.0	0.346144898212	0.0909090909091	0.037037037037	0.888888888889	0.09963099631	0.0627306273063	5806.0	1.07679465776	47.0	0.0	0.0
pacta	GCT	A	S	0.0	0.346144898212	0.235294117647	0.0451127819549	0.834586466165	0.490774907749	0.0627306273063	5806.0	0.964382632293	45.0	0.0	0.0
pacta	GCG	A	S	0.0	0.346144898212	0.285714285714	0.1	0.65	0.0738007380074	0.0627306273063	5806.0	0.840546697039	46.0	0.0	0.0
klula	GCA	A	S	0.0	0.314108910227	0.1875	0.0357142857143	0.833333333333	0.260061919505	0.046439628483	6161.0	0.811523963382	44.0	0.0	0.0
klula	GCC	A	S	0.0	0.314108910227	0.333333333333	0.0877192982456	0.719298245614	0.176470588235	0.046439628483	6161.0	0.862948207171	47.0	0.0	0.0
klula	GCT	A	S	0.0	0.314108910227	0.1875	0.0337837837838	0.790540540541	0.458204334365	0.046439628483	6161.0	0.795980511571	45.0	0.0	0.0
klula	GCG	A	S	0.0	0.314108910227	0.166666666667	0.0588235294118	0.735294117647	0.105263157895	0.046439628483	6161.0	0.769959404601	46.0	0.0	0.0
canalb	GCA	A	S	0.0	0.259221517098	0.3125	0.0549450549451	0.813186813187	0.312714776632	0.0378006872852	6161.0	0.960119641077	44.0	0.0	0.0
canalb	GCC	A	S	0.0	0.259221517098	0.0769230769231	0.0151515151515	0.924242424242	0.226804123711	0.0378006872852	6161.0	1.02857142857	47.0	0.0	0.0
canalb	GCT	A	S	0.0	0.259221517098	0.1875	0.0322580645161	0.862903225806	0.426116838488	0.0378006872852	6161.0	0.950036205648	45.0	0.0	0.0
canalb	GCG	A	S	0.0	0.259221517098	0.166666666667	0.1	0.8	0.0343642611684	0.0378006872852	6161.0	0.967889908257	46.0	0.0	0.0
cangla	GCA	A	S	0.0	0.775826410579	0.411764705882	0.103448275862	0.689655172414	0.355828220859	0.0828220858896	6142.0	0.97668997669	44.0	0.0	0.0
cangla	GCC	A	S	0.0	0.775826410579	0.357142857143	0.0714285714286	0.785714285714	0.21472392638	0.0828220858896	6142.0	0.922128487995	47.0	0.0	0.0
cangla	GCT	A	S	0.0	0.775826410579	0.294117647059	0.0747663551402	0.766355140187	0.328220858896	0.0828220858896	6142.0	0.948384389425	45.0	0.0	0.0
cangla	GCG	A	S	0.0	0.775826410579	0.153846153846	0.0606060606061	0.727272727273	0.101226993865	0.0828220858896	6142.0	0.791147994467	46.0	0.0	0.0
torde	GCA	A	S	0.0	0.87094963052	0.384615384615	0.06	0.75	0.310559006211	0.0496894409938	6162.0	0.858451672011	44.0	0.0	0.0
torde	GCC	A	S	0.0	0.87094963052	0.25	0.0493827160494	0.802469135802	0.251552795031	0.0496894409938	6162.0	0.907273736813	47.0	0.0	0.0
torde	GCT	A	S	0.0	0.87094963052	0.2	0.039603960396	0.792079207921	0.313664596273	0.0496894409938	6162.0	0.811885612154	45.0	0.0	0.0
torde	GCG	A	S	0.0	0.87094963052	0.153846153846	0.05	0.75	0.124223602484	0.0496894409938	6162.0	0.738687782805	46.0	0.0	0.0
erecy	GCA	A	S	0.0	0.539637655831	0.125	0.0240963855422	0.831325301205	0.314393939394	0.030303030303	4887.0	0.845024469821	44.0	0.0	0.0
erecy	GCC	A	S	0.0	0.539637655831	0.166666666667	0.047619047619	0.761904761905	0.159090909091	0.030303030303	4887.0	0.828541001065	47.0	0.0	0.0
erecy	GCT	A	S	0.0	0.539637655831	0.133333333333	0.020202020202	0.858585858586	0.375	0.030303030303	4887.0	0.879318079856	45.0	0.0	0.0
erecy	GCG	A	S	0.0	0.539637655831	0.166666666667	0.05	0.85	0.151515151515	0.030303030303	4887.0	1.05353075171	46.0	0.0	0.0
yarli	GCA	A	S	0.0	0.79266185906	0.454545454545	0.113636363636	0.5	0.118279569892	0.104838709677	6117.0	0.624744376278	44.0	0.0	0.0
yarli	GCC	A	S	0.0	0.79266185906	0.588235294118	0.0986842105263	0.664473684211	0.408602150538	0.104838709677	6117.0	0.856298048492	47.0	0.0	0.0
yarli	GCT	A	S	0.0	0.79266185906	0.625	0.112781954887	0.571428571429	0.35752688172	0.104838709677	6117.0	0.80465275402	45.0	0.0	0.0
yarli	GCG	A	S	0.0	0.79266185906	0.285714285714	0.093023255814	0.674418604651	0.115591397849	0.104838709677	6117.0	0.766423357664	46.0	0.0	0.0
picpa	GCA	A	S	0.0	0.688749736495	0.230769230769	0.0574712643678	0.724137931034	0.288079470199	0.0860927152318	5902.0	0.83611691023	44.0	0.0	0.0
picpa	GCC	A	S	0.0	0.688749736495	0.538461538462	0.0987654320988	0.753086419753	0.26821192053	0.0860927152318	5902.0	0.996648044693	47.0	0.0	0.0
picpa	GCT	A	S	0.0	0.688749736495	0.428571428571	0.0932203389831	0.762711864407	0.390728476821	0.0860927152318	5902.0	0.998101746393	45.0	0.0	0.0
picpa	GCG	A	S	0.0	0.688749736495	0.25	0.125	0.6875	0.0529801324503	0.0860927152318	5902.0	1.05617977528	46.0	0.0	0.0
sacce	GCA	A	S	0.0	0.827354455875	0.333333333333	0.047619047619	0.819047619048	0.328125	0.053125	6163.0	0.877648076092	44.0	0.0	0.0
sacce	GCC	A	S	0.0	0.827354455875	0.25	0.0724637681159	0.797101449275	0.215625	0.053125	6163.0	0.994784876141	47.0	0.0	0.0
sacce	GCT	A	S	0.0	0.827354455875	0.266666666667	0.0535714285714	0.75	0.35	0.053125	6163.0	0.927847588164	45.0	0.0	0.0
sacce	GCG	A	S	0.0	0.827354455875	0.0714285714286	0.0294117647059	0.882352941176	0.10625	0.053125	6163.0	0.988	46.0	0.0	0.0
ashgo	GCA	A	S	0.0	0.480457544093	0.0666666666667	0.0285714285714	0.742857142857	0.212121212121	0.0454545454545	6151.0	0.711984536082	44.0	0.0	0.0
ashgo	GCC	A	S	0.0	0.480457544093	0.357142857143	0.0674157303371	0.808988764045	0.269696969697	0.0454545454545	6151.0	0.992943548387	47.0	0.0	0.0
ashgo	GCT	A	S	0.0	0.480457544093	0.0909090909091	0.016393442623	0.852459016393	0.184848484848	0.0454545454545	6151.0	0.87969924812	45.0	0.0	0.0
ashgo	GCG	A	S	0.0	0.480457544093	0.3125	0.0545454545455	0.763636363636	0.333333333333	0.0454545454545	6151.0	0.899018806214	46.0	0.0	0.0
debha	GCA	A	S	0.0	0.73371246767	0.333333333333	0.0602409638554	0.843373493976	0.294326241135	0.0390070921986	6165.0	1.01974766868	44.0	0.0	0.0
debha	GCC	A	S	0.0	0.73371246767	0.133333333333	0.0322580645161	0.870967741935	0.219858156028	0.0390070921986	6165.0	0.965467625899	47.0	0.0	0.0
debha	GCT	A	S	0.0	0.73371246767	0.2	0.0333333333333	0.844444444444	0.31914893617	0.0390070921986	6165.0	0.905594405594	45.0	0.0	0.0
debha	GCG	A	S	0.0	0.73371246767	0.0714285714286	0.0212765957447	0.957446808511	0.166666666667	0.0390070921986	6165.0	0.988461538462	46.0	0.0	0.0
kazaf	GCA	A	S	0.0	0.780377918387	0.25	0.070796460177	0.778761061947	0.370491803279	0.0622950819672	6137.0	0.928771508603	44.0	0.0	0.0
kazaf	GCC	A	S	0.0	0.780377918387	0.0833333333333	0.0227272727273	0.795454545455	0.144262295082	0.0622950819672	6137.0	0.882892057026	47.0	0.0	0.0
kazaf	GCT	A	S	0.0	0.780377918387	0.294117647059	0.0708661417323	0.795275590551	0.416393442623	0.0622950819672	6137.0	0.962843872812	45.0	0.0	0.0
kazaf	GCG	A	S	0.0	0.780377918387	0.1	0.047619047619	0.809523809524	0.0688524590164	0.0622950819672	6137.0	0.85775862069	46.0	0.0	0.0
wican	GCA	A	S	1.0	0.597942817928	0.3	0.102040816327	0.795918367347	0.207627118644	0.0677966101695	5128.0	1.03548680619	44.0	0.0	0.0
wican	GCC	A	S	1.0	0.597942817928	0.181818181818	0.08	0.84	0.10593220339	0.0677966101695	5128.0	1.06810035842	47.0	0.0	0.0
wican	GCT	A	S	1.0	0.597942817928	0.4	0.0588235294118	0.83660130719	0.648305084746	0.0677966101695	5128.0	0.904274004684	45.0	0.0	0.0
cantro	GCA	A	S	0.0	0.201164812509	0.25	0.039603960396	0.772277227723	0.371323529412	0.0514705882353	5377.0	0.888691796009	44.0	0.0	0.0
cantro	GCC	A	S	0.0	0.201164812509	0.166666666667	0.0408163265306	0.857142857143	0.180147058824	0.0514705882353	5377.0	0.990842490842	47.0	0.0	0.0
cantro	GCT	A	S	0.0	0.201164812509	0.235294117647	0.0526315789474	0.815789473684	0.419117647059	0.0514705882353	5377.0	0.928293063133	45.0	0.0	0.0
cantro	GCG	A	S	0.0	0.201164812509	0.4	0.25	0.75	0.0294117647059	0.0514705882353	5377.0	1.36723163842	46.0	0.0	0.001
picme	GCA	A	S	0.0	0.357760706578	0.357142857143	0.0618556701031	0.659793814433	0.313915857605	0.0744336569579	6082.0	0.85258780037	44.0	0.0	0.0
picme	GCC	A	S	0.0	0.357760706578	0.357142857143	0.0823529411765	0.705882352941	0.275080906149	0.0744336569579	6082.0	0.874070138151	47.0	0.0	0.0
picme	GCT	A	S	0.0	0.357760706578	0.266666666667	0.05	0.725	0.258899676375	0.0744336569579	6082.0	0.764874141876	45.0	0.0	0.0
picme	GCG	A	S	0.0	0.357760706578	0.333333333333	0.127659574468	0.595744680851	0.152103559871	0.0744336569579	6082.0	0.87488061127	46.0	0.0	0.0
lodelo	GCA	A	S	0.0	0.488814457598	0.3125	0.0762711864407	0.762711864407	0.384364820847	0.0651465798046	5494.0	1.05295238095	44.0	0.0	0.0
lodelo	GCC	A	S	0.0	0.488814457598	0.230769230769	0.0545454545455	0.672727272727	0.179153094463	0.0651465798046	5494.0	0.775181305399	47.0	0.0	0.0
lodelo	GCT	A	S	0.0	0.488814457598	0.375	0.078431372549	0.774509803922	0.332247557003	0.0651465798046	5494.0	0.952925648922	45.0	0.0	0.0