### Random Forest prediction
genome	codon	ori_aa	rea_aa	fitch	Fisher pval	Gene frac	N. rea	N. used	Cod. count	Sub. count	G. len	codon_lik	id	prediction
Paracentrotus	ATT	I	L	0.0	0.546674828335	0.636363636364	0.230769230769	0.653846153846	0.426229508197	0.270491803279	1784.0	2.02587923026	5.0	0.0
Paracentrotus	ATC	I	L	0.0	0.546674828335	0.428571428571	0.214285714286	0.714285714286	0.114754098361	0.270491803279	1784.0	1.91625615764	7.0	0.0
Paracentrotus	ATA	I	L	0.0	0.546674828335	0.636363636364	0.321428571429	0.571428571429	0.459016393443	0.270491803279	1784.0	2.11865443425	4.0	0.0
Andalucia	ATT	I	L	0.0	0.719997759566	0.818181818182	0.240506329114	0.582278481013	0.663865546218	0.226890756303	1783.0	1.87647315583	5.0	0.0
Andalucia	ATC	I	L	0.0	0.719997759566	0.6	0.2	0.575	0.336134453782	0.226890756303	1783.0	1.78547008547	7.0	0.0
Seculomonas	ATT	I	L	0.0	0.710780738661	0.909090909091	0.320987654321	0.530864197531	0.60447761194	0.291044776119	1784.0	2.04427415922	5.0	0.0
Seculomonas	ATC	I	L	0.0	0.710780738661	0.555555555556	0.259259259259	0.592592592593	0.201492537313	0.291044776119	1784.0	2.08066581306	7.0	0.0
Seculomonas	ATA	I	L	0.0	0.710780738661	0.5	0.230769230769	0.576923076923	0.194029850746	0.291044776119	1784.0	1.87046632124	4.0	0.0
Schistosoma	ATT	I	L	0.0	0.388594468673	1.0	0.306451612903	0.225806451613	0.427586206897	0.28275862069	1688.0	1.13388429752	5.0	0.0
Schistosoma	ATC	I	L	0.0	0.388594468673	0.333333333333	0.25	0.5	0.0551724137931	0.28275862069	1688.0	1.69915254237	7.0	0.0
Schistosoma	ATA	I	L	0.0	0.388594468673	1.0	0.266666666667	0.32	0.51724137931	0.28275862069	1688.0	1.23459607485	4.0	0.0
Fasciola	ATT	I	L	0.0	0.174281444816	0.636363636364	0.153846153846	0.323076923077	0.70652173913	0.20652173913	1701.0	1.11287758347	5.0	0.0
Fasciola	ATC	I	L	0.0	0.174281444816	0.6	0.6	0.2	0.054347826087	0.20652173913	1701.0	1.7397260274	7.0	0.0
Fasciola	ATA	I	L	0.0	0.174281444816	0.714285714286	0.272727272727	0.272727272727	0.239130434783	0.20652173913	1701.0	1.06259780908	4.0	0.0
Patiria	ATT	I	L	0.0	0.107452106349	0.6	0.19512195122	0.658536585366	0.308270676692	0.293233082707	1784.0	1.9898904802	5.0	0.0
Patiria	ATC	I	L	0.0	0.107452106349	0.285714285714	0.208333333333	0.625	0.18045112782	0.293233082707	1784.0	1.89466089466	7.0	0.0
Patiria	ATA	I	L	0.0	0.107452106349	0.833333333333	0.382352941176	0.514705882353	0.511278195489	0.293233082707	1784.0	2.18712273642	4.0	0.0
Lumbricus	ATT	I	L	0.0	3.82489620402e-05	0.583333333333	0.20253164557	0.620253164557	0.464705882353	0.276470588235	1781.0	1.91444783937	5.0	0.0
Lumbricus	ATC	I	L	0.0	3.82489620402e-05	0.454545454545	0.292682926829	0.512195121951	0.241176470588	0.276470588235	1781.0	1.87239366138	7.0	0.0
Lumbricus	ATA	I	L	0.0	3.82489620402e-05	0.7	0.38	0.12	0.294117647059	0.276470588235	1781.0	1.82397260274	4.0	0.0
Halocynthia	ATT	I	L	0.0	0.0102877402219	0.636363636364	0.135135135135	0.594594594595	0.611570247934	0.165289256198	1746.0	1.33255705636	5.0	0.0
Halocynthia	ATA	I	L	0.0	0.0102877402219	0.555555555556	0.25641025641	0.25641025641	0.322314049587	0.165289256198	1746.0	1.56239015817	4.0	0.0
Limulus	ATT	I	L	0.0	0.000131592565613	0.583333333333	0.22	0.58	0.515463917526	0.273195876289	1781.0	1.94589937974	5.0	0.0
Limulus	ATC	I	L	0.0	0.000131592565613	0.714285714286	0.27027027027	0.459459459459	0.190721649485	0.273195876289	1781.0	1.78484565014	7.0	0.0
Limulus	ATA	I	L	0.0	0.000131592565613	0.909090909091	0.368421052632	0.140350877193	0.29381443299	0.273195876289	1781.0	1.92961165049	4.0	0.0
Caenorhabditis	ATT	I	L	0.0	6.51603997475e-05	0.833333333333	0.271929824561	0.377192982456	0.626373626374	0.324175824176	1755.0	1.54142814101	5.0	0.0
Caenorhabditis	ATC	I	L	0.0	6.51603997475e-05	0.333333333333	0.272727272727	0.454545454545	0.0604395604396	0.324175824176	1755.0	1.65432098765	7.0	0.0
Caenorhabditis	ATA	I	L	0.0	6.51603997475e-05	0.909090909091	0.438596491228	0.0701754385965	0.313186813187	0.324175824176	1755.0	1.42413381123	4.0	0.0
Axinella	ATT	I	L	0.0	0.468024415885	0.75	0.318181818182	0.575757575758	0.485294117647	0.264705882353	1777.0	2.01252609603	5.0	0.0
Axinella	ATC	I	L	0.0	0.468024415885	0.5	0.2	0.733333333333	0.110294117647	0.264705882353	1777.0	2.23787528868	7.0	0.0
Axinella	ATA	I	L	0.0	0.468024415885	0.636363636364	0.218181818182	0.618181818182	0.404411764706	0.264705882353	1777.0	1.94537554314	4.0	0.0
Terebratulina	ATT	I	L	0.0	0.00507326019353	0.909090909091	0.354838709677	0.451612903226	0.366863905325	0.301775147929	1783.0	1.98898678414	5.0	0.0
Terebratulina	ATC	I	L	0.0	0.00507326019353	0.909090909091	0.261538461538	0.538461538462	0.384615384615	0.301775147929	1783.0	1.82846521508	7.0	0.0
Terebratulina	ATA	I	L	0.0	0.00507326019353	0.7	0.285714285714	0.0714285714286	0.248520710059	0.301775147929	1783.0	1.79346938776	4.0	0.0
Jbahamiensis	ATT	I	L	0.0	0.254399751348	0.75	0.212765957447	0.585106382979	0.717557251908	0.221374045802	1784.0	1.8221895665	5.0	0.0
Jbahamiensis	ATC	I	L	0.0	0.254399751348	0.285714285714	0.125	0.75	0.12213740458	0.221374045802	1784.0	1.76445396146	7.0	0.0
Jbahamiensis	ATA	I	L	0.0	0.254399751348	0.5	0.333333333333	0.47619047619	0.160305343511	0.221374045802	1784.0	1.8528	4.0	0.0
Bfloridae	ATT	I	L	1.0	0.0780433913516	0.555555555556	0.243243243243	0.621621621622	0.569230769231	0.2	1085.0	2.02169981917	5.0	0.0
Bfloridae	ATC	I	L	1.0	0.0780433913516	0.2	0.0833333333333	0.916666666667	0.184615384615	0.2	1085.0	1.64902506964	7.0	0.0
Bfloridae	ATA	I	L	1.0	0.0780433913516	0.333333333333	0.1875	0.125	0.246153846154	0.2	1085.0	2.04592901879	4.0	0.0
Katharina	ATT	I	L	0.0	0.00501903450749	0.583333333333	0.164835164835	0.681318681319	0.590909090909	0.188311688312	1781.0	1.8538985617	5.0	0.0
Katharina	ATC	I	L	0.0	0.00501903450749	0.5	0.230769230769	0.423076923077	0.168831168831	0.188311688312	1781.0	1.5953002611	7.0	0.0
Katharina	ATA	I	L	0.0	0.00501903450749	0.625	0.216216216216	0.135135135135	0.24025974026	0.188311688312	1781.0	1.89779005525	4.0	0.0
Geodia	ATT	I	L	0.0	0.11192620816	0.818181818182	0.233333333333	0.683333333333	0.461538461538	0.284615384615	1780.0	2.09682997118	5.0	0.0
Geodia	ATA	I	L	0.0	0.11192620816	0.7	0.348484848485	0.5	0.507692307692	0.284615384615	1780.0	1.98246518824	4.0	0.0
Metridium	ATT	I	L	0.0	0.610505495968	0.833333333333	0.236842105263	0.644736842105	0.589147286822	0.263565891473	1783.0	2.00318471338	5.0	0.0
Metridium	ATC	I	L	0.0	0.610505495968	0.5	0.238095238095	0.571428571429	0.162790697674	0.263565891473	1783.0	1.83087027915	7.0	0.0
Metridium	ATA	I	L	0.0	0.610505495968	0.7	0.34375	0.59375	0.248062015504	0.263565891473	1783.0	2.21041445271	4.0	0.0
Acropora	ATT	I	L	0.0	0.635991081933	0.583333333333	0.245901639344	0.672131147541	0.554545454545	0.245454545455	1781.0	2.0906002265	5.0	0.0
Acropora	ATC	I	L	0.0	0.635991081933	0.222222222222	0.133333333333	0.666666666667	0.136363636364	0.245454545455	1781.0	1.85426008969	7.0	0.0
Acropora	ATA	I	L	0.0	0.635991081933	0.7	0.294117647059	0.647058823529	0.309090909091	0.245454545455	1781.0	2.0813253012	4.0	0.0
Trichinella	ATT	I	L	0.0	0.00507431650086	0.75	0.280701754386	0.368421052632	0.303191489362	0.281914893617	1759.0	1.7123039807	5.0	0.0
Trichinella	ATC	I	L	0.0	0.00507431650086	0.7	0.245283018868	0.396226415094	0.281914893617	0.281914893617	1759.0	1.39895356442	7.0	0.0
Trichinella	ATA	I	L	0.0	0.00507431650086	0.916666666667	0.307692307692	0.102564102564	0.414893617021	0.281914893617	1759.0	1.17806394316	4.0	0.0
Balanoglossus	ATT	I	L	0.0	0.174852706547	0.4	0.2	0.714285714286	0.343137254902	0.196078431373	1784.0	2.00395647873	5.0	0.0
Balanoglossus	ATC	I	L	0.0	0.174852706547	0.4	0.145833333333	0.770833333333	0.470588235294	0.196078431373	1784.0	1.97002141328	7.0	0.0
Balanoglossus	ATA	I	L	0.0	0.174852706547	0.625	0.315789473684	0.526315789474	0.186274509804	0.196078431373	1784.0	2.06846846847	4.0	0.0
Reclinomonas	ATT	I	L	0.0	0.115408051272	0.666666666667	0.21686746988	0.638554216867	0.66935483871	0.266129032258	1784.0	1.99710743802	5.0	0.0
Reclinomonas	ATC	I	L	0.0	0.115408051272	0.6	0.375	0.375	0.0645161290323	0.266129032258	1784.0	2.10043668122	7.0	0.0
Reclinomonas	ATA	I	L	0.0	0.115408051272	0.75	0.363636363636	0.484848484848	0.266129032258	0.266129032258	1784.0	2.03121748179	4.0	0.0
Drosophila	ATT	I	L	0.0	3.02624288663e-06	0.769230769231	0.216666666667	0.608333333333	0.641711229947	0.262032085561	1783.0	1.90060327492	5.0	0.0
Drosophila	ATC	I	L	0.0	3.02624288663e-06	0.333333333333	0.2	0.8	0.0267379679144	0.262032085561	1783.0	1.88888888889	7.0	0.0
Drosophila	ATA	I	L	0.0	3.02624288663e-06	0.916666666667	0.354838709677	0.112903225806	0.331550802139	0.262032085561	1783.0	1.98673300166	4.0	1.0
Jlibera	ATT	I	L	0.0	0.0290319957451	0.8	0.202702702703	0.675675675676	0.685185185185	0.268518518519	1784.0	1.99814557255	5.0	0.0
Jlibera	ATC	I	L	0.0	0.0290319957451	0.888888888889	0.5	0.4375	0.148148148148	0.268518518519	1784.0	2.49040511727	7.0	0.0
Jlibera	ATA	I	L	0.0	0.0290319957451	0.714285714286	0.333333333333	0.388888888889	0.166666666667	0.268518518519	1784.0	1.8614800759	4.0	0.0
Myxine	ATT	I	L	0.0	0.000448213800323	0.818181818182	0.245614035088	0.578947368421	0.306451612903	0.268817204301	1783.0	1.88674698795	5.0	0.0
Myxine	ATC	I	L	0.0	0.000448213800323	0.8	0.223880597015	0.55223880597	0.360215053763	0.268817204301	1783.0	1.94595985589	7.0	0.0
Myxine	ATA	I	L	0.0	0.000448213800323	0.9	0.338709677419	0.145161290323	0.333333333333	0.268817204301	1783.0	2.00110071547	4.0	0.0
Ciona	ATT	I	L	0.0	0.000180542618498	0.833333333333	0.319672131148	0.450819672131	0.583732057416	0.354066985646	1767.0	1.8130422614	5.0	0.0
Ciona	ATC	I	L	0.0	0.000180542618498	0.428571428571	0.25	0.333333333333	0.0574162679426	0.354066985646	1767.0	0.930167597765	7.0	0.0
Ciona	ATA	I	L	0.0	0.000180542618498	0.916666666667	0.426666666667	0.12	0.358851674641	0.354066985646	1767.0	1.64954545455	4.0	0.0
Epigonichthys	ATT	I	L	0.0	6.2999469271e-06	0.636363636364	0.197183098592	0.704225352113	0.514492753623	0.217391304348	1783.0	1.92195831314	5.0	0.0
Epigonichthys	ATC	I	L	0.0	6.2999469271e-06	0.25	0.0714285714286	0.928571428571	0.202898550725	0.217391304348	1783.0	1.99507389163	7.0	0.0
Epigonichthys	ATA	I	L	0.0	6.2999469271e-06	0.636363636364	0.358974358974	0.153846153846	0.282608695652	0.217391304348	1783.0	1.84628975265	4.0	1.0
Daphnia	ATT	I	L	0.0	0.00206447520741	0.636363636364	0.211267605634	0.661971830986	0.476510067114	0.275167785235	1783.0	2.01262748907	5.0	0.0
Daphnia	ATC	I	L	0.0	0.00206447520741	0.75	0.372549019608	0.450980392157	0.342281879195	0.275167785235	1783.0	2.09959349593	7.0	0.0
Daphnia	ATA	I	L	0.0	0.00206447520741	0.571428571429	0.259259259259	0.0740740740741	0.181208053691	0.275167785235	1783.0	1.9054916986	4.0	0.0
Homo	ATT	I	L	0.0	6.10412453989e-06	0.75	0.270833333333	0.604166666667	0.258064516129	0.279569892473	1782.0	2.06357142857	5.0	0.0
Homo	ATC	I	L	0.0	6.10412453989e-06	0.7	0.227272727273	0.613636363636	0.47311827957	0.279569892473	1782.0	1.94796557121	7.0	0.0
Homo	ATA	I	L	0.0	6.10412453989e-06	0.818181818182	0.38	0.08	0.268817204301	0.279569892473	1782.0	2.11003460208	4.0	0.0
Blanceolatum	ATT	I	L	0.0	0.0123629951623	0.5	0.222222222222	0.694444444444	0.571428571429	0.253968253968	1083.0	1.99444444444	5.0	0.0
Blanceolatum	ATC	I	L	0.0	0.0123629951623	0.571428571429	0.266666666667	0.6	0.238095238095	0.253968253968	1083.0	1.81473214286	7.0	0.0
Blanceolatum	ATA	I	L	0.0	0.0123629951623	0.4	0.333333333333	0.0	0.190476190476	0.253968253968	1083.0	1.81843575419	4.0	0.0
Saccoglossus	ATT	I	L	0.0	0.275082481489	0.7	0.180327868852	0.639344262295	0.5	0.22131147541	1784.0	1.83936651584	5.0	0.0
Saccoglossus	ATC	I	L	0.0	0.275082481489	0.666666666667	0.346153846154	0.538461538462	0.213114754098	0.22131147541	1784.0	2.02621231979	7.0	0.0
Saccoglossus	ATA	I	L	0.0	0.275082481489	0.454545454545	0.2	0.714285714286	0.286885245902	0.22131147541	1784.0	2.02066929134	4.0	0.0

### Alignment improvement:
ATA	Leu	2.30e-01
