### Random Forest prediction
genome	codon	ori_aa	rea_aa	fitch	Fisher_pval	Gene_frac	N._rea	N._used	Cod._count	Sub._count	G._len	codon_lik	id	prediction	probability
Metaseiulus_occidentalis	TTA	L	T	0.0	0.703821553794	0.1	0.00990099009901	0.910891089109	0.573863636364	0.00568181818182	1280.0	-0.935467607764	20.0	0.0	0.0
Aphrocallistes_vastus	TTA	L	T	0.0	0.399999942147	0.0833333333333	0.0135135135135	0.824324324324	0.352380952381	0.0047619047619	1349.0	-0.907073509015	20.0	0.0	0.0
Schistosoma	TTA	L	T	0.0	0.597784634453	0.166666666667	0.0380952380952	0.609523809524	0.555555555556	0.021164021164	1325.0	-0.841448495229	20.0	0.0	0.0
Fasciola	CTT	L	T	0.0	0.55915600552	0.222222222222	0.08	0.56	0.12077294686	0.0338164251208	1332.0	-0.658410732714	53.0	0.0	0.0
Fasciola	TTA	L	T	0.0	0.55915600552	0.1	0.0232558139535	0.744186046512	0.207729468599	0.0338164251208	1332.0	-0.846932698035	20.0	0.0	0.0
Fasciola	TTG	L	T	0.0	0.55915600552	0.25	0.0314960629921	0.677165354331	0.613526570048	0.0338164251208	1332.0	-0.892583635631	22.0	0.0	0.0
Trichobilharzia_regenti	TTA	L	T	0.0	0.817537506316	0.25	0.043956043956	0.637362637363	0.455	0.03	1324.0	-0.849146375595	20.0	0.0	0.0
Trichobilharzia_regenti	TTG	L	T	0.0	0.817537506316	0.181818181818	0.0229885057471	0.666666666667	0.435	0.03	1324.0	-0.919550428867	22.0	0.0	0.0
Versteria_mustelae	TTG	L	T	1.0	0.403526640818	0.25	0.0373831775701	0.719626168224	0.529702970297	0.019801980198	1328.0	-0.787244169443	22.0	0.0	0.0
Euseius_nicholsi	TTA	L	T	1.0	0.682692198141	0.0909090909091	0.00884955752212	0.867256637168	0.627777777778	0.00555555555556	1296.0	-0.901832164669	20.0	0.0	0.0
Haplorchis_taichui	CTT	L	T	0.0	0.744860728797	0.0909090909091	0.0208333333333	0.541666666667	0.234146341463	0.0146341463415	1320.0	-1.02704135737	53.0	0.0	0.0
Haplorchis_taichui	TTG	L	T	0.0	0.744860728797	0.0833333333333	0.0281690140845	0.746478873239	0.346341463415	0.0146341463415	1320.0	-0.867003975425	22.0	0.0	0.0
Halocynthia	TTA	L	T	0.0	0.728070081554	0.0909090909091	0.00909090909091	0.836363636364	0.541871921182	0.00492610837438	1348.0	-0.970930232558	20.0	0.0	0.0
Echinococcus_equinus	TTA	L	T	0.0	0.901717605685	0.181818181818	0.0333333333333	0.716666666667	0.295566502463	0.0246305418719	1331.0	-0.885120813904	20.0	0.0	0.0
Echinococcus_equinus	TTG	L	T	0.0	0.901717605685	0.166666666667	0.0243902439024	0.715447154472	0.605911330049	0.0246305418719	1331.0	-0.863503953392	22.0	0.0	0.0
Taenia_crassiceps	TTA	L	T	0.0	0.504249456985	0.25	0.0333333333333	0.675	0.585365853659	0.019512195122	1333.0	-0.853896793374	20.0	0.0	0.0
Tetrancistrum_nebulosi	CTA	L	T	1.0	0.504383708892	0.111111111111	0.0434782608696	0.695652173913	0.122994652406	0.0160427807487	1333.0	-0.876666666667	52.0	0.0	0.0
Tetrancistrum_nebulosi	TTA	L	T	1.0	0.504383708892	0.0833333333333	0.010989010989	0.703296703297	0.486631016043	0.0160427807487	1333.0	-1.02990970655	20.0	0.0	0.0
Tetrancistrum_nebulosi	TTG	L	T	1.0	0.504383708892	0.111111111111	0.037037037037	0.740740740741	0.144385026738	0.0160427807487	1333.0	-0.882241215575	22.0	0.0	0.0
Trichinella	TTA	L	T	0.0	0.50689649815	0.0909090909091	0.016393442623	0.72131147541	0.311224489796	0.00510204081633	1343.0	-0.950840336134	20.0	0.0	0.0
Pseudogarypus_banksi	CTT	L	T	0.0	0.48753007277	0.125	0.047619047619	0.809523809524	0.11170212766	0.0106382978723	1347.0	-0.827040194884	53.0	0.0	0.0
Pseudogarypus_banksi	TTA	L	T	0.0	0.48753007277	0.0833333333333	0.00819672131148	0.819672131148	0.648936170213	0.0106382978723	1347.0	-1.00062866723	20.0	0.0	0.0
Benedenia_hoshinai	CTA	L	T	0.0	0.14133141311	0.1	0.0588235294118	0.705882352941	0.0862944162437	0.010152284264	1333.0	-0.615037593985	52.0	0.0	0.0
Benedenia_hoshinai	TTG	L	T	0.0	0.14133141311	0.111111111111	0.0384615384615	0.769230769231	0.131979695431	0.010152284264	1333.0	-0.743388834476	22.0	0.0	0.0
Ciona	TTA	L	T	0.0	0.816402845081	0.0833333333333	0.0172413793103	0.862068965517	0.594871794872	0.0102564102564	1348.0	-0.908548707753	20.0	0.0	0.0
Strigamia_maritima	CTT	L	T	2.0	0.314356410861	0.0909090909091	0.03125	0.875	0.151658767773	0.00473933649289	1351.0	-0.886956521739	53.0	0.0	0.0
Caenorhabditis	CTT	L	T	0.0	0.109999982737	0.111111111111	0.0555555555556	0.777777777778	0.0947368421053	0.00526315789474	1346.0	-0.678470254958	53.0	0.0	0.0
Ascidiella_aspersa	CTG	L	T	1.0	0.249151526265	0.166666666667	0.0909090909091	0.909090909091	0.060773480663	0.0165745856354	1350.0	-0.588505747126	54.0	0.0	0.0
Ascidiella_aspersa	CTA	L	T	1.0	0.249151526265	0.125	0.047619047619	0.809523809524	0.116022099448	0.0165745856354	1350.0	-0.931203931204	52.0	0.0	0.0
Ascidiella_aspersa	TTG	L	T	1.0	0.249151526265	0.0909090909091	0.0166666666667	0.883333333333	0.331491712707	0.0165745856354	1350.0	-0.926351638995	22.0	0.0	0.0
Saccoglossus	CTT	L	T	0.0	0.834841571938	0.0909090909091	0.012987012987	0.935064935065	0.330472103004	0.00429184549356	1351.0	-0.929563492063	53.0	0.0	0.0