### Random Forest prediction
genome	codon	ori_aa	rea_aa	fitch	Fisher pval	Gene frac	N. rea	N. used	Cod. count	Sub. count	G. len	codon_lik	id	prediction
Paracentrotus	AGT	S	G	0.0	0.0447761142499	0.5	0.5	0.5	0.025641025641	0.0128205128205	1436.0	1.48888888889	9.0	0.0
Schistosoma	TCT	S	G	0.0	0.286657467797	0.375	0.075	0.35	0.412371134021	0.0721649484536	1278.0	-0.356466876972	29.0	0.0
Schistosoma	AGC	S	G	0.0	0.286657467797	1.0	1.0	0.0	0.0103092783505	0.0721649484536	1278.0	2.69565217391	11.0	0.0
Schistosoma	AGT	S	G	0.0	0.286657467797	0.111111111111	0.0344827586207	0.413793103448	0.298969072165	0.0721649484536	1278.0	-0.709537572254	9.0	0.0
Schistosoma	TCC	S	G	0.0	0.286657467797	0.333333333333	0.333333333333	0.666666666667	0.0309278350515	0.0721649484536	1278.0	1.38028169014	31.0	0.0
Schistosoma	TCA	S	G	0.0	0.286657467797	0.125	0.0625	0.5	0.164948453608	0.0721649484536	1278.0	-0.410052910053	28.0	0.0
Fasciola	TCT	S	G	0.0	0.296788448367	0.4	0.1	0.38	0.5	0.1	1341.0	-0.162001696353	29.0	0.0
Fasciola	AGC	S	G	0.0	0.296788448367	0.333333333333	0.333333333333	0.0	0.03	0.1	1341.0	0.338028169014	11.0	0.0
Fasciola	TCG	S	G	0.0	0.296788448367	0.2	0.2	0.2	0.05	0.1	1341.0	-0.423728813559	30.0	0.0
Fasciola	AGT	S	G	0.0	0.296788448367	0.2	0.0882352941176	0.5	0.34	0.1	1341.0	-0.353086419753	9.0	0.0
Patiria	AGC	S	G	0.0	0.121794856303	0.2	0.125	0.75	0.0898876404494	0.0112359550562	1534.0	0.357541899441	11.0	0.0
Lumbricus	TCA	S	G	0.0	0.489426257749	0.333333333333	0.105263157895	0.868421052632	0.469135802469	0.0493827160494	1525.0	0.180365296804	28.0	0.0
Halocynthia	AGT	S	G	0.0	0.356060540672	0.111111111111	0.027027027027	0.648648648649	0.385416666667	0.0104166666667	1418.0	-0.537585421412	9.0	0.0
Limulus	TCT	S	G	0.0	0.204480099368	0.125	0.0588235294118	0.794117647059	0.373626373626	0.0549450549451	1521.0	-0.0349563046192	29.0	0.0
Limulus	AGT	S	G	0.0	0.204480099368	0.2	0.166666666667	0.5	0.0659340659341	0.0549450549451	1521.0	-0.414285714286	9.0	0.0
Limulus	TCC	S	G	0.0	0.204480099368	0.285714285714	0.125	0.75	0.175824175824	0.0549450549451	1521.0	-0.00537634408602	31.0	0.0
Caenorhabditis	TCT	S	G	0.0	0.962965609791	0.333333333333	0.137931034483	0.48275862069	0.408450704225	0.112676056338	1433.0	0.0133928571429	29.0	0.0
Caenorhabditis	AGT	S	G	0.0	0.962965609791	0.25	0.133333333333	0.533333333333	0.211267605634	0.112676056338	1433.0	0.297752808989	9.0	0.0
Caenorhabditis	TCA	S	G	0.0	0.962965609791	0.125	0.0909090909091	0.5	0.30985915493	0.112676056338	1433.0	-0.343195266272	28.0	0.0
Axinella	TCT	S	G	0.0	0.860223937907	0.2	0.0625	0.84375	0.355555555556	0.0333333333333	1523.0	-0.0669344042838	29.0	0.0
Axinella	AGT	S	G	0.0	0.860223937907	0.111111111111	0.047619047619	0.809523809524	0.233333333333	0.0333333333333	1523.0	-0.0633946830266	9.0	0.0
Terebratulina	TCT	S	G	0.0	0.0843253882625	0.1	0.0357142857143	0.678571428571	0.345679012346	0.0246913580247	1487.0	-0.0811638591118	29.0	0.0
Terebratulina	AGC	S	G	0.0	0.0843253882625	0.25	0.2	0.8	0.0617283950617	0.0246913580247	1487.0	0.732142857143	11.0	0.0
Katharina	TCA	S	G	0.0	0.16324200125	0.285714285714	0.117647058824	0.823529411765	0.207317073171	0.0243902439024	1515.0	0.080684596577	28.0	0.0
Geodia	AGC	S	G	0.0	0.0111666166757	0.333333333333	0.25	0.0	0.0416666666667	0.0208333333333	1524.0	0.364583333333	11.0	0.0
Geodia	TCA	S	G	0.0	0.0111666166757	0.111111111111	0.0434782608696	0.826086956522	0.239583333333	0.0208333333333	1524.0	-0.221590909091	28.0	0.0
Metridium	TCC	S	G	0.0	0.32499996979	0.166666666667	0.0714285714286	0.928571428571	0.153846153846	0.010989010989	1534.0	0.0939393939394	31.0	0.0
Acropora	AGT	S	G	0.0	0.075258071579	0.125	0.047619047619	0.714285714286	0.216494845361	0.020618556701	1532.0	-0.178137651822	9.0	0.0
Acropora	TCC	S	G	0.0	0.075258071579	0.2	0.125	0.375	0.0824742268041	0.020618556701	1532.0	0.0427807486631	31.0	0.0
Trichinella	AGC	S	G	0.0	0.27593473755	0.25	0.111111111111	0.333333333333	0.107142857143	0.0714285714286	1259.0	-0.893023255814	11.0	0.0
Trichinella	TCG	S	G	0.0	0.27593473755	0.333333333333	0.333333333333	0.333333333333	0.0357142857143	0.0714285714286	1259.0	0.971428571429	30.0	0.0
Trichinella	AGT	S	G	0.0	0.27593473755	0.142857142857	0.0833333333333	0.5	0.142857142857	0.0714285714286	1259.0	-0.334494773519	9.0	0.0
Trichinella	TCA	S	G	0.0	0.27593473755	0.428571428571	0.107142857143	0.5	0.333333333333	0.0714285714286	1259.0	-0.0731707317073	28.0	0.0
Balanoglossus	TCT	S	G	0.0	0.304878010887	0.166666666667	0.0555555555556	0.944444444444	0.209302325581	0.0116279069767	1534.0	0.143867924528	29.0	0.0
Drosophila	TCT	S	G	0.0	0.3925217857	0.25	0.0833333333333	0.75	0.423529411765	0.0352941176471	1523.0	-0.0212765957447	29.0	0.0
Myxine	TCT	S	G	0.0	0.0314316439163	0.285714285714	0.08	0.76	0.231481481481	0.0555555555556	1533.0	-0.0658578856153	29.0	0.0
Myxine	AGT	S	G	0.0	0.0314316439163	0.25	0.25	0.75	0.037037037037	0.0555555555556	1533.0	0.763440860215	9.0	0.0
Myxine	AGC	S	G	0.0	0.0314316439163	0.4	0.153846153846	0.615384615385	0.12037037037	0.0555555555556	1533.0	0.331081081081	11.0	0.0
Myxine	TCC	S	G	0.0	0.0314316439163	0.111111111111	0.0434782608696	0.695652173913	0.212962962963	0.0555555555556	1533.0	-0.182330827068	31.0	0.0
Ciona	TCT	S	G	0.0	0.666826904818	0.1	0.0238095238095	0.5	0.392523364486	0.0280373831776	1411.0	-0.454730417091	29.0	0.0
Ciona	AGT	S	G	0.0	0.666826904818	0.222222222222	0.0689655172414	0.655172413793	0.271028037383	0.0280373831776	1411.0	-0.233823529412	9.0	0.0
Saccoglossus	AGC	S	G	0.0	0.14773378429	0.333333333333	0.142857142857	0.714285714286	0.0769230769231	0.021978021978	1532.0	-0.0636942675159	11.0	0.0
Saccoglossus	TCA	S	G	0.0	0.14773378429	0.111111111111	0.0344827586207	0.896551724138	0.318681318681	0.021978021978	1532.0	-0.181286549708	28.0	0.0
Daphnia	TCT	S	G	0.0	0.454378436589	0.125	0.0555555555556	0.722222222222	0.418604651163	0.0348837209302	1517.0	-0.236811254396	29.0	0.0
Daphnia	AGT	S	G	0.0	0.454378436589	0.166666666667	0.111111111111	0.666666666667	0.104651162791	0.0348837209302	1517.0	0.199029126214	9.0	0.0
Homo	AGC	S	G	0.0	0.231707296021	0.142857142857	0.0909090909091	0.818181818182	0.117021276596	0.0106382978723	1533.0	-0.011811023622	11.0	0.0
Blanceolatum	TCA	S	G	0.0	0.358695625905	0.25	0.142857142857	0.857142857143	0.145833333333	0.0208333333333	839.0	0.529761904762	28.0	0.0
Epigonichthys	TCC	S	G	0.0	0.451219491143	0.142857142857	0.1	0.9	0.112359550562	0.0112359550562	1522.0	0.0379746835443	31.0	0.0

### Alignment improvement:
