### Random Forest prediction
genome	codon	ori_aa	rea_aa	fitch	Fisher_pval	Gene_frac	N._rea	N._used	Cod._count	Sub._count	G._len	codon_lik	id	prediction	probability
Metaseiulus_occidentalis	ACC	T	S	0.0	0.0799999723797	0.25	0.111111111111	0.777777777778	0.15	0.0166666666667	1280.0	0.905444126074	15.0	0.0	0.0
Paracentrotus	ACC	T	S	0.0	0.433962218551	0.2	0.0714285714286	0.928571428571	0.254545454545	0.0181818181818	1351.0	1.00363636364	15.0	0.0	0.0
Aphrocallistes_vastus	ACC	T	S	0.0	0.546901712754	0.166666666667	0.0909090909091	0.818181818182	0.150684931507	0.0547945205479	1349.0	0.915492957746	15.0	0.0	0.0
Aphrocallistes_vastus	ACA	T	S	0.0	0.546901712754	0.222222222222	0.063829787234	0.659574468085	0.643835616438	0.0547945205479	1349.0	0.475068493151	12.0	0.0	0.0
Schistosoma	ACT	T	S	0.0	0.679999889519	0.166666666667	0.0454545454545	0.681818181818	0.628571428571	0.0285714285714	1325.0	0.690697674419	13.0	0.0	0.0
Fasciola	ACG	T	S	0.0	0.0714485904711	0.5	0.5	0.25	0.0909090909091	0.0909090909091	1332.0	2.28571428571	14.0	0.0	0.039
Fasciola	ACT	T	S	0.0	0.0714485904711	0.2	0.0588235294118	0.705882352941	0.772727272727	0.0909090909091	1332.0	0.753021148036	13.0	0.0	0.0
Trichobilharzia_regenti	ACT	T	S	0.0	0.758620606318	0.166666666667	0.0714285714286	0.678571428571	0.717948717949	0.0512820512821	1324.0	0.749768303985	13.0	0.0	0.0
Versteria_mustelae	ACA	T	S	0.0	0.457270999784	0.5	0.5	0.5	0.0392156862745	0.137254901961	1328.0	2.12820512821	12.0	0.0	0.009
Versteria_mustelae	ACT	T	S	0.0	0.457270999784	0.4	0.133333333333	0.644444444444	0.882352941176	0.137254901961	1328.0	1.00457142857	13.0	0.0	0.0
Euseius_nicholsi	ACA	T	S	0.0	0.605313981141	0.166666666667	0.0909090909091	0.772727272727	0.407407407407	0.037037037037	1296.0	0.808362369338	12.0	0.0	0.0
Daphnia	ACC	T	S	0.0	0.151629052131	0.285714285714	0.1	0.9	0.333333333333	0.0333333333333	1351.0	0.985969387755	15.0	0.0	0.0
Haplorchis_taichui	ACC	T	S	0.0	0.46713096603	0.25	0.2	0.6	0.116279069767	0.093023255814	1320.0	0.880829015544	15.0	0.0	0.0
Haplorchis_taichui	ACG	T	S	0.0	0.46713096603	0.2	0.111111111111	0.555555555556	0.209302325581	0.093023255814	1320.0	0.698275862069	14.0	0.0	0.0
Haplorchis_taichui	ACT	T	S	0.0	0.46713096603	0.2	0.0740740740741	0.703703703704	0.627906976744	0.093023255814	1320.0	0.95355450237	13.0	0.0	0.0
Lumbricus	ACA	T	S	0.0	0.526205423229	0.142857142857	0.0434782608696	0.913043478261	0.396551724138	0.051724137931	1350.0	0.853303471445	12.0	0.0	0.0
Lumbricus	ACT	T	S	0.0	0.526205423229	0.285714285714	0.0952380952381	0.857142857143	0.362068965517	0.051724137931	1350.0	0.87315270936	13.0	0.0	0.0
Halocynthia	ACT	T	S	1.0	0.695652068836	0.125	0.0322580645161	0.870967741935	0.62	0.02	1348.0	0.935726210351	13.0	0.0	0.0
Limulus	ACA	T	S	0.0	0.566883071372	0.222222222222	0.0666666666667	0.9	0.526315789474	0.0350877192982	1351.0	0.862456747405	12.0	0.0	0.0
Echinococcus_equinus	ACG	T	S	0.0	0.827573183703	0.142857142857	0.0909090909091	0.545454545455	0.2	0.127272727273	1331.0	0.725581395349	14.0	0.0	0.0
Echinococcus_equinus	ACT	T	S	0.0	0.827573183703	0.375	0.146341463415	0.658536585366	0.745454545455	0.127272727273	1331.0	1.02512562814	13.0	0.0	0.0
Taenia_crassiceps	ACA	T	S	0.0	0.297208376488	0.25	0.2	0.5	0.185185185185	0.0925925925926	1333.0	1.46354166667	12.0	0.0	0.0
Taenia_crassiceps	ACT	T	S	0.0	0.297208376488	0.222222222222	0.0789473684211	0.631578947368	0.703703703704	0.0925925925926	1333.0	0.800268997983	13.0	0.0	0.0
Axinella	ACA	T	S	0.0	0.305555482029	0.166666666667	0.04	0.88	0.431034482759	0.0172413793103	1348.0	0.758799171843	12.0	0.0	0.0
Terebratulina	ACC	T	S	0.0	0.764705801117	0.125	0.037037037037	0.851851851852	0.465517241379	0.0172413793103	1351.0	0.831739961759	15.0	0.0	0.0
Katharina	ACA	T	S	0.0	0.42274503305	0.166666666667	0.0666666666667	0.933333333333	0.288461538462	0.0384615384615	1348.0	0.857632933105	12.0	0.0	0.0
Katharina	ACT	T	S	0.0	0.42274503305	0.125	0.03125	0.96875	0.615384615385	0.0384615384615	1348.0	0.935222672065	13.0	0.0	0.0
Amphimedon_queenslandica	ACC	T	S	0.0	0.0803571151135	0.125	0.111111111111	0.888888888889	0.152542372881	0.0169491525424	1351.0	1.16477272727	15.0	0.0	0.0
Tetrancistrum_nebulosi	ACA	T	S	0.0	0.162006158613	0.6	0.25	0.5	0.218181818182	0.0909090909091	1333.0	1.08061002179	12.0	0.0	0.001
Tetrancistrum_nebulosi	ACG	T	S	0.0	0.162006158613	0.2	0.125	0.625	0.145454545455	0.0909090909091	1333.0	1.04166666667	14.0	0.0	0.0
Tetrancistrum_nebulosi	ACT	T	S	0.0	0.162006158613	0.111111111111	0.037037037037	0.592592592593	0.490909090909	0.0909090909091	1333.0	0.351428571429	13.0	0.0	0.0
Trichinella	ACC	T	S	0.0	0.860836579094	0.25	0.0714285714286	0.857142857143	0.194444444444	0.0416666666667	1343.0	0.909943714822	15.0	0.0	0.0
Trichinella	ACA	T	S	0.0	0.860836579094	0.285714285714	0.05	0.6	0.555555555556	0.0416666666667	1343.0	0.169799092677	12.0	0.0	0.0
Pseudogarypus_banksi	ACA	T	S	0.0	0.817356551188	0.142857142857	0.04	0.68	0.384615384615	0.0461538461538	1347.0	0.902263374486	12.0	0.0	0.0
Pseudogarypus_banksi	ACT	T	S	0.0	0.817356551188	0.222222222222	0.0571428571429	0.714285714286	0.538461538462	0.0461538461538	1347.0	0.474688187821	13.0	0.0	0.0
Benedenia_hoshinai	ACA	T	S	0.0	0.204994459967	0.428571428571	0.214285714286	0.428571428571	0.264150943396	0.0943396226415	1333.0	0.733333333333	12.0	0.0	0.003
Benedenia_hoshinai	ACT	T	S	0.0	0.204994459967	0.285714285714	0.0606060606061	0.727272727273	0.622641509434	0.0943396226415	1333.0	0.920062695925	13.0	0.0	0.0
Myxine	ACT	T	S	1.0	0.461538401783	0.125	0.05	0.85	0.327868852459	0.016393442623	1350.0	0.892903225806	13.0	0.0	0.0
Drosophila	ACT	T	S	0.0	0.286720568673	0.333333333333	0.0857142857143	0.885714285714	0.583333333333	0.05	1351.0	1.02133922001	13.0	0.0	0.0
Ciona	ACA	T	S	0.0	0.825607842526	0.142857142857	0.0555555555556	0.888888888889	0.310344827586	0.051724137931	1348.0	0.880057803468	12.0	0.0	0.0
Ciona	ACT	T	S	0.0	0.825607842526	0.2	0.0555555555556	0.722222222222	0.620689655172	0.051724137931	1348.0	0.785147801009	13.0	0.0	0.0
Strigamia_maritima	ACA	T	S	0.0	0.759615301622	0.142857142857	0.0357142857143	0.857142857143	0.474576271186	0.0169491525424	1351.0	0.591666666667	12.0	0.0	0.0
Caenorhabditis	ACA	T	S	0.0	0.51021792165	0.222222222222	0.0789473684211	0.552631578947	0.575757575758	0.0606060606061	1346.0	0.428765264586	12.0	0.0	0.0
Caenorhabditis	ACT	T	S	0.0	0.51021792165	0.166666666667	0.0384615384615	0.653846153846	0.393939393939	0.0606060606061	1346.0	0.447420634921	13.0	0.0	0.0
Homo	ACC	T	S	0.0	0.613933203252	0.222222222222	0.105263157895	0.894736842105	0.339285714286	0.0535714285714	1351.0	1.11875843455	15.0	0.0	0.0
Homo	ACA	T	S	0.0	0.613933203252	0.111111111111	0.0333333333333	0.9	0.535714285714	0.0535714285714	1351.0	0.874350086655	12.0	0.0	0.0
Ascidiella_aspersa	ACC	T	S	0.0	0.892177552626	0.142857142857	0.0714285714286	0.785714285714	0.264150943396	0.0377358490566	1350.0	0.589981447124	15.0	0.0	0.0
Ascidiella_aspersa	ACT	T	S	0.0	0.892177552626	0.142857142857	0.047619047619	0.761904761905	0.396226415094	0.0377358490566	1350.0	0.859068627451	13.0	0.0	0.0