### Random Forest prediction
genome	codon	ori_aa	rea_aa	fitch	Fisher_pval	Gene_frac	N._rea	N._used	Cod._count	Sub._count	G._len	codon_lik	id	prediction	probability
Paracentrotus	GCC	A	G	0.0	0.374861151508	0.25	0.0625	0.6875	0.380952380952	0.0357142857143	1351.0	-0.34655035686	47.0	0.0	0.0
Paracentrotus	GCT	A	G	0.0	0.374861151508	0.125	0.0625	0.875	0.190476190476	0.0357142857143	1351.0	-0.0303514376997	45.0	0.0	0.0
Aphrocallistes_vastus	GCA	A	G	0.0	0.135668353597	0.111111111111	0.025	0.725	0.512820512821	0.0897435897436	1349.0	-0.21387283237	44.0	0.0	0.0
Aphrocallistes_vastus	GCC	A	G	0.0	0.135668353597	0.222222222222	0.1875	0.8125	0.205128205128	0.0897435897436	1349.0	0.629392971246	47.0	0.0	0.0
Aphrocallistes_vastus	GCT	A	G	0.0	0.135668353597	0.25	0.136363636364	0.636363636364	0.282051282051	0.0897435897436	1349.0	-0.0265895953757	45.0	0.0	0.0
Schistosoma	GCT	A	G	0.0	0.447368395613	0.142857142857	0.0357142857143	0.464285714286	0.736842105263	0.0526315789474	1325.0	-0.75499092559	45.0	0.0	0.0
Schistosoma	GCG	A	G	0.0	0.447368395613	0.5	0.25	0.25	0.105263157895	0.0526315789474	1325.0	0.335526315789	46.0	0.0	0.0
Fasciola	GCT	A	G	0.0	0.88148592388	0.555555555556	0.125	0.5	0.78431372549	0.117647058824	1332.0	0.101923076923	45.0	0.0	0.0
Fasciola	GCG	A	G	0.0	0.88148592388	0.166666666667	0.142857142857	0.714285714286	0.137254901961	0.117647058824	1332.0	0.231046931408	46.0	0.0	0.0
Trichobilharzia_regenti	GCT	A	G	0.0	0.843653388117	0.333333333333	0.138888888889	0.555555555556	0.692307692308	0.0961538461538	1324.0	-0.00283687943262	45.0	0.0	0.0
Versteria_mustelae	GCT	A	G	0.0	0.186874230867	0.333333333333	0.0857142857143	0.485714285714	0.744680851064	0.106382978723	1328.0	-0.336996336996	45.0	0.0	0.0
Versteria_mustelae	GCG	A	G	0.0	0.186874230867	1.0	0.5	0.25	0.0851063829787	0.106382978723	1328.0	1.36363636364	46.0	0.0	0.082
Euseius_nicholsi	GCT	A	G	0.0	0.723214190153	0.142857142857	0.030303030303	0.909090909091	0.559322033898	0.0169491525424	1296.0	-0.0300230946882	45.0	0.0	0.0
Patiria	GCA	A	G	0.0	0.420774626613	0.166666666667	0.0454545454545	0.909090909091	0.297297297297	0.027027027027	1351.0	0.0862470862471	44.0	0.0	0.0
Patiria	GCT	A	G	0.0	0.420774626613	0.166666666667	0.0625	0.875	0.216216216216	0.027027027027	1351.0	0.0254372019078	45.0	0.0	0.0
Haplorchis_taichui	GCT	A	G	0.0	0.769187960729	0.285714285714	0.0645161290323	0.451612903226	0.563636363636	0.0727272727273	1320.0	-0.586776859504	45.0	0.0	0.0
Haplorchis_taichui	GCG	A	G	0.0	0.769187960729	0.222222222222	0.125	0.5	0.290909090909	0.0727272727273	1320.0	-0.272727272727	46.0	0.0	0.0
Lumbricus	GCA	A	G	0.0	0.465820221216	0.222222222222	0.0714285714286	0.892857142857	0.35	0.0375	1350.0	0.298261665142	44.0	0.0	0.0
Lumbricus	GCC	A	G	0.0	0.465820221216	0.125	0.0434782608696	0.739130434783	0.2875	0.0375	1350.0	-0.257525083612	47.0	0.0	0.0
Halocynthia	GCA	A	G	0.0	0.0865306049171	0.111111111111	0.0625	0.75	0.253968253968	0.031746031746	1348.0	0.0415335463259	44.0	0.0	0.0
Halocynthia	GCG	A	G	0.0	0.0865306049171	0.25	0.166666666667	0.5	0.0952380952381	0.031746031746	1348.0	-0.320675105485	46.0	0.0	0.0
Limulus	GCA	A	G	0.0	0.0917504821778	0.25	0.0769230769231	0.884615384615	0.346666666667	0.0266666666667	1351.0	0.131422924901	44.0	0.0	0.0
Echinococcus_equinus	GCT	A	G	0.0	0.905347952669	0.375	0.09375	0.5	0.68085106383	0.0851063829787	1331.0	-0.185096153846	45.0	0.0	0.0
Echinococcus_equinus	GCG	A	G	0.0	0.905347952669	0.25	0.142857142857	0.428571428571	0.148936170213	0.0851063829787	1331.0	-0.315217391304	46.0	0.0	0.0
Taenia_crassiceps	GCT	A	G	0.0	0.752173827481	0.375	0.0882352941176	0.5	0.790697674419	0.0697674418605	1333.0	-0.395033860045	45.0	0.0	0.0
Axinella	GCT	A	G	0.0	0.187785372954	0.222222222222	0.0833333333333	0.833333333333	0.289156626506	0.0240963855422	1348.0	0.120507399577	45.0	0.0	0.0
Terebratulina	GCA	A	G	0.0	0.200962287708	0.285714285714	0.0952380952381	0.714285714286	0.25	0.0357142857143	1351.0	-0.157004830918	44.0	0.0	0.0
Terebratulina	GCT	A	G	0.0	0.200962287708	0.125	0.05	0.9	0.238095238095	0.0357142857143	1351.0	-0.199745547074	45.0	0.0	0.0
Suberites_domuncula	GCT	A	G	0.0	0.522607526309	0.142857142857	0.0294117647059	0.823529411765	0.447368421053	0.0263157894737	1351.0	-0.258064516129	45.0	0.0	0.0
Suberites_domuncula	GCG	A	G	0.0	0.522607526309	0.125	0.0714285714286	0.714285714286	0.184210526316	0.0263157894737	1351.0	-0.0795660036166	46.0	0.0	0.0
Katharina	GCA	A	G	0.0	0.07692306968	0.166666666667	0.0526315789474	0.736842105263	0.25	0.0263157894737	1348.0	0.117333333333	44.0	0.0	0.0
Katharina	GCG	A	G	0.0	0.07692306968	0.25	0.142857142857	0.714285714286	0.0921052631579	0.0263157894737	1348.0	0.640740740741	46.0	0.0	0.0
Geodia	GCT	A	G	0.0	0.837357274839	0.2	0.046511627907	0.860465116279	0.544303797468	0.0253164556962	1350.0	-0.346721795629	45.0	0.0	0.0
Metridium	GCA	A	G	0.0	0.0110633913625	0.4	0.25	0.666666666667	0.144578313253	0.0481927710843	1351.0	0.704016913319	44.0	0.0	0.001
Metridium	GCT	A	G	0.0	0.0110633913625	0.111111111111	0.0263157894737	0.868421052632	0.457831325301	0.0481927710843	1351.0	-0.185906040268	45.0	0.0	0.0
Amphimedon_queenslandica	GCA	A	G	0.0	0.927827811667	0.125	0.037037037037	0.888888888889	0.325301204819	0.0361445783133	1351.0	0.0674904942966	44.0	0.0	0.0
Amphimedon_queenslandica	GCC	A	G	0.0	0.927827811667	0.125	0.0625	0.875	0.192771084337	0.0361445783133	1351.0	-0.171974522293	47.0	0.0	0.0
Amphimedon_queenslandica	GCG	A	G	0.0	0.927827811667	0.111111111111	0.0344827586207	0.724137931034	0.349397590361	0.0361445783133	1351.0	-0.50176056338	46.0	0.0	0.0
Tetrancistrum_nebulosi	GCC	A	G	0.0	0.459316926842	0.2	0.166666666667	0.5	0.103448275862	0.0862068965517	1333.0	0.361344537815	47.0	0.0	0.0
Tetrancistrum_nebulosi	GCT	A	G	0.0	0.459316926842	0.333333333333	0.111111111111	0.361111111111	0.620689655172	0.0862068965517	1333.0	-0.533475783476	45.0	0.0	0.0
Trichinella	GCA	A	G	0.0	0.118189214424	0.6	0.157894736842	0.526315789474	0.306451612903	0.0967741935484	1343.0	-0.391244870041	44.0	0.0	0.0
Trichinella	GCC	A	G	0.0	0.118189214424	0.2	0.0769230769231	0.692307692308	0.209677419355	0.0967741935484	1343.0	-0.383104125737	47.0	0.0	0.0
Trichinella	GCT	A	G	0.0	0.118189214424	0.2	0.0357142857143	0.714285714286	0.451612903226	0.0967741935484	1343.0	-0.24065633546	45.0	0.0	0.0
Trichinella	GCG	A	G	0.0	0.118189214424	1.0	0.5	0.5	0.0322580645161	0.0967741935484	1343.0	2.9	46.0	0.0	0.045
Balanoglossus	GCC	A	G	0.0	0.284367062103	0.3	0.09375	0.78125	0.410256410256	0.0384615384615	1351.0	-0.0373906125696	47.0	0.0	0.0
Acropora	GCT	A	G	0.0	0.902190889549	0.111111111111	0.0333333333333	0.8	0.37037037037	0.0246913580247	1350.0	-0.254653130288	45.0	0.0	0.0
Acropora	GCG	A	G	0.0	0.902190889549	0.1	0.0416666666667	0.791666666667	0.296296296296	0.0246913580247	1350.0	0.19595314164	46.0	0.0	0.0
Pseudogarypus_banksi	GCA	A	G	0.0	0.688340900465	0.125	0.05	0.85	0.4	0.08	1347.0	0.417948717949	44.0	0.0	0.0
Pseudogarypus_banksi	GCT	A	G	0.0	0.688340900465	0.222222222222	0.125	0.666666666667	0.48	0.08	1347.0	0.162046908316	45.0	0.0	0.0
Benedenia_hoshinai	GCT	A	G	0.0	0.144608642917	0.285714285714	0.0909090909091	0.454545454545	0.647058823529	0.078431372549	1333.0	-0.347222222222	45.0	0.0	0.0
Benedenia_hoshinai	GCG	A	G	0.0	0.144608642917	1.0	1.0	0.0	0.0196078431373	0.078431372549	1333.0	3.225	46.0	0.0	0.238
Myxine	GCA	A	G	0.0	0.810850404229	0.285714285714	0.0833333333333	0.75	0.324324324324	0.0540540540541	1350.0	0.0827067669173	44.0	0.0	0.0
Myxine	GCC	A	G	0.0	0.810850404229	0.166666666667	0.0588235294118	0.882352941176	0.22972972973	0.0540540540541	1350.0	0.0611940298507	47.0	0.0	0.0
Myxine	GCT	A	G	0.0	0.810850404229	0.125	0.0357142857143	0.964285714286	0.378378378378	0.0540540540541	1350.0	-0.0856882406563	45.0	0.0	0.0
Ciona	GCA	A	G	0.0	0.292091787853	0.166666666667	0.1	0.8	0.185185185185	0.037037037037	1348.0	0.267175572519	44.0	0.0	0.0
Ciona	GCT	A	G	0.0	0.292091787853	0.111111111111	0.025	0.9	0.740740740741	0.037037037037	1348.0	-0.214971209213	45.0	0.0	0.0
Epigonichthys	GCT	A	G	0.0	0.485294061797	0.142857142857	0.04	0.84	0.328947368421	0.0131578947368	1351.0	-0.0921052631579	45.0	0.0	0.0
Strigamia_maritima	GCA	A	G	0.0	0.535570259344	0.333333333333	0.0740740740741	0.814814814815	0.380281690141	0.0422535211268	1351.0	0.0517737296261	44.0	0.0	0.0
Strigamia_maritima	GCC	A	G	0.0	0.535570259344	0.125	0.0625	0.875	0.225352112676	0.0422535211268	1351.0	-0.0925039872408	47.0	0.0	0.0
Caenorhabditis	GCA	A	G	0.0	0.859472329458	0.166666666667	0.05	0.65	0.3125	0.0625	1346.0	-0.63881748072	44.0	0.0	0.0
Caenorhabditis	GCT	A	G	0.0	0.859472329458	0.428571428571	0.0833333333333	0.694444444444	0.5625	0.0625	1346.0	-0.086524822695	45.0	0.0	0.0
Homo	GCA	A	G	0.0	0.158270873768	0.125	0.0384615384615	0.769230769231	0.337662337662	0.0519480519481	1351.0	-0.31862745098	44.0	0.0	0.0
Homo	GCC	A	G	0.0	0.158270873768	0.111111111111	0.025641025641	0.974358974359	0.506493506494	0.0519480519481	1351.0	-0.199089134678	47.0	0.0	0.0
Homo	GCT	A	G	0.0	0.158270873768	0.5	0.181818181818	0.818181818182	0.142857142857	0.0519480519481	1351.0	0.482352941176	45.0	0.0	0.0
Ascidiella_aspersa	GCA	A	G	0.0	0.0313725449578	0.25	0.142857142857	0.714285714286	0.122807017544	0.0350877192982	1350.0	0.529197080292	44.0	0.0	0.0
Ascidiella_aspersa	GCG	A	G	0.0	0.0313725449578	0.2	0.142857142857	0.571428571429	0.122807017544	0.0350877192982	1350.0	-0.0833333333333	46.0	0.0	0.0
Saccoglossus	GCA	A	G	0.0	0.842331713952	0.142857142857	0.0285714285714	0.857142857143	0.443037974684	0.0253164556962	1351.0	-0.248356464573	44.0	0.0	0.0
Saccoglossus	GCT	A	G	0.0	0.842331713952	0.111111111111	0.037037037037	0.925925925926	0.341772151899	0.0253164556962	1351.0	-0.2663507109	45.0	0.0	0.0