### Random Forest prediction
genome	codon	ori_aa	rea_aa	fitch	Fisher_pval	Gene_frac	N._rea	N._used	Cod._count	Sub._count	G._len	codon_lik	id	prediction	probability
Metaseiulus_occidentalis	AGT	S	N	0.0	0.114035072577	0.2	0.125	0.5	0.0975609756098	0.0121951219512	1280.0	0.916932907348	9.0	0.0	0.0
Aphrocallistes_vastus	TCT	S	N	3.0	0.449999941307	0.142857142857	0.0555555555556	0.888888888889	0.285714285714	0.015873015873	1349.0	0.650997150997	29.0	0.0	0.052
Schistosoma	TCT	S	N	0.0	0.336378654471	0.375	0.131578947368	0.368421052632	0.395833333333	0.0625	1325.0	0.566216216216	29.0	0.0	0.0
Schistosoma	AGT	S	N	0.0	0.336378654471	0.1	0.03125	0.40625	0.333333333333	0.0625	1325.0	0.115170770453	9.0	0.0	0.0
Fasciola	TCT	S	N	0.0	0.688455694495	0.2	0.0576923076923	0.384615384615	0.52	0.07	1332.0	0.284102060844	29.0	0.0	0.0
Fasciola	AGT	S	N	0.0	0.688455694495	0.3	0.0833333333333	0.555555555556	0.36	0.07	1332.0	0.629656160458	9.0	0.0	0.0
Fasciola	TCC	S	N	0.0	0.688455694495	0.2	0.166666666667	0.333333333333	0.06	0.07	1332.0	0.255319148936	31.0	0.0	0.0
Trichobilharzia_regenti	TCT	S	N	0.0	0.66446925684	0.25	0.108108108108	0.567567567568	0.37	0.06	1324.0	0.790277777778	29.0	0.0	0.0
Trichobilharzia_regenti	AGT	S	N	0.0	0.66446925684	0.111111111111	0.0222222222222	0.333333333333	0.45	0.06	1324.0	-0.220022624434	9.0	0.0	0.0
Trichobilharzia_regenti	TCA	S	N	0.0	0.66446925684	0.25	0.166666666667	0.666666666667	0.06	0.06	1324.0	1.1186440678	28.0	0.0	0.0
Versteria_mustelae	TCT	S	N	0.0	0.351190145203	0.272727272727	0.0754716981132	0.377358490566	0.5	0.0943396226415	1328.0	0.0300242130751	29.0	0.0	0.0
Versteria_mustelae	AGC	S	N	0.0	0.351190145203	1.0	1.0	0.0	0.00943396226415	0.0943396226415	1328.0	5.275	11.0	0.0	0.046
Versteria_mustelae	AGT	S	N	0.0	0.351190145203	0.333333333333	0.108108108108	0.405405405405	0.349056603774	0.0943396226415	1328.0	0.476648351648	9.0	0.0	0.0
Versteria_mustelae	TCA	S	N	0.0	0.351190145203	0.142857142857	0.142857142857	0.285714285714	0.0660377358491	0.0943396226415	1328.0	0.699633699634	28.0	0.0	0.0
Haplorchis_taichui	TCT	S	N	0.0	0.120978120546	0.25	0.046511627907	0.348837209302	0.494252873563	0.0689655172414	1320.0	0.0459153249851	29.0	0.0	0.001
Haplorchis_taichui	AGC	S	N	0.0	0.120978120546	0.166666666667	0.142857142857	0.285714285714	0.0804597701149	0.0689655172414	1320.0	0.498168498168	11.0	0.0	0.0
Haplorchis_taichui	TCG	S	N	0.0	0.120978120546	0.166666666667	0.2	0.3	0.114942528736	0.0689655172414	1320.0	0.612820512821	30.0	0.0	0.0
Haplorchis_taichui	TCA	S	N	0.0	0.120978120546	0.25	0.25	0.25	0.0459770114943	0.0689655172414	1320.0	1.72611464968	28.0	0.0	0.0
Halocynthia	AGT	S	N	1.0	0.423317286695	0.2	0.0625	0.65625	0.359550561798	0.0224719101124	1348.0	0.432237369687	9.0	0.0	0.0
Echinococcus_equinus	TCT	S	N	0.0	0.675850077668	0.2	0.0487804878049	0.439024390244	0.488095238095	0.0833333333333	1331.0	0.238185255198	29.0	0.0	0.0
Echinococcus_equinus	TCG	S	N	0.0	0.675850077668	0.2	0.125	0.5	0.0952380952381	0.0833333333333	1331.0	0.160377358491	30.0	0.0	0.0
Echinococcus_equinus	AGT	S	N	0.0	0.675850077668	0.285714285714	0.130434782609	0.521739130435	0.27380952381	0.0833333333333	1331.0	0.623059866962	9.0	0.0	0.0
Echinococcus_equinus	TCA	S	N	0.0	0.675850077668	0.125	0.1	0.3	0.119047619048	0.0833333333333	1331.0	-0.0356234096692	28.0	0.0	0.0
Taenia_crassiceps	TCT	S	N	0.0	0.757195707848	0.0909090909091	0.0909090909091	0.318181818182	0.427184466019	0.0776699029126	1333.0	0.256304985337	29.0	0.0	0.0
Taenia_crassiceps	AGT	S	N	0.0	0.757195707848	0.333333333333	0.0833333333333	0.472222222222	0.349514563107	0.0776699029126	1333.0	0.468130311615	9.0	0.0	0.0
Taenia_crassiceps	TCA	S	N	0.0	0.757195707848	0.25	0.0666666666667	0.666666666667	0.145631067961	0.0776699029126	1333.0	0.511111111111	28.0	0.0	0.0
Terebratulina	TCT	S	N	2.0	0.401639290493	0.1	0.0416666666667	0.75	0.333333333333	0.0138888888889	1351.0	0.478121664888	29.0	0.0	0.0
Amphimedon_queenslandica	AGT	S	N	3.0	0.394366163144	0.142857142857	0.0714285714286	0.928571428571	0.186666666667	0.0133333333333	1351.0	0.750915750916	9.0	0.0	0.056
Tetrancistrum_nebulosi	TCT	S	N	0.0	0.91155852115	0.375	0.131578947368	0.421052631579	0.417582417582	0.0989010989011	1333.0	0.606877950101	29.0	0.0	0.0
Tetrancistrum_nebulosi	AGT	S	N	0.0	0.91155852115	0.333333333333	0.12	0.28	0.274725274725	0.0989010989011	1333.0	-0.0418794688458	9.0	0.0	0.0
Tetrancistrum_nebulosi	TCA	S	N	0.0	0.91155852115	0.142857142857	0.1	0.5	0.10989010989	0.0989010989011	1333.0	0.585677749361	28.0	0.0	0.0
Trichinella	TCC	S	N	1.0	0.807624094192	0.166666666667	0.0625	0.5	0.190476190476	0.0238095238095	1343.0	0.332268370607	31.0	0.0	0.0
Trichinella	TCA	S	N	1.0	0.807624094192	0.111111111111	0.0454545454545	0.590909090909	0.261904761905	0.0238095238095	1343.0	-0.020979020979	28.0	0.0	0.0
Acropora	AGT	S	N	4.0	0.221428539369	0.166666666667	0.0714285714286	0.857142857143	0.175	0.0125	1350.0	0.901996370236	9.0	0.0	0.06
Pseudogarypus_banksi	AGT	S	N	1.0	0.100507976194	0.333333333333	0.142857142857	0.285714285714	0.0786516853933	0.0224719101124	1347.0	0.330935251799	9.0	0.0	0.0
Pseudogarypus_banksi	TCA	S	N	1.0	0.100507976194	0.1	0.0333333333333	0.533333333333	0.337078651685	0.0224719101124	1347.0	-0.0728363324764	28.0	0.0	0.0
Benedenia_hoshinai	TCT	S	N	0.0	0.43717754471	0.1	0.0566037735849	0.433962264151	0.469026548673	0.0619469026549	1333.0	0.316297010608	29.0	0.0	0.0
Benedenia_hoshinai	AGT	S	N	0.0	0.43717754471	0.111111111111	0.0606060606061	0.424242424242	0.29203539823	0.0619469026549	1333.0	0.0682170542636	9.0	0.0	0.0
Benedenia_hoshinai	TCC	S	N	0.0	0.43717754471	0.166666666667	0.142857142857	0.142857142857	0.0619469026549	0.0619469026549	1333.0	-0.54347826087	31.0	0.0	0.0
Benedenia_hoshinai	TCA	S	N	0.0	0.43717754471	0.25	0.142857142857	0.428571428571	0.0619469026549	0.0619469026549	1333.0	0.881918819188	28.0	0.0	0.0
Myxine	AGC	S	N	3.0	0.106666648253	0.2	0.0909090909091	0.636363636364	0.118279569892	0.010752688172	1350.0	0.615023474178	11.0	0.0	0.06
Ciona	AGT	S	N	0.0	0.386024403585	0.125	0.0740740740741	0.777777777778	0.287234042553	0.0212765957447	1348.0	0.589573459716	9.0	0.0	0.0
Caenorhabditis	TCT	S	N	0.0	0.86458328658	0.111111111111	0.0434782608696	0.521739130435	0.396551724138	0.0344827586207	1346.0	0.229471316085	29.0	0.0	0.0
Caenorhabditis	TCA	S	N	0.0	0.86458328658	0.125	0.0526315789474	0.526315789474	0.327586206897	0.0344827586207	1346.0	0.274965800274	28.0	0.0	0.0
Homo	AGT	S	N	3.0	0.0333333264283	0.2	0.2	0.4	0.0617283950617	0.0123456790123	1351.0	1.08629441624	9.0	0.0	0.065
Ascidiella_aspersa	TCT	S	N	1.0	0.906994015508	0.111111111111	0.0277777777778	0.666666666667	0.378947368421	0.0210526315789	1350.0	0.176176890157	29.0	0.0	0.0
Ascidiella_aspersa	AGT	S	N	1.0	0.906994015508	0.111111111111	0.0416666666667	0.583333333333	0.252631578947	0.0210526315789	1350.0	0.609860664523	9.0	0.0	0.0