### Random Forest prediction
genome	codon	ori_aa	rea_aa	fitch	Fisher_pval	Gene_frac	N._rea	N._used	Cod._count	Sub._count	G._len	codon_lik	id	prediction	probability
Paracentrotus	GCC	A	T	1.0	0.151124577056	0.125	0.03125	0.6875	0.380952380952	0.0357142857143	1351.0	0.0253766851705	47.0	0.0	0.0
Paracentrotus	GCT	A	T	1.0	0.151124577056	0.125	0.0625	0.875	0.190476190476	0.0357142857143	1351.0	0.124600638978	45.0	0.0	0.0
Paracentrotus	GCG	A	T	1.0	0.151124577056	0.25	0.142857142857	0.857142857143	0.0833333333333	0.0357142857143	1351.0	0.885185185185	46.0	0.0	0.0
Aphrocallistes_vastus	GCA	A	T	0.0	0.863883800555	0.111111111111	0.025	0.725	0.512820512821	0.025641025641	1349.0	-0.0314707771355	44.0	0.0	0.0
Aphrocallistes_vastus	GCT	A	T	0.0	0.863883800555	0.125	0.0454545454545	0.636363636364	0.282051282051	0.025641025641	1349.0	-0.0843930635838	45.0	0.0	0.0
Patiria	GCA	A	T	0.0	0.471830934857	0.166666666667	0.0454545454545	0.909090909091	0.297297297297	0.0135135135135	1351.0	-0.0221445221445	44.0	0.0	0.0
Daphnia	GCC	A	T	0.0	0.47580640428	0.142857142857	0.0555555555556	0.888888888889	0.264705882353	0.0147058823529	1351.0	-0.0156918687589	47.0	0.0	0.0
Lumbricus	GCC	A	T	1.0	0.0939897572382	0.25	0.0869565217391	0.739130434783	0.2875	0.025	1350.0	0.280936454849	47.0	0.0	0.0
Halocynthia	GCA	A	T	0.0	0.485714230755	0.111111111111	0.0625	0.75	0.253968253968	0.031746031746	1348.0	0.038338658147	44.0	0.0	0.0
Halocynthia	GCT	A	T	0.0	0.485714230755	0.111111111111	0.027027027027	0.783783783784	0.587301587302	0.031746031746	1348.0	-0.0628887353144	45.0	0.0	0.0
Axinella	GCC	A	T	0.0	0.833333275791	0.142857142857	0.0416666666667	0.958333333333	0.289156626506	0.0120481927711	1348.0	0.0426439232409	47.0	0.0	0.0
Terebratulina	GCC	A	T	1.0	0.775362241284	0.125	0.0263157894737	0.789473684211	0.452380952381	0.0119047619048	1351.0	0.0685944855414	47.0	0.0	0.0
Suberites_domuncula	GCG	A	T	0.0	0.23134325524	0.125	0.0714285714286	0.714285714286	0.184210526316	0.0131578947368	1351.0	0.0198915009042	46.0	0.0	0.0
Bfloridae	GCA	A	T	0.0	0.219703965502	0.2	0.0909090909091	0.909090909091	0.22	0.04	777.0	0.268181818182	44.0	0.0	0.015
Bfloridae	GCG	A	T	0.0	0.219703965502	0.166666666667	0.111111111111	0.666666666667	0.18	0.04	777.0	0.145658263305	46.0	0.0	0.018
Katharina	GCT	A	T	0.0	0.844755191156	0.1	0.0526315789474	0.921052631579	0.5	0.0263157894737	1348.0	0.184760620364	45.0	0.0	0.0
Geodia	GCC	A	T	1.0	0.249341507498	0.166666666667	0.125	0.75	0.101265822785	0.0253164556962	1350.0	0.4	47.0	0.0	0.0
Geodia	GCT	A	T	1.0	0.249341507498	0.1	0.0232558139535	0.860465116279	0.544303797468	0.0253164556962	1350.0	-0.100413467218	45.0	0.0	0.0
Metridium	GCC	A	T	0.0	0.851217604644	0.142857142857	0.0434782608696	0.95652173913	0.277108433735	0.0240963855422	1351.0	0.149336283186	47.0	0.0	0.0
Metridium	GCT	A	T	0.0	0.851217604644	0.111111111111	0.0263157894737	0.868421052632	0.457831325301	0.0240963855422	1351.0	-0.0463087248322	45.0	0.0	0.0
Amphimedon_queenslandica	GCG	A	T	0.0	0.114338197019	0.222222222222	0.103448275862	0.724137931034	0.349397590361	0.0361445783133	1351.0	0.0554577464789	46.0	0.0	0.0
Balanoglossus	GCC	A	T	0.0	0.655486516424	0.1	0.03125	0.78125	0.410256410256	0.025641025641	1351.0	-0.175019888624	47.0	0.0	0.0
Balanoglossus	GCT	A	T	0.0	0.655486516424	0.142857142857	0.0666666666667	0.866666666667	0.192307692308	0.025641025641	1351.0	0.222222222222	45.0	0.0	0.0
Acropora	GCT	A	T	0.0	0.590571183058	0.222222222222	0.0666666666667	0.8	0.37037037037	0.0246913580247	1350.0	0.00338409475465	45.0	0.0	0.0
Myxine	GCC	A	T	0.0	0.196969655121	0.166666666667	0.0588235294118	0.882352941176	0.22972972973	0.0135135135135	1350.0	0.0313432835821	47.0	0.0	0.0
Ciona	GCA	A	T	0.0	0.156249967632	0.166666666667	0.1	0.8	0.185185185185	0.0185185185185	1348.0	0.027989821883	44.0	0.0	0.0
Epigonichthys	GCA	A	T	0.0	0.685635092342	0.142857142857	0.0384615384615	0.923076923077	0.342105263158	0.0263157894737	1351.0	0.0975369458128	44.0	0.0	0.0
Epigonichthys	GCG	A	T	0.0	0.685635092342	0.125	0.0526315789474	0.842105263158	0.25	0.0263157894737	1351.0	0.102150537634	46.0	0.0	0.0
Strigamia_maritima	GCA	A	T	4.0	0.814516064993	0.166666666667	0.037037037037	0.814814814815	0.380281690141	0.0140845070423	1351.0	0.0824544582934	44.0	0.0	0.051
Caenorhabditis	GCA	A	T	0.0	0.255813897284	0.166666666667	0.05	0.65	0.3125	0.015625	1346.0	-0.212082262211	44.0	0.0	0.0
Homo	GCA	A	T	1.0	0.173291908954	0.25	0.0769230769231	0.769230769231	0.337662337662	0.025974025974	1351.0	0.0303921568627	44.0	0.0	0.0
Ascidiella_aspersa	GCG	A	T	1.0	0.149999982737	0.2	0.142857142857	0.571428571429	0.122807017544	0.0175438596491	1350.0	0.0108695652174	46.0	0.0	0.0
Blanceolatum	GCC	A	T	0.0	0.371980656314	0.25	0.125	0.625	0.150943396226	0.0377358490566	775.0	0.028125	47.0	0.0	0.023
Blanceolatum	GCT	A	T	0.0	0.371980656314	0.166666666667	0.0434782608696	0.826086956522	0.433962264151	0.0377358490566	775.0	-0.0294117647059	45.0	0.0	0.007
Saccoglossus	GCA	A	T	0.0	0.781690065473	0.142857142857	0.0285714285714	0.857142857143	0.443037974684	0.0126582278481	1351.0	-0.0204528853178	44.0	0.0	0.0