### Random Forest prediction
genome	codon	ori_aa	rea_aa	fitch	Fisher pval	Gene frac	N. rea	N. used	Cod. count	Sub. count	G. len	codon_lik	id	prediction	probability
Paracentrotus	GCC	A	S	0.0	0.649620081895	0.25	0.0740740740741	0.740740740741	0.409090909091	0.030303030303	979.0	0.628881987578	47.0	0.0	0.005
Schistosoma	GCT	A	S	0.0	0.882517441956	0.5	0.1875	0.375	0.761904761905	0.190476190476	842.0	0.526315789474	45.0	0.0	0.054
Schistosoma	GCG	A	S	0.0	0.882517441956	0.5	0.5	0.5	0.0952380952381	0.190476190476	842.0	1.86956521739	46.0	0.0	0.08
Fasciola	GCA	A	S	0.0	0.368550040577	0.5	0.5	0.5	0.0606060606061	0.151515151515	878.0	1.65217391304	44.0	0.0	0.066
Fasciola	GCT	A	S	0.0	0.368550040577	0.4	0.173913043478	0.347826086957	0.69696969697	0.151515151515	878.0	0.609665427509	45.0	0.0	0.041
Lumbricus	GCA	A	S	0.0	0.65682228702	0.2	0.0434782608696	0.826086956522	0.323943661972	0.056338028169	977.0	0.765249537893	44.0	0.0	0.001
Lumbricus	GCC	A	S	0.0	0.65682228702	0.4	0.0909090909091	0.636363636364	0.30985915493	0.056338028169	977.0	0.665338645418	47.0	0.0	0.001
Lumbricus	GCT	A	S	0.0	0.65682228702	0.2	0.0454545454545	0.863636363636	0.30985915493	0.056338028169	977.0	0.808219178082	45.0	0.0	0.001
Halocynthia	GCA	A	S	0.0	0.280923331264	0.25	0.111111111111	0.666666666667	0.183673469388	0.0612244897959	963.0	1.09708737864	44.0	0.0	0.005
Halocynthia	GCT	A	S	0.0	0.280923331264	0.2	0.0333333333333	0.833333333333	0.612244897959	0.0612244897959	963.0	0.71388101983	45.0	0.0	0.001
Halocynthia	GCG	A	S	0.0	0.280923331264	0.333333333333	0.166666666667	0.666666666667	0.122448979592	0.0612244897959	963.0	1.39160839161	46.0	0.0	0.005
Limulus	GCA	A	S	0.0	0.863237825371	0.2	0.037037037037	0.925925925926	0.435483870968	0.0322580645161	979.0	0.944620253165	44.0	0.0	0.005
Limulus	GCT	A	S	0.0	0.863237825371	0.2	0.0526315789474	0.894736842105	0.306451612903	0.0322580645161	979.0	0.829545454545	45.0	0.0	0.005
Caenorhabditis	GCC	A	S	0.0	0.0545717311885	0.333333333333	0.333333333333	0.333333333333	0.0566037735849	0.11320754717	959.0	0.777777777778	47.0	0.0	0.196
Caenorhabditis	GCT	A	S	0.0	0.0545717311885	0.8	0.166666666667	0.633333333333	0.566037735849	0.11320754717	959.0	0.941512125535	45.0	0.0	0.14
Axinella	GCA	A	S	0.0	0.120084683529	0.5	0.111111111111	0.722222222222	0.276923076923	0.0307692307692	977.0	0.560859188544	44.0	0.0	0.055
Terebratulina	GCA	A	S	0.0	0.523246054825	0.4	0.1	0.8	0.307692307692	0.107692307692	977.0	0.850746268657	44.0	0.0	0.001
Terebratulina	GCC	A	S	0.0	0.523246054825	0.6	0.15625	0.78125	0.492307692308	0.107692307692	977.0	1.02536715621	47.0	0.0	0.009
Bfloridae	GCT	A	S	0.0	0.777777701055	0.5	0.125	0.875	0.444444444444	0.0555555555556	321.0	0.873737373737	45.0	0.0	0.011
Katharina	GCA	A	S	0.0	0.0472850650613	0.4	0.181818181818	0.636363636364	0.196428571429	0.0535714285714	976.0	0.919847328244	44.0	0.0	0.138
Katharina	GCG	A	S	0.0	0.0472850650613	0.25	0.1	0.9	0.178571428571	0.0535714285714	976.0	1.20689655172	46.0	0.0	0.136
Geodia	GCA	A	S	1.0	0.37999995857	0.2	0.0588235294118	0.647058823529	0.27868852459	0.016393442623	979.0	0.406649616368	44.0	0.0	0.005
Metridium	GCC	A	S	1.0	0.0197399159518	0.2	0.0416666666667	0.833333333333	0.363636363636	0.0454545454545	979.0	0.681898066784	47.0	0.0	0.136
Metridium	GCG	A	S	1.0	0.0197399159518	0.25	0.25	0.625	0.121212121212	0.0454545454545	979.0	0.994623655914	46.0	0.0	0.157
Acropora	GCA	A	S	0.0	0.879553820809	0.25	0.0769230769231	0.846153846154	0.206349206349	0.0793650793651	978.0	0.97385620915	44.0	0.0	0.005
Acropora	GCT	A	S	0.0	0.879553820809	0.4	0.0740740740741	0.851851851852	0.428571428571	0.0793650793651	978.0	0.897926634769	45.0	0.0	0.001
Acropora	GCG	A	S	0.0	0.879553820809	0.4	0.125	0.8125	0.253968253968	0.0793650793651	978.0	0.906849315068	46.0	0.0	0.001
Trichinella	GCA	A	S	0.0	0.361413023776	0.25	0.0555555555556	0.555555555556	0.473684210526	0.0789473684211	866.0	0.167070217918	44.0	0.0	0.006
Trichinella	GCT	A	S	0.0	0.361413023776	0.5	0.166666666667	0.416666666667	0.315789473684	0.0789473684211	866.0	0.535971223022	45.0	0.0	0.017
Balanoglossus	GCT	A	S	4.0	0.053005457123	0.2	0.142857142857	0.785714285714	0.208955223881	0.0298507462687	978.0	0.975609756098	45.0	0.0	0.183
Drosophila	GCT	A	S	0.0	0.736119137415	0.4	0.0454545454545	0.931818181818	0.72131147541	0.0327868852459	979.0	0.894941634241	45.0	0.0	0.005
Myxine	GCA	A	S	3.0	0.318823508697	0.4	0.1	0.8	0.344827586207	0.0344827586207	979.0	0.958785249458	44.0	0.0	0.06
Saccoglossus	GCA	A	S	4.0	0.239265513024	0.25	0.0357142857143	0.928571428571	0.444444444444	0.031746031746	978.0	0.863221884498	44.0	0.0	0.06
Saccoglossus	GCC	A	S	4.0	0.239265513024	0.2	0.1	0.8	0.15873015873	0.031746031746	978.0	1.22413793103	47.0	0.0	0.069
Daphnia	GCA	A	S	0.0	0.430985858686	0.25	0.125	0.8125	0.262295081967	0.0491803278689	979.0	1.06451612903	44.0	0.0	0.001
Daphnia	GCT	A	S	0.0	0.430985858686	0.2	0.0526315789474	0.947368421053	0.311475409836	0.0491803278689	979.0	0.986754966887	45.0	0.0	0.001
Homo	GCA	A	S	3.0	0.107843106791	0.25	0.0833333333333	0.666666666667	0.203389830508	0.0169491525424	978.0	0.364285714286	44.0	0.0	0.107
Blanceolatum	GCA	A	S	0.0	0.305555526784	1.0	0.333333333333	0.666666666667	0.166666666667	0.0555555555556	321.0	1.65333333333	44.0	0.0	0.076
Epigonichthys	GCA	A	S	1.0	0.887218006174	0.2	0.047619047619	0.904761904762	0.344262295082	0.0327868852459	978.0	0.933471933472	44.0	0.0	0.005
Epigonichthys	GCT	A	S	1.0	0.887218006174	0.25	0.05	0.85	0.327868852459	0.0327868852459	978.0	0.766666666667	45.0	0.0	0.005