### Random Forest prediction
genome	codon	ori_aa	rea_aa	fitch	Fisher_pval	Gene_frac	N._rea	N._used	Cod._count	Sub._count	G._len	codon_lik	id	prediction	probability
Metaseiulus_occidentalis	ACT	T	L	0.0	0.739999910234	0.1	0.03125	0.78125	0.533333333333	0.0166666666667	1280.0	-0.548878205128	13.0	0.0	0.0
Paracentrotus	ACT	T	L	0.0	0.42452825303	0.125	0.0625	0.875	0.290909090909	0.0181818181818	1351.0	-0.442307692308	13.0	0.0	0.0
Aphrocallistes_vastus	ACC	T	L	0.0	0.470676660579	0.166666666667	0.0909090909091	0.818181818182	0.150684931507	0.041095890411	1349.0	-0.81220657277	15.0	0.0	0.0
Aphrocallistes_vastus	ACA	T	L	0.0	0.470676660579	0.222222222222	0.0425531914894	0.659574468085	0.643835616438	0.041095890411	1349.0	-0.631780821918	12.0	0.0	0.0
Schistosoma	ACG	T	L	0.0	0.5076922652	0.5	0.166666666667	0.666666666667	0.171428571429	0.0571428571429	1325.0	-0.5	14.0	0.0	0.0
Schistosoma	ACT	T	L	0.0	0.5076922652	0.166666666667	0.0454545454545	0.681818181818	0.628571428571	0.0571428571429	1325.0	-1.06046511628	13.0	0.0	0.0
Fasciola	ACC	T	L	0.0	0.31955642551	0.333333333333	0.333333333333	0.666666666667	0.0681818181818	0.0454545454545	1332.0	0.35593220339	15.0	0.0	0.011
Fasciola	ACT	T	L	0.0	0.31955642551	0.1	0.0294117647059	0.705882352941	0.772727272727	0.0454545454545	1332.0	-0.776435045317	13.0	0.0	0.0
Versteria_mustelae	ACG	T	L	0.0	0.0606060524297	0.5	0.5	0.5	0.078431372549	0.078431372549	1328.0	0.544303797468	14.0	0.0	0.055
Versteria_mustelae	ACT	T	L	0.0	0.0606060524297	0.1	0.0444444444444	0.644444444444	0.882352941176	0.078431372549	1328.0	-1.01542857143	13.0	0.0	0.0
Euseius_nicholsi	ACA	T	L	0.0	0.799999930949	0.166666666667	0.0454545454545	0.772727272727	0.407407407407	0.0185185185185	1296.0	-0.806039488966	12.0	0.0	0.0
Patiria	ACT	T	L	0.0	0.209090874566	0.166666666667	0.0909090909091	0.909090909091	0.186440677966	0.0169491525424	1351.0	-0.489559164733	13.0	0.0	0.0
Lumbricus	ACT	T	L	0.0	0.424528240002	0.142857142857	0.047619047619	0.857142857143	0.362068965517	0.0172413793103	1350.0	-0.794334975369	13.0	0.0	0.0
Limulus	ACA	T	L	0.0	0.745454457572	0.111111111111	0.0333333333333	0.9	0.526315789474	0.0175438596491	1351.0	-0.790657439446	12.0	0.0	0.0
Echinococcus_equinus	ACG	T	L	0.0	0.0777777701055	0.285714285714	0.181818181818	0.545454545455	0.2	0.0363636363636	1331.0	-0.495348837209	14.0	0.0	0.0
Taenia_crassiceps	ACT	T	L	0.0	0.826635786518	0.222222222222	0.0789473684211	0.631578947368	0.703703703704	0.0555555555556	1333.0	-0.841291190316	13.0	0.0	0.0
Axinella	ACA	T	L	0.0	0.79090901872	0.166666666667	0.04	0.88	0.431034482759	0.0344827586207	1348.0	-0.744306418219	12.0	0.0	0.0
Axinella	ACT	T	L	0.0	0.79090901872	0.111111111111	0.0357142857143	0.928571428571	0.48275862069	0.0344827586207	1348.0	-0.752073732719	13.0	0.0	0.0
Terebratulina	ACA	T	L	0.0	0.392156808588	0.166666666667	0.0588235294118	0.882352941176	0.293103448276	0.0172413793103	1351.0	-0.43119266055	12.0	0.0	0.0
Suberites_domuncula	ACA	T	L	0.0	0.822141499392	0.111111111111	0.0333333333333	0.9	0.5	0.0333333333333	1351.0	-0.679065743945	12.0	0.0	0.0
Suberites_domuncula	ACT	T	L	0.0	0.822141499392	0.142857142857	0.047619047619	0.952380952381	0.35	0.0333333333333	1351.0	-0.734643734644	13.0	0.0	0.0
Bfloridae	ACG	T	L	2.0	0.653679629766	0.5	0.25	0.75	0.181818181818	0.0909090909091	777.0	-0.2625	14.0	0.0	0.034
Bfloridae	ACT	T	L	2.0	0.653679629766	0.333333333333	0.125	0.875	0.363636363636	0.0909090909091	777.0	-0.617554858934	13.0	0.0	0.003
Geodia	ACA	T	L	0.0	0.0600978274098	0.2	0.0714285714286	0.857142857143	0.25	0.0357142857143	1350.0	-0.397031539889	12.0	0.0	0.0
Geodia	ACG	T	L	0.0	0.0600978274098	0.333333333333	0.25	0.75	0.0714285714286	0.0357142857143	1350.0	0.238709677419	14.0	0.0	0.0
Amphimedon_queenslandica	ACT	T	L	0.0	0.249999963008	0.2	0.0769230769231	0.846153846154	0.220338983051	0.0169491525424	1351.0	-0.760869565217	13.0	0.0	0.0
Tetrancistrum_nebulosi	ACG	T	L	0.0	0.424242392856	0.2	0.125	0.625	0.145454545455	0.0181818181818	1333.0	-0.663461538462	14.0	0.0	0.0
Trichinella	ACC	T	L	0.0	0.568588746785	0.25	0.0714285714286	0.857142857143	0.194444444444	0.125	1343.0	-0.701688555347	15.0	0.0	0.0
Trichinella	ACA	T	L	0.0	0.568588746785	0.571428571429	0.15	0.6	0.555555555556	0.125	1343.0	-0.148412184057	12.0	0.0	0.0
Trichinella	ACG	T	L	0.0	0.568588746785	0.333333333333	0.2	0.4	0.0694444444444	0.125	1343.0	-0.522613065327	14.0	0.0	0.0
Trichinella	ACT	T	L	0.0	0.568588746785	0.142857142857	0.0769230769231	0.384615384615	0.180555555556	0.125	1343.0	-0.529296875	13.0	0.0	0.0
Balanoglossus	ACA	T	L	0.0	0.187499947595	0.166666666667	0.0588235294118	0.941176470588	0.298245614035	0.0175438596491	1351.0	-0.723664122137	12.0	0.0	0.0
Pseudogarypus_banksi	ACT	T	L	0.0	0.313598487192	0.111111111111	0.0857142857143	0.714285714286	0.538461538462	0.0461538461538	1347.0	-0.524578136464	13.0	0.0	0.0
Benedenia_hoshinai	ACA	T	L	0.0	0.21428567976	0.142857142857	0.0714285714286	0.428571428571	0.264150943396	0.0188679245283	1333.0	-0.527777777778	12.0	0.0	0.0
Myxine	ACC	T	L	0.0	0.595307188053	0.166666666667	0.0714285714286	0.928571428571	0.229508196721	0.0491803278689	1350.0	-0.57326007326	15.0	0.0	0.0
Myxine	ACA	T	L	0.0	0.595307188053	0.25	0.08	0.76	0.409836065574	0.0491803278689	1350.0	-0.715025906736	12.0	0.0	0.0
Epigonichthys	ACC	T	L	0.0	0.545386181073	0.2	0.0909090909091	0.909090909091	0.186440677966	0.0508474576271	1351.0	-0.657957244656	15.0	0.0	0.0
Epigonichthys	ACA	T	L	0.0	0.545386181073	0.142857142857	0.0526315789474	0.894736842105	0.322033898305	0.0508474576271	1351.0	-0.611940298507	12.0	0.0	0.0
Epigonichthys	ACG	T	L	0.0	0.545386181073	0.2	0.0909090909091	0.818181818182	0.186440677966	0.0508474576271	1351.0	-0.348946135831	14.0	0.0	0.0
Strigamia_maritima	ACA	T	L	0.0	0.759615301622	0.142857142857	0.0357142857143	0.857142857143	0.474576271186	0.0169491525424	1351.0	-0.638888888889	12.0	0.0	0.0
Caenorhabditis	ACA	T	L	0.0	0.758536502	0.111111111111	0.0263157894737	0.552631578947	0.575757575758	0.030303030303	1346.0	-0.997286295794	12.0	0.0	0.0
Caenorhabditis	ACT	T	L	0.0	0.758536502	0.166666666667	0.0384615384615	0.653846153846	0.393939393939	0.030303030303	1346.0	-0.909722222222	13.0	0.0	0.0
Ascidiella_aspersa	ACC	T	L	0.0	0.517970375414	0.142857142857	0.0714285714286	0.785714285714	0.264150943396	0.0377358490566	1350.0	-0.760667903525	15.0	0.0	0.0
Ascidiella_aspersa	ACA	T	L	0.0	0.517970375414	0.166666666667	0.0769230769231	0.846153846154	0.245283018868	0.0377358490566	1350.0	-0.935871743487	12.0	0.0	0.0
Blanceolatum	ACT	T	L	2.0	0.183333321003	1.0	0.333333333333	0.666666666667	0.285714285714	0.0952380952381	775.0	0.0251046025105	13.0	0.0	0.137
Saccoglossus	ACC	T	L	0.0	0.142857112031	0.125	0.0909090909091	0.818181818182	0.177419354839	0.0161290322581	1351.0	-0.583720930233	15.0	0.0	0.0