### Random Forest prediction
genome	codon	ori_aa	rea_aa	fitch	Fisher pval	Gene frac	N. rea	N. used	Cod. count	Sub. count	G. len	codon_lik	id	prediction
Paracentrotus	ACC	T	S	0.0	0.0074182481481	0.428571428571	0.181818181818	0.454545454545	0.229166666667	0.0625	1926.0	0.629103815439	15.0	0.0
Paracentrotus	ACA	T	S	0.0	0.0074182481481	0.111111111111	0.0222222222222	0.711111111111	0.46875	0.0625	1926.0	0.44182052383	12.0	0.0
Paracentrotus	ACG	T	S	0.0	0.0074182481481	0.25	0.25	0.25	0.0416666666667	0.0625	1926.0	0.257281553398	14.0	0.0
Caenorhabditis	ACC	T	S	0.0	0.0575581112392	0.333333333333	0.25	0.0	0.0481927710843	0.0843373493976	1865.0	0.70202020202	15.0	0.0
Caenorhabditis	ACA	T	S	0.0	0.0575581112392	0.333333333333	0.0909090909091	0.454545454545	0.530120481928	0.0843373493976	1865.0	0.553492484527	12.0	0.0
Caenorhabditis	ACG	T	S	0.0	0.0575581112392	0.25	0.25	0.5	0.0481927710843	0.0843373493976	1865.0	1.31034482759	14.0	0.0
Caenorhabditis	ACT	T	S	0.0	0.0575581112392	0.125	0.0322580645161	0.58064516129	0.373493975904	0.0843373493976	1865.0	0.510732323232	13.0	0.0
Fasciola	ACC	T	S	0.0	0.0985199578736	0.5	0.333333333333	0.333333333333	0.0545454545455	0.127272727273	1825.0	0.77027027027	15.0	0.0
Fasciola	ACG	T	S	0.0	0.0985199578736	0.5	0.4	0.2	0.0909090909091	0.127272727273	1825.0	2.01224489796	14.0	0.0
Fasciola	ACT	T	S	0.0	0.0985199578736	0.4	0.093023255814	0.46511627907	0.781818181818	0.127272727273	1825.0	0.548063781321	13.0	0.0
Dunaliella_salina	ACA	T	S	0.0	0.13675172255	0.2	0.111111111111	0.611111111111	0.25	0.111111111111	1392.0	0.473570658037	12.0	0.0
Dunaliella_salina	ACT	T	S	0.0	0.13675172255	0.571428571429	0.162162162162	0.486486486486	0.513888888889	0.111111111111	1392.0	0.610294117647	13.0	0.0
Patiria	ACC	T	S	0.0	0.688103566685	0.1	0.0238095238095	0.666666666667	0.4	0.0190476190476	1926.0	0.421125461255	15.0	0.0
Patiria	ACT	T	S	0.0	0.688103566685	0.1	0.04	0.56	0.238095238095	0.0190476190476	1926.0	0.188361408882	13.0	0.0
Chaetosphaeridium_globosum	ACT	T	S	0.0	0.329411691593	0.125	0.0277777777778	0.972222222222	0.409090909091	0.0113636363636	1930.0	0.963258785942	13.0	0.0
Mesostigma_viride	ACA	T	S	8.0	0.48319323766	0.2	0.0444444444444	0.866666666667	0.489130434783	0.0217391304348	1873.0	0.900427350427	12.0	0.0
Pseudendoclonium_akinetum	ACA	T	S	1.0	0.846641935419	0.1	0.0322580645161	0.612903225806	0.378048780488	0.0243902439024	1930.0	0.261904761905	12.0	0.0
Pseudendoclonium_akinetum	ACT	T	S	1.0	0.846641935419	0.1	0.0277777777778	0.777777777778	0.439024390244	0.0243902439024	1930.0	0.557928457021	13.0	0.0
Lumbricus	ACA	T	S	0.0	0.17329067496	0.363636363636	0.0952380952381	0.547619047619	0.381818181818	0.0818181818182	1920.0	0.492964139809	12.0	0.0
Lumbricus	ACT	T	S	0.0	0.17329067496	0.4	0.131578947368	0.552631578947	0.345454545455	0.0818181818182	1920.0	0.67288750648	13.0	0.0
Halocynthia	ACC	T	S	0.0	0.0180157256559	1.0	1.0	0.0	0.031746031746	0.0793650793651	1893.0	2.62037037037	15.0	0.0
Halocynthia	ACA	T	S	0.0	0.0180157256559	0.166666666667	0.047619047619	0.761904761905	0.333333333333	0.0793650793651	1893.0	0.836111111111	12.0	0.0
Halocynthia	ACT	T	S	0.0	0.0180157256559	0.25	0.0540540540541	0.702702702703	0.587301587302	0.0793650793651	1893.0	1.01529535865	13.0	0.0
Limulus	ACA	T	S	0.0	0.654399341886	0.454545454545	0.1	0.64	0.537634408602	0.0752688172043	1919.0	0.737471087124	12.0	0.0
Limulus	ACT	T	S	0.0	0.654399341886	0.2	0.0833333333333	0.666666666667	0.258064516129	0.0752688172043	1919.0	0.723597359736	13.0	0.0
Bracteacoccus_aerius	ACC	T	S	0.0	0.700783920565	0.285714285714	0.105263157895	0.736842105263	0.24358974359	0.166666666667	1789.0	0.72	15.0	0.0
Bracteacoccus_aerius	ACG	T	S	0.0	0.700783920565	0.375	0.130434782609	0.695652173913	0.294871794872	0.166666666667	1789.0	0.869676320273	14.0	0.0
Bracteacoccus_aerius	ACT	T	S	0.0	0.700783920565	0.7	0.235294117647	0.705882352941	0.435897435897	0.166666666667	1789.0	1.19703026842	13.0	0.0
Oryza_sativa_J2	ACT	T	S	0.0	0.766666586107	0.111111111111	0.0357142857143	0.964285714286	0.466666666667	0.0166666666667	1446.0	0.970262793914	13.0	0.0
Pycnococcus_provasolii	ACA	T	S	0.0	0.717837810964	0.111111111111	0.0333333333333	0.866666666667	0.37037037037	0.0246913580247	1930.0	0.902517753389	12.0	0.0
Pycnococcus_provasolii	ACG	T	S	0.0	0.717837810964	0.166666666667	0.0588235294118	0.882352941176	0.20987654321	0.0246913580247	1930.0	0.807424593968	14.0	0.0
Polytoma_uvella	ACC	T	S	1.0	0.785136501517	0.5	0.0833333333333	0.666666666667	0.786885245902	0.0819672131148	1394.0	0.540690750298	15.0	0.0
Polytoma_uvella	ACT	T	S	1.0	0.785136501517	0.2	0.0769230769231	0.692307692308	0.213114754098	0.0819672131148	1394.0	0.661654135338	13.0	0.0
Axinella	ACC	T	S	0.0	0.481283858624	0.333333333333	0.142857142857	0.857142857143	0.0760869565217	0.0326086956522	1924.0	1.32085561497	15.0	0.0
Axinella	ACA	T	S	0.0	0.481283858624	0.1	0.025641025641	0.871794871795	0.423913043478	0.0326086956522	1924.0	0.797216699801	12.0	0.0
Axinella	ACT	T	S	0.0	0.481283858624	0.1	0.025	0.85	0.434782608696	0.0326086956522	1924.0	0.623733719247	13.0	0.0
Prototheca_wickerhamii	ACA	T	S	0.0	0.0350535493344	0.1	0.0344827586207	0.931034482759	0.353658536585	0.0243902439024	1924.0	0.757152361943	12.0	0.0
Prototheca_wickerhamii	ACG	T	S	0.0	0.0350535493344	0.333333333333	0.333333333333	0.666666666667	0.0365853658537	0.0243902439024	1924.0	1.61333333333	14.0	0.0
Terebratulina	ACC	T	S	0.0	0.482442845989	0.25	0.0625	0.5625	0.484848484848	0.0606060606061	1915.0	0.393778141629	15.0	0.0
Terebratulina	ACT	T	S	0.0	0.482442845989	0.375	0.111111111111	0.518518518519	0.272727272727	0.0606060606061	1915.0	0.544149318019	13.0	0.0
Chlorokybus_atmophyticus	ACA	T	S	0.0	0.856996886276	0.125	0.03125	0.96875	0.340425531915	0.0212765957447	1930.0	1.12340425532	12.0	0.0
Chlorokybus_atmophyticus	ACT	T	S	0.0	0.856996886276	0.125	0.027027027027	0.918918918919	0.393617021277	0.0212765957447	1930.0	0.692823954569	13.0	0.0
Bfloridae	ACC	T	S	0.0	0.206454843783	0.2	0.166666666667	0.333333333333	0.117647058824	0.078431372549	1192.0	0.318327974277	15.0	0.0
Bfloridae	ACA	T	S	0.0	0.206454843783	0.5	0.176470588235	0.470588235294	0.333333333333	0.078431372549	1192.0	0.646453089245	12.0	0.0
Katharina	ACA	T	S	0.0	0.363168397824	0.142857142857	0.037037037037	0.555555555556	0.317647058824	0.0823529411765	1917.0	0.471684587814	12.0	0.0
Katharina	ACG	T	S	0.0	0.363168397824	0.25	0.2	0.2	0.0588235294118	0.0823529411765	1917.0	-0.0428015564202	14.0	0.0
Katharina	ACT	T	S	0.0	0.363168397824	0.454545454545	0.104166666667	0.729166666667	0.564705882353	0.0823529411765	1917.0	0.890073831009	13.0	0.0
Metridium	ACT	T	S	0.0	0.566600026188	0.1	0.0454545454545	0.818181818182	0.505747126437	0.0229885057471	1928.0	0.732686369652	13.0	0.0
Chlamydomonas_reinhardtii	ACC	T	S	0.0	0.86185358867	0.571428571429	0.148148148148	0.666666666667	0.355263157895	0.131578947368	1389.0	0.870451237263	15.0	0.0
Chlamydomonas_reinhardtii	ACT	T	S	0.0	0.86185358867	0.428571428571	0.122448979592	0.571428571429	0.644736842105	0.131578947368	1389.0	0.570097087379	13.0	0.0
Acropora	ACT	T	S	0.0	0.778961019053	0.333333333333	0.075	0.875	0.487804878049	0.0365853658537	1926.0	0.985002418965	13.0	0.0
Trichinella	ACC	T	S	0.0	0.379829696946	0.285714285714	0.125	0.458333333333	0.201680672269	0.0840336134454	1883.0	0.489309210526	15.0	0.0
Trichinella	ACA	T	S	0.0	0.379829696946	0.5	0.10447761194	0.402985074627	0.563025210084	0.0840336134454	1883.0	0.198315911731	12.0	0.0
Bracteacoccus_minor	ACC	T	S	0.0	0.158766373111	0.285714285714	0.0769230769231	0.576923076923	0.320987654321	0.148148148148	1686.0	0.222388059701	15.0	0.0
Bracteacoccus_minor	ACA	T	S	0.0	0.158766373111	0.142857142857	0.0769230769231	0.384615384615	0.16049382716	0.148148148148	1686.0	-0.336810730253	12.0	0.0
Bracteacoccus_minor	ACT	T	S	0.0	0.158766373111	0.727272727273	0.25	0.444444444444	0.444444444444	0.148148148148	1686.0	0.843952483801	13.0	0.0
Chromochloris_zofingiensis	ACC	T	S	0.0	0.514173087055	0.166666666667	0.142857142857	0.428571428571	0.0921052631579	0.144736842105	1522.0	0.271002710027	15.0	0.0
Chromochloris_zofingiensis	ACA	T	S	0.0	0.514173087055	0.4	0.222222222222	0.444444444444	0.355263157895	0.144736842105	1522.0	0.530583214794	12.0	0.0
Chromochloris_zofingiensis	ACT	T	S	0.0	0.514173087055	0.333333333333	0.1	0.525	0.526315789474	0.144736842105	1522.0	0.431640625	13.0	0.0
Balanoglossus	ACC	T	S	0.0	0.474229121917	0.1	0.0238095238095	0.5	0.403846153846	0.0480769230769	1926.0	0.190607734807	15.0	0.0
Balanoglossus	ACA	T	S	0.0	0.474229121917	0.1	0.037037037037	0.62962962963	0.259615384615	0.0480769230769	1926.0	0.239942528736	12.0	0.0
Balanoglossus	ACG	T	S	0.0	0.474229121917	0.2	0.142857142857	0.428571428571	0.0673076923077	0.0480769230769	1926.0	0.47191011236	14.0	0.0
Balanoglossus	ACT	T	S	0.0	0.474229121917	0.142857142857	0.0714285714286	0.75	0.269230769231	0.0480769230769	1926.0	0.753086419753	13.0	0.0
Drosophila	ACA	T	S	0.0	0.191332561122	0.3	0.0681818181818	0.659090909091	0.435643564356	0.118811881188	1919.0	0.627103631532	12.0	0.0
Drosophila	ACT	T	S	0.0	0.191332561122	0.545454545455	0.166666666667	0.5	0.534653465347	0.118811881188	1919.0	0.792547474024	13.0	0.0
Myxine	ACC	T	S	1.0	0.562052357305	0.444444444444	0.125	0.625	0.293577981651	0.0642201834862	1919.0	0.706634205721	15.0	0.0
Myxine	ACA	T	S	1.0	0.562052357305	0.125	0.0243902439024	0.487804878049	0.376146788991	0.0642201834862	1919.0	0.238625812442	12.0	0.0
Myxine	ACT	T	S	1.0	0.562052357305	0.2	0.0588235294118	0.617647058824	0.311926605505	0.0642201834862	1919.0	0.767508610792	13.0	0.0
Ciona	ACA	T	S	0.0	0.139779865484	0.285714285714	0.0952380952381	0.714285714286	0.28	0.0533333333333	1891.0	0.801299907149	12.0	0.0
Ciona	ACG	T	S	0.0	0.139779865484	0.333333333333	0.333333333333	0.333333333333	0.04	0.0533333333333	1891.0	1.30322580645	14.0	0.0
Ciona	ACT	T	S	0.0	0.139779865484	0.1	0.0227272727273	0.568181818182	0.586666666667	0.0533333333333	1891.0	0.655957161981	13.0	0.0
Epigonichthys	ACC	T	S	0.0	0.82910028135	0.166666666667	0.0666666666667	0.666666666667	0.144230769231	0.115384615385	1918.0	0.450189155107	15.0	0.0
Epigonichthys	ACA	T	S	0.0	0.82910028135	0.4	0.129032258065	0.645161290323	0.298076923077	0.115384615385	1918.0	0.778553299492	12.0	0.0
Epigonichthys	ACG	T	S	0.0	0.82910028135	0.125	0.0526315789474	0.578947368421	0.182692307692	0.115384615385	1918.0	0.510060362173	14.0	0.0
Epigonichthys	ACT	T	S	0.0	0.82910028135	0.5	0.153846153846	0.589743589744	0.375	0.115384615385	1918.0	0.84	13.0	0.0
Daphnia	ACC	T	S	0.0	0.284093845471	0.333333333333	0.111111111111	0.592592592593	0.284210526316	0.0421052631579	1916.0	0.522776572668	15.0	0.0
Daphnia	ACT	T	S	0.0	0.284093845471	0.0909090909091	0.0232558139535	0.558139534884	0.452631578947	0.0421052631579	1916.0	0.415300546448	13.0	0.0
Homo	ACC	T	S	0.0	0.38363475724	0.727272727273	0.191489361702	0.468085106383	0.370078740157	0.11811023622	1920.0	0.782482357825	15.0	0.0
Homo	ACA	T	S	0.0	0.38363475724	0.3	0.0677966101695	0.491525423729	0.464566929134	0.11811023622	1920.0	0.44390084801	12.0	0.0
Homo	ACT	T	S	0.0	0.38363475724	0.25	0.105263157895	0.526315789474	0.149606299213	0.11811023622	1920.0	0.369989722508	13.0	0.0
Blanceolatum	ACC	T	S	0.0	0.965237648888	0.2	0.166666666667	0.666666666667	0.130434782609	0.130434782609	1187.0	0.722408026756	15.0	0.0
Blanceolatum	ACA	T	S	0.0	0.965237648888	0.4	0.166666666667	0.5	0.260869565217	0.130434782609	1187.0	0.80162601626	12.0	0.0
Blanceolatum	ACG	T	S	0.0	0.965237648888	0.2	0.111111111111	0.666666666667	0.195652173913	0.130434782609	1187.0	0.43231441048	14.0	0.0
Blanceolatum	ACT	T	S	0.0	0.965237648888	0.333333333333	0.105263157895	0.263157894737	0.413043478261	0.130434782609	1187.0	0.0281007751938	13.0	0.0
Saccoglossus	ACC	T	S	0.0	0.373949355449	0.25	0.115384615385	0.5	0.209677419355	0.0564516129032	1924.0	0.381240544629	15.0	0.0
Saccoglossus	ACA	T	S	0.0	0.373949355449	0.111111111111	0.0212765957447	0.574468085106	0.379032258065	0.0564516129032	1924.0	0.284525790349	12.0	0.0
Saccoglossus	ACT	T	S	0.0	0.373949355449	0.2	0.063829787234	0.510638297872	0.379032258065	0.0564516129032	1924.0	0.301369863014	13.0	0.0

### Alignment improvement:
