### Random Forest prediction
genome	codon	ori_aa	rea_aa	fitch	Fisher pval	Gene frac	N. rea	N. used	Cod. count	Sub. count	G. len	codon_lik	id	prediction
Paracentrotus	GGA	G	A	0.0	0.331482742838	0.0833333333333	0.0116279069767	0.976744186047	0.646616541353	0.015037593985	1436.0	0.0626880641926	40.0	0.0
Paracentrotus	GGC	G	A	0.0	0.331482742838	0.142857142857	0.0714285714286	0.928571428571	0.105263157895	0.015037593985	1436.0	0.246153846154	43.0	0.0
Schistosoma	GGT	G	A	0.0	0.780429210559	0.333333333333	0.09375	0.734375	0.603773584906	0.103773584906	1278.0	0.210144927536	41.0	0.0
Schistosoma	GGG	G	A	0.0	0.780429210559	0.285714285714	0.130434782609	0.695652173913	0.216981132075	0.103773584906	1278.0	0.130198915009	42.0	0.0
Schistosoma	GGA	G	A	0.0	0.780429210559	0.4	0.125	0.5625	0.150943396226	0.103773584906	1278.0	0.209549071618	40.0	0.0
Fasciola	GGT	G	A	0.0	0.430336841589	0.4	0.0625	0.6875	0.561403508772	0.0789473684211	1341.0	-0.0185307743216	41.0	0.0
Fasciola	GGG	G	A	0.0	0.430336841589	0.2	0.0888888888889	0.711111111111	0.394736842105	0.0789473684211	1341.0	0.0880974695408	42.0	0.0
Fasciola	GGC	G	A	0.0	0.430336841589	0.333333333333	0.333333333333	0.666666666667	0.0263157894737	0.0789473684211	1341.0	1.04411764706	43.0	0.0
Patiria	GGG	G	A	0.0	0.358155997761	0.1	0.0384615384615	0.923076923077	0.183098591549	0.00704225352113	1534.0	0.126853377265	42.0	0.0
Lumbricus	GGT	G	A	0.0	0.913055820336	0.142857142857	0.0454545454545	0.954545454545	0.167938931298	0.0458015267176	1525.0	0.049504950495	41.0	0.0
Lumbricus	GGG	G	A	0.0	0.913055820336	0.3	0.063829787234	0.936170212766	0.358778625954	0.0458015267176	1525.0	0.158988256549	42.0	0.0
Lumbricus	GGA	G	A	0.0	0.913055820336	0.111111111111	0.0294117647059	0.970588235294	0.259541984733	0.0458015267176	1525.0	0.125647668394	40.0	0.0
Lumbricus	GGC	G	A	0.0	0.913055820336	0.125	0.0357142857143	0.964285714286	0.213740458015	0.0458015267176	1525.0	0.115326251897	43.0	0.0
Halocynthia	GGT	G	A	0.0	0.706273724796	0.272727272727	0.0625	0.791666666667	0.527472527473	0.0659340659341	1418.0	0.112802148612	41.0	0.0
Halocynthia	GGG	G	A	0.0	0.706273724796	0.125	0.0416666666667	0.916666666667	0.263736263736	0.0659340659341	1418.0	0.25	42.0	0.0
Halocynthia	GGA	G	A	0.0	0.706273724796	0.285714285714	0.111111111111	0.722222222222	0.197802197802	0.0659340659341	1418.0	0.202380952381	40.0	0.0
Limulus	GGT	G	A	0.0	0.954763475345	0.111111111111	0.047619047619	0.952380952381	0.151079136691	0.0359712230216	1521.0	0.107216494845	41.0	0.0
Limulus	GGG	G	A	0.0	0.954763475345	0.125	0.0357142857143	0.964285714286	0.201438848921	0.0359712230216	1521.0	0.199095022624	42.0	0.0
Limulus	GGA	G	A	0.0	0.954763475345	0.181818181818	0.041095890411	0.945205479452	0.525179856115	0.0359712230216	1521.0	0.121212121212	40.0	0.0
Caenorhabditis	GGT	G	A	0.0	0.525192223485	0.181818181818	0.0384615384615	0.903846153846	0.485981308411	0.0467289719626	1433.0	0.109375	41.0	0.0
Caenorhabditis	GGG	G	A	0.0	0.525192223485	0.2	0.1	0.85	0.18691588785	0.0467289719626	1433.0	0.306553911205	42.0	0.0
Caenorhabditis	GGA	G	A	0.0	0.525192223485	0.111111111111	0.03125	0.84375	0.299065420561	0.0467289719626	1433.0	-0.0655957161981	40.0	0.0
Axinella	GGG	G	A	1.0	0.388977009628	0.0909090909091	0.0126582278481	0.949367088608	0.552447552448	0.013986013986	1523.0	0.0445299615173	42.0	0.0
Axinella	GGA	G	A	1.0	0.388977009628	0.125	0.04	0.96	0.174825174825	0.013986013986	1523.0	0.144599303136	40.0	0.0
Terebratulina	GGG	G	A	0.0	0.626720847279	0.333333333333	0.0645161290323	0.935483870968	0.246031746032	0.031746031746	1487.0	0.222683264177	42.0	0.0
Terebratulina	GGA	G	A	0.0	0.626720847279	0.2	0.0281690140845	0.971830985915	0.563492063492	0.031746031746	1487.0	0.0638820638821	40.0	0.0
Katharina	GGT	G	A	0.0	0.982735468765	0.333333333333	0.0833333333333	0.916666666667	0.164383561644	0.0684931506849	1515.0	0.287719298246	41.0	0.0
Katharina	GGG	G	A	0.0	0.982735468765	0.444444444444	0.0740740740741	0.925925925926	0.369863013699	0.0684931506849	1515.0	0.174938974776	42.0	0.0
Katharina	GGA	G	A	0.0	0.982735468765	0.3	0.063829787234	0.914893617021	0.321917808219	0.0684931506849	1515.0	0.26511627907	40.0	0.0
Katharina	GGC	G	A	0.0	0.982735468765	0.166666666667	0.047619047619	0.904761904762	0.143835616438	0.0684931506849	1515.0	0.041067761807	43.0	0.0
Geodia	GGT	G	A	0.0	0.0240284900348	0.111111111111	0.0277777777778	0.916666666667	0.243243243243	0.0337837837838	1524.0	0.137423312883	41.0	0.0
Geodia	GGG	G	A	0.0	0.0240284900348	0.1	0.0425531914894	0.872340425532	0.317567567568	0.0337837837838	1524.0	0.0382462686567	42.0	0.0
Geodia	GGC	G	A	0.0	0.0240284900348	0.4	0.181818181818	0.818181818182	0.0743243243243	0.0337837837838	1524.0	0.513725490196	43.0	0.0
Metridium	GGT	G	A	0.0	0.903659647689	0.1	0.0238095238095	0.97619047619	0.289655172414	0.0137931034483	1534.0	0.109278350515	41.0	0.0
Metridium	GGG	G	A	0.0	0.903659647689	0.1	0.0222222222222	0.955555555556	0.310344827586	0.0137931034483	1534.0	0.0889101338432	42.0	0.0
Acropora	GGG	G	A	0.0	0.775140732999	0.0909090909091	0.025974025974	0.896103896104	0.513333333333	0.02	1532.0	0.0319506726457	42.0	0.0
Acropora	GGA	G	A	0.0	0.775140732999	0.111111111111	0.04	0.96	0.166666666667	0.02	1532.0	0.0570934256055	40.0	0.0
Trichinella	GGT	G	A	0.0	0.689065973132	0.25	0.105263157895	0.789473684211	0.180952380952	0.0761904761905	1259.0	0.176991150442	41.0	0.0
Trichinella	GGA	G	A	0.0	0.689065973132	0.375	0.0967741935484	0.822580645161	0.590476190476	0.0761904761905	1259.0	0.186896551724	40.0	0.0
Balanoglossus	GGA	G	A	0.0	0.898504238463	0.0909090909091	0.0181818181818	0.981818181818	0.381944444444	0.0138888888889	1534.0	0.117928286853	40.0	0.0
Balanoglossus	GGC	G	A	0.0	0.898504238463	0.111111111111	0.0263157894737	0.973684210526	0.263888888889	0.0138888888889	1534.0	0.14592760181	43.0	0.0
Drosophila	GGT	G	A	0.0	0.225322075976	0.375	0.0833333333333	0.916666666667	0.257142857143	0.0357142857143	1523.0	0.309723889556	41.0	0.0
Drosophila	GGA	G	A	0.0	0.225322075976	0.181818181818	0.0208333333333	0.979166666667	0.685714285714	0.0357142857143	1523.0	0.0607014388489	40.0	0.0
Myxine	GGG	G	A	0.0	0.462121165041	0.111111111111	0.0277777777778	0.972222222222	0.270676691729	0.00751879699248	1533.0	0.0873308733087	42.0	0.0
Ciona	GGT	G	A	0.0	0.546031719507	0.111111111111	0.0714285714286	0.714285714286	0.424242424242	0.121212121212	1411.0	0.147239263804	41.0	0.0
Ciona	GGA	G	A	0.0	0.546031719507	0.428571428571	0.214285714286	0.714285714286	0.424242424242	0.121212121212	1411.0	0.739393939394	40.0	0.0
Saccoglossus	GGT	G	A	0.0	0.804137301909	0.1	0.0344827586207	0.965517241379	0.201388888889	0.0208333333333	1532.0	0.239002932551	41.0	0.0
Saccoglossus	GGA	G	A	0.0	0.804137301909	0.2	0.030303030303	0.969696969697	0.458333333333	0.0208333333333	1532.0	0.123765635286	40.0	0.0
Daphnia	GGT	G	A	0.0	0.914302343384	0.142857142857	0.0555555555556	0.888888888889	0.125	0.0486111111111	1517.0	0.0817307692308	41.0	0.0
Daphnia	GGG	G	A	0.0	0.914302343384	0.272727272727	0.0405405405405	0.918918918919	0.513888888889	0.0486111111111	1517.0	0.180127832655	42.0	0.0
Daphnia	GGA	G	A	0.0	0.914302343384	0.285714285714	0.0625	0.9375	0.222222222222	0.0486111111111	1517.0	0.128514056225	40.0	0.0
Daphnia	GGC	G	A	0.0	0.914302343384	0.125	0.05	0.9	0.138888888889	0.0486111111111	1517.0	0.233624454148	43.0	0.0
Homo	GGC	G	A	0.0	0.757142773295	0.1	0.0147058823529	0.985294117647	0.485714285714	0.00714285714286	1533.0	0.0648854961832	43.0	0.0
Epigonichthys	GGG	G	A	0.0	0.795774577378	0.1	0.0169491525424	0.966101694915	0.409722222222	0.00694444444444	1522.0	0.0421205519245	42.0	0.0

### Alignment improvement:
