### Random Forest prediction
genome	codon	ori_aa	rea_aa	fitch	Fisher_pval	Gene_frac	N._rea	N._used	Cod._count	Sub._count	G._len	codon_lik	id	prediction	probability
Schistosoma	GGT	G	N	0.0	0.323904678862	0.1	0.015873015873	0.777777777778	0.594339622642	0.0283018867925	1325.0	-0.133360522023	41.0	0.0	0.0
Schistosoma	GGG	G	N	0.0	0.323904678862	0.125	0.0416666666667	0.75	0.22641509434	0.0283018867925	1325.0	0.102345415778	42.0	0.0	0.0
Schistosoma	GGA	G	N	0.0	0.323904678862	0.2	0.0625	0.5625	0.150943396226	0.0283018867925	1325.0	-0.183279742765	40.0	0.0	0.0
Fasciola	GGT	G	N	0.0	0.304787930619	0.272727272727	0.0491803278689	0.754098360656	0.580952380952	0.0285714285714	1332.0	-0.0768905787917	41.0	0.0	0.0
Trichobilharzia_regenti	GGT	G	N	0.0	0.143742718653	0.1	0.0135135135135	0.72972972973	0.627118644068	0.0254237288136	1324.0	-0.285862785863	41.0	0.0	0.0
Trichobilharzia_regenti	GGG	G	N	0.0	0.143742718653	0.1	0.0285714285714	0.685714285714	0.296610169492	0.0254237288136	1324.0	-0.140949554896	42.0	0.0	0.0
Trichobilharzia_regenti	GGA	G	N	0.0	0.143742718653	0.25	0.125	0.875	0.0677966101695	0.0254237288136	1324.0	0.570063694268	40.0	0.0	0.0
Versteria_mustelae	GGT	G	N	0.0	0.341939145399	0.0909090909091	0.012987012987	0.792207792208	0.754901960784	0.0196078431373	1328.0	-0.107954545455	41.0	0.0	0.0
Versteria_mustelae	GGG	G	N	0.0	0.341939145399	0.142857142857	0.0666666666667	0.8	0.147058823529	0.0196078431373	1328.0	0.0259965337955	42.0	0.0	0.0
Haplorchis_taichui	GGG	G	N	0.0	0.425444573773	0.1	0.0175438596491	0.684210526316	0.491379310345	0.0172413793103	1320.0	-0.296346414073	42.0	0.0	0.0
Haplorchis_taichui	GGA	G	N	0.0	0.425444573773	0.142857142857	0.0714285714286	0.785714285714	0.120689655172	0.0172413793103	1320.0	0.354243542435	40.0	0.0	0.0
Echinococcus_equinus	GGT	G	N	0.0	0.447105444068	0.1	0.015873015873	0.825396825397	0.605769230769	0.0192307692308	1331.0	-0.176494509963	41.0	0.0	0.0
Echinococcus_equinus	GGG	G	N	0.0	0.447105444068	0.111111111111	0.0416666666667	0.75	0.230769230769	0.0192307692308	1331.0	-0.117456896552	42.0	0.0	0.0
Taenia_crassiceps	GGA	G	N	0.0	0.0888286589951	0.285714285714	0.0952380952381	0.714285714286	0.216494845361	0.020618556701	1333.0	0.238329238329	40.0	0.0	0.0
Suberites_domuncula	GGC	G	N	3.0	0.0368852331669	0.142857142857	0.1	0.8	0.0751879699248	0.00751879699248	1351.0	0.328981723238	43.0	0.0	0.06
Bfloridae	GGG	G	N	4.0	0.79285707134	0.111111111111	0.0322580645161	0.903225806452	0.424657534247	0.013698630137	777.0	-0.0725346373268	42.0	0.0	0.106
Tetrancistrum_nebulosi	GGT	G	N	0.0	0.23638280534	0.333333333333	0.0769230769231	0.717948717949	0.382352941176	0.0294117647059	1333.0	0.160559626915	41.0	0.0	0.0
Trichinella	GGT	G	N	1.0	0.812039584831	0.142857142857	0.0384615384615	0.846153846154	0.232142857143	0.0357142857143	1343.0	0.0	41.0	0.0	0.0
Trichinella	GGA	G	N	1.0	0.812039584831	0.222222222222	0.0344827586207	0.862068965517	0.517857142857	0.0357142857143	1343.0	-0.0614699331849	40.0	0.0	0.0
Trichinella	GGC	G	N	1.0	0.812039584831	0.2	0.0625	0.875	0.142857142857	0.0357142857143	1343.0	0.234910277325	43.0	0.0	0.0
Acropora	GGG	G	N	4.0	0.752032434713	0.0833333333333	0.0147058823529	0.882352941176	0.503703703704	0.00740740740741	1350.0	-0.162580158431	42.0	0.0	0.051
Pseudogarypus_banksi	GGG	G	N	6.0	0.366666595972	0.1	0.0222222222222	0.933333333333	0.398230088496	0.00884955752212	1347.0	-0.103644646925	42.0	0.0	0.051
Benedenia_hoshinai	GGT	G	N	0.0	0.422472742025	0.2	0.0357142857143	0.767857142857	0.533333333333	0.0285714285714	1333.0	-0.0722781335773	41.0	0.0	0.0
Benedenia_hoshinai	GGC	G	N	0.0	0.422472742025	0.125	0.0833333333333	0.75	0.114285714286	0.0285714285714	1333.0	0.17094017094	43.0	0.0	0.0
Epigonichthys	GGC	G	N	3.0	0.0748031237802	0.1	0.05	0.9	0.151515151515	0.00757575757576	1351.0	-0.0398457583548	43.0	0.0	0.06
Caenorhabditis	GGG	G	N	0.0	0.10204078462	0.166666666667	0.0526315789474	0.894736842105	0.175925925926	0.00925925925926	1346.0	0.17050067659	42.0	0.0	0.0
Ascidiella_aspersa	GGT	G	N	3.0	0.380386993619	0.272727272727	0.0714285714286	0.809523809524	0.381818181818	0.0272727272727	1350.0	0.161448741559	41.0	0.0	0.051
Blanceolatum	GGT	G	N	4.0	0.471014440215	0.142857142857	0.0434782608696	0.869565217391	0.319444444444	0.0138888888889	775.0	-0.0839694656489	41.0	0.0	0.107