### Random Forest prediction
genome	codon	ori_aa	rea_aa	fitch	Fisher pval	Gene frac	N. rea	N. used	Cod. count	Sub. count	G. len	codon_lik	id	prediction
Paracentrotus	TTT	F	Y	0.0	0.0179626963725	0.583333333333	0.0833333333333	0.722222222222	0.675	0.05625	1926.0	2.23267148014	21.0	0.0
Phoenix_dactylifera	TTT	F	Y	1.0	0.681034482759	0.0909090909091	0.0135135135135	0.986486486486	0.632478632479	0.00854700854701	1738.0	2.3616636528	21.0	0.0
Caenorhabditis	TTC	F	Y	0.0	0.803041047	0.166666666667	0.0666666666667	0.6	0.0710900473934	0.0663507109005	1865.0	1.38969616909	23.0	0.0
Caenorhabditis	TTT	F	Y	0.0	0.803041047	0.666666666667	0.0663265306122	0.479591836735	0.928909952607	0.0663507109005	1865.0	1.1251480458	21.0	0.0
Schistosoma	TTT	F	Y	0.0	0.403656821378	0.75	0.10067114094	0.409395973154	0.925465838509	0.0931677018634	1800.0	1.13981166623	21.0	0.0
Fasciola	TTT	F	Y	0.0	0.390141892425	0.75	0.0887573964497	0.408284023669	0.944134078212	0.0837988826816	1825.0	1.21911421911	21.0	0.0
Dunaliella_salina	TTC	F	Y	0.0	0.828187712257	0.333333333333	0.0526315789474	0.684210526316	0.333333333333	0.0438596491228	1392.0	1.87612387612	23.0	0.0
Dunaliella_salina	TTT	F	Y	0.0	0.828187712257	0.285714285714	0.0394736842105	0.671052631579	0.666666666667	0.0438596491228	1392.0	1.83856159143	21.0	0.0
Patiria	TTC	F	Y	0.0	0.101148173092	0.1	0.015873015873	0.793650793651	0.406451612903	0.0516129032258	1926.0	2.00580862122	23.0	0.0
Patiria	TTT	F	Y	0.0	0.101148173092	0.5	0.0760869565217	0.760869565217	0.593548387097	0.0516129032258	1926.0	2.21189511831	21.0	0.0
Chaetosphaeridium_globosum	TTC	F	Y	0.0	0.0817610062893	0.2	0.0769230769231	0.923076923077	0.0802469135802	0.0123456790123	1930.0	3.06901615272	23.0	0.0
Chaetosphaeridium_globosum	TTT	F	Y	0.0	0.0817610062893	0.0833333333333	0.00671140939597	0.973154362416	0.91975308642	0.0123456790123	1930.0	2.34796811708	21.0	0.0
Mesostigma_viride	TTT	F	Y	0.0	0.59219858156	0.0909090909091	0.008	0.912	0.822368421053	0.00657894736842	1873.0	2.23973880597	21.0	0.0
Zea_mays_NB	TTT	F	Y	0.0	0.676229508197	0.111111111111	0.0125	0.975	0.645161290323	0.00806451612903	1540.0	2.30244713709	21.0	0.0
Pseudendoclonium_akinetum	TTC	F	Y	0.0	0.279491462879	0.375	0.075	0.775	0.251572327044	0.0440251572327	1930.0	2.24878286271	23.0	0.0
Pseudendoclonium_akinetum	TTT	F	Y	0.0	0.279491462879	0.25	0.0336134453782	0.81512605042	0.748427672956	0.0440251572327	1930.0	2.26337381031	21.0	0.0
Lumbricus	TTC	F	Y	0.0	0.369068089368	0.333333333333	0.0740740740741	0.777777777778	0.369863013699	0.0547945205479	1920.0	2.30388949473	23.0	0.0
Lumbricus	TTT	F	Y	0.0	0.369068089368	0.333333333333	0.0434782608696	0.760869565217	0.630136986301	0.0547945205479	1920.0	2.08724973656	21.0	0.0
Halocynthia	TTC	F	Y	0.0	0.295383058327	0.25	0.142857142857	0.714285714286	0.0358974358974	0.0615384615385	1893.0	2.69696969697	23.0	0.0
Halocynthia	TTT	F	Y	0.0	0.295383058327	0.583333333333	0.0585106382979	0.542553191489	0.964102564103	0.0615384615385	1893.0	1.26568799752	21.0	0.0
Limulus	TTC	F	Y	0.0	0.0396669781444	0.5	0.115384615385	0.807692307692	0.32298136646	0.0496894409938	1919.0	2.66666666667	23.0	0.0
Limulus	TTT	F	Y	0.0	0.0396669781444	0.0833333333333	0.0183486238532	0.642201834862	0.67701863354	0.0496894409938	1919.0	1.5966713881	21.0	0.0
Bracteacoccus_aerius	TTC	F	Y	0.0	0.7988651257	0.181818181818	0.0352941176471	0.847058823529	0.6640625	0.03125	1789.0	2.19664983938	23.0	0.0
Bracteacoccus_aerius	TTT	F	Y	0.0	0.7988651257	0.1	0.0232558139535	0.837209302326	0.3359375	0.03125	1789.0	2.23484508307	21.0	0.0
Oryza_sativa_I2	TTT	F	Y	0.0	0.682835820895	0.1	0.0117647058824	0.988235294118	0.62962962963	0.00740740740741	1693.0	2.33716734326	21.0	0.0
Oryza_sativa_J2	TTT	F	Y	1.0	0.678217821782	0.1	0.0153846153846	0.984615384615	0.637254901961	0.00980392156863	1446.0	2.25477897252	21.0	0.0
Pycnococcus_provasolii	TTT	F	Y	0.0	0.647421887648	0.333333333333	0.0254777070064	0.821656050955	0.923529411765	0.0235294117647	1930.0	2.05023567353	21.0	0.0
Polytoma_uvella	TTC	F	Y	0.0	0.624969445386	0.285714285714	0.0526315789474	0.684210526316	0.942148760331	0.0495867768595	1394.0	1.79899413244	23.0	0.0
Axinella	TTT	F	Y	0.0	0.675384900881	0.333333333333	0.0320512820513	0.833333333333	0.912280701754	0.0292397660819	1924.0	2.16316440049	21.0	0.0
Terebratulina	TTC	F	Y	0.0	0.866970515746	0.25	0.0641025641026	0.807692307692	0.565217391304	0.0652173913043	1915.0	2.39227895392	23.0	0.0
Terebratulina	TTT	F	Y	0.0	0.866970515746	0.4	0.0666666666667	0.733333333333	0.434782608696	0.0652173913043	1915.0	2.06038961039	21.0	0.0
Chlorokybus_atmophyticus	TTT	F	Y	0.0	0.61858974359	0.0833333333333	0.00806451612903	0.951612903226	0.760736196319	0.00613496932515	1930.0	2.32272727273	21.0	0.0
Bfloridae	TTC	F	Y	0.0	0.0236013793407	0.222222222222	0.133333333333	0.6	0.344827586207	0.0574712643678	1192.0	2.03157894737	23.0	0.0
Bfloridae	TTT	F	Y	0.0	0.0236013793407	0.111111111111	0.0175438596491	0.719298245614	0.655172413793	0.0574712643678	1192.0	1.80757314974	21.0	0.0
Katharina	TTC	F	Y	0.0	0.22482484545	0.111111111111	0.0909090909091	0.5	0.127906976744	0.0697674418605	1917.0	1.59070990359	23.0	0.0
Katharina	TTT	F	Y	0.0	0.22482484545	0.545454545455	0.0666666666667	0.706666666667	0.872093023256	0.0697674418605	1917.0	1.9942685945	21.0	0.0
Geodia	TTC	F	Y	0.0	0.0614751760003	0.25	0.0952380952381	0.714285714286	0.128048780488	0.030487804878	1925.0	2.27777777778	23.0	0.0
Geodia	TTT	F	Y	0.0	0.0614751760003	0.25	0.020979020979	0.846153846154	0.871951219512	0.030487804878	1925.0	2.09360606882	21.0	0.0
Metridium	TTC	F	Y	0.0	0.486160139578	0.125	0.0606060606061	0.818181818182	0.198795180723	0.0421686746988	1928.0	2.37382075472	23.0	0.0
Metridium	TTT	F	Y	0.0	0.486160139578	0.333333333333	0.0375939849624	0.834586466165	0.801204819277	0.0421686746988	1928.0	2.19671416109	21.0	0.0
Chlamydomonas_reinhardtii	TTC	F	Y	0.0	0.833505466963	0.428571428571	0.0506329113924	0.721518987342	0.711711711712	0.0540540540541	1389.0	1.8848660391	23.0	0.0
Chlamydomonas_reinhardtii	TTT	F	Y	0.0	0.833505466963	0.285714285714	0.0625	0.71875	0.288288288288	0.0540540540541	1389.0	2.1135101789	21.0	0.0
Chara_vulgaris	TTT	F	Y	0.0	0.596273291926	0.0833333333333	0.00746268656716	0.962686567164	0.812121212121	0.00606060606061	1930.0	2.30436046512	21.0	0.0
Acropora	TTT	F	Y	0.0	0.661025698664	0.333333333333	0.0359281437126	0.784431137725	0.932960893855	0.0335195530726	1926.0	2.03918386274	21.0	0.0
Trichinella	TTC	F	Y	0.0	0.502887284814	0.5	0.107692307692	0.661538461538	0.464285714286	0.114285714286	1883.0	2.15761353517	23.0	0.0
Trichinella	TTT	F	Y	0.0	0.502887284814	0.777777777778	0.12	0.493333333333	0.535714285714	0.114285714286	1883.0	1.75142857143	21.0	0.0
Bracteacoccus_minor	TTC	F	Y	0.0	0.0749778077011	0.0909090909091	0.0138888888889	0.763888888889	0.642857142857	0.0357142857143	1686.0	1.88981456598	23.0	0.0
Bracteacoccus_minor	TTT	F	Y	0.0	0.0749778077011	0.272727272727	0.075	0.725	0.357142857143	0.0357142857143	1686.0	2.03690944882	21.0	0.0
Chromochloris_zofingiensis	TTC	F	Y	0.0	0.230883855107	0.142857142857	0.125	0.75	0.08	0.05	1522.0	2.40617577197	23.0	0.0
Chromochloris_zofingiensis	TTT	F	Y	0.0	0.230883855107	0.363636363636	0.0434782608696	0.695652173913	0.92	0.05	1522.0	1.6781487743	21.0	0.0
Balanoglossus	TTC	F	Y	0.0	0.824675502233	0.272727272727	0.031914893617	0.797872340426	0.614379084967	0.0326797385621	1926.0	2.16053719008	23.0	0.0
Balanoglossus	TTT	F	Y	0.0	0.824675502233	0.181818181818	0.0338983050847	0.762711864407	0.385620915033	0.0326797385621	1926.0	2.06008583691	21.0	0.0
Drosophila	TTT	F	Y	0.0	0.704064923194	0.5	0.0408163265306	0.721088435374	0.924528301887	0.0377358490566	1919.0	1.86505098662	21.0	0.0
Sorghum_bicolor	TTT	F	Y	0.0	0.6875	0.125	0.0153846153846	0.984615384615	0.625	0.00961538461538	1275.0	2.28567234292	21.0	0.0
Myxine	TTC	F	Y	0.0	0.869496164323	0.3	0.056338028169	0.661971830986	0.435582822086	0.0613496932515	1919.0	1.91218441273	23.0	0.0
Myxine	TTT	F	Y	0.0	0.869496164323	0.416666666667	0.0652173913043	0.739130434783	0.564417177914	0.0613496932515	1919.0	2.18349596945	21.0	0.0
Ciona	TTC	F	Y	0.0	0.592895616231	0.2	0.0882352941176	0.529411764706	0.165048543689	0.0728155339806	1891.0	1.48200224972	23.0	0.0
Ciona	TTT	F	Y	0.0	0.592895616231	0.583333333333	0.0697674418605	0.517441860465	0.834951456311	0.0728155339806	1891.0	1.33835601035	21.0	0.0
Epigonichthys	TTC	F	Y	0.0	0.448067070331	0.181818181818	0.047619047619	0.785714285714	0.302158273381	0.0287769784173	1918.0	2.32867783985	23.0	0.0
Epigonichthys	TTT	F	Y	0.0	0.448067070331	0.166666666667	0.020618556701	0.80412371134	0.697841726619	0.0287769784173	1918.0	2.12525090325	21.0	0.0
Daphnia	TTC	F	Y	0.0	0.836126977765	0.181818181818	0.0454545454545	0.772727272727	0.282051282051	0.0448717948718	1916.0	2.14355555556	23.0	0.0
Daphnia	TTT	F	Y	0.0	0.836126977765	0.333333333333	0.0446428571429	0.732142857143	0.717948717949	0.0448717948718	1916.0	1.94260447373	21.0	0.0
Zea_mays_s	TTT	F	Y	1.0	0.677165354331	0.1	0.0120481927711	0.975903614458	0.643410852713	0.0077519379845	1605.0	2.29336090053	21.0	0.0
Homo	TTC	F	Y	0.0	0.830778573045	0.3	0.0470588235294	0.823529411765	0.6640625	0.046875	1920.0	2.35418114431	23.0	0.0
Homo	TTT	F	Y	0.0	0.830778573045	0.2	0.046511627907	0.813953488372	0.3359375	0.046875	1920.0	2.24285714286	21.0	0.0
Blanceolatum	TTC	F	Y	0.0	0.805652933793	0.142857142857	0.0434782608696	0.739130434783	0.270588235294	0.0588235294118	1187.0	1.86699916874	23.0	0.0
Blanceolatum	TTT	F	Y	0.0	0.805652933793	0.222222222222	0.0645161290323	0.693548387097	0.729411764706	0.0588235294118	1187.0	1.99065721649	21.0	0.0
Saccoglossus	TTC	F	Y	0.0	0.0182480892623	0.272727272727	0.0882352941176	0.705882352941	0.231292517007	0.0272108843537	1924.0	2.25014577259	23.0	0.0
Saccoglossus	TTT	F	Y	0.0	0.0182480892623	0.0909090909091	0.00884955752212	0.823008849558	0.768707482993	0.0272108843537	1924.0	2.16866233322	21.0	0.0

### Alignment improvement:
