### Random Forest prediction
genome	codon	ori_aa	rea_aa	fitch	Fisher pval	Gene frac	N. rea	N. used	Cod. count	Sub. count	G. len	codon_lik	id	prediction
Paracentrotus	ACC	T	A	0.0	0.108333301685	0.142857142857	0.0454545454545	0.454545454545	0.229166666667	0.0104166666667	1926.0	-0.0283939662822	15.0	0.0
Caenorhabditis	ACA	T	A	0.0	0.588024905881	0.333333333333	0.0681818181818	0.454545454545	0.530120481928	0.0843373493976	1865.0	0.0366931918656	12.0	0.0
Caenorhabditis	ACG	T	A	0.0	0.588024905881	0.25	0.25	0.5	0.0481927710843	0.0843373493976	1865.0	0.995073891626	14.0	0.0
Caenorhabditis	ACT	T	A	0.0	0.588024905881	0.375	0.0967741935484	0.58064516129	0.373493975904	0.0843373493976	1865.0	0.0176767676768	13.0	0.0
Physcomitrella_patens	ACA	T	A	0.0	0.206896516008	0.142857142857	0.0555555555556	0.944444444444	0.206896551724	0.0114942528736	1926.0	0.141935483871	12.0	0.0
Schistosoma	ACT	T	A	0.0	0.790769158531	0.25	0.0714285714286	0.535714285714	0.622222222222	0.0444444444444	1800.0	-0.0837988826816	13.0	0.0
Fasciola	ACG	T	A	0.0	0.502742681973	0.25	0.2	0.2	0.0909090909091	0.145454545455	1825.0	0.763265306122	14.0	0.0
Fasciola	ACT	T	A	0.0	0.502742681973	0.5	0.162790697674	0.46511627907	0.781818181818	0.145454545455	1825.0	0.327562642369	13.0	0.0
Dunaliella_salina	ACT	T	A	0.0	0.392177555181	0.285714285714	0.0540540540541	0.486486486486	0.513888888889	0.0277777777778	1392.0	-0.0194327731092	13.0	0.0
Patiria	ACC	T	A	0.0	0.885425772559	0.1	0.0238095238095	0.666666666667	0.4	0.0190476190476	1926.0	-0.118081180812	15.0	0.0
Patiria	ACA	T	A	0.0	0.885425772559	0.142857142857	0.0344827586207	0.586206896552	0.27619047619	0.0190476190476	1926.0	-0.129715420251	12.0	0.0
Chaetosphaeridium_globosum	ACA	T	A	4.0	0.764705801117	0.111111111111	0.0238095238095	0.928571428571	0.477272727273	0.0113636363636	1930.0	0.0468965517241	12.0	0.0
Mesostigma_viride	ACA	T	A	7.0	0.48319323766	0.1	0.0444444444444	0.866666666667	0.489130434783	0.0217391304348	1873.0	0.154273504274	12.0	0.0
Pseudendoclonium_akinetum	ACA	T	A	0.0	0.846641935419	0.1	0.0322580645161	0.612903225806	0.378048780488	0.0243902439024	1930.0	-0.0682957393484	12.0	0.0
Pseudendoclonium_akinetum	ACT	T	A	0.0	0.846641935419	0.1	0.0277777777778	0.777777777778	0.439024390244	0.0243902439024	1930.0	0.0234917245061	13.0	0.0
Lumbricus	ACA	T	A	0.0	0.0463206020697	0.181818181818	0.047619047619	0.547619047619	0.381818181818	0.0363636363636	1920.0	0.0476622787108	12.0	0.0
Lumbricus	ACG	T	A	0.0	0.0463206020697	0.333333333333	0.333333333333	0.0	0.0272727272727	0.0363636363636	1920.0	0.75	14.0	0.0
Lumbricus	ACT	T	A	0.0	0.0463206020697	0.1	0.0263157894737	0.552631578947	0.345454545455	0.0363636363636	1920.0	0.0482115085537	13.0	0.0
Halocynthia	ACT	T	A	0.0	0.382362774779	0.5	0.108108108108	0.702702702703	0.587301587302	0.0634920634921	1893.0	0.21835443038	13.0	0.0
Limulus	ACC	T	A	0.0	0.832696299723	0.166666666667	0.0588235294118	0.647058823529	0.182795698925	0.0752688172043	1919.0	0.008	15.0	0.0
Limulus	ACA	T	A	0.0	0.832696299723	0.272727272727	0.06	0.64	0.537634408602	0.0752688172043	1919.0	0.164610639938	12.0	0.0
Limulus	ACT	T	A	0.0	0.832696299723	0.3	0.125	0.666666666667	0.258064516129	0.0752688172043	1919.0	0.306930693069	13.0	0.0
Pycnococcus_provasolii	ACA	T	A	1.0	0.817567504582	0.111111111111	0.0333333333333	0.866666666667	0.37037037037	0.0123456790123	1930.0	0.160748870239	12.0	0.0
Polytoma_uvella	ACC	T	A	0.0	0.689368770764	0.333333333333	0.0416666666667	0.666666666667	0.786885245902	0.0327868852459	1394.0	-0.0702659785629	15.0	0.0
Axinella	ACA	T	A	0.0	0.194692856227	0.2	0.0512820512821	0.871794871795	0.423913043478	0.0326086956522	1924.0	0.114811133201	12.0	0.0
Axinella	ACG	T	A	0.0	0.194692856227	0.25	0.166666666667	0.833333333333	0.0652173913043	0.0326086956522	1924.0	0.35873015873	14.0	0.0
Terebratulina	ACC	T	A	0.0	0.436236102279	0.125	0.0208333333333	0.5625	0.484848484848	0.030303030303	1915.0	-0.174375767499	15.0	0.0
Terebratulina	ACA	T	A	0.0	0.436236102279	0.285714285714	0.0952380952381	0.666666666667	0.212121212121	0.030303030303	1915.0	0.150425733207	12.0	0.0
Chlorokybus_atmophyticus	ACT	T	A	0.0	0.801136294978	0.125	0.027027027027	0.918918918919	0.393617021277	0.0106382978723	1930.0	0.042849767682	13.0	0.0
Bfloridae	ACA	T	A	2.0	0.804347758537	0.166666666667	0.0588235294118	0.470588235294	0.333333333333	0.0196078431373	1192.0	0.0160183066362	12.0	0.0
Katharina	ACA	T	A	0.0	0.807792141432	0.142857142857	0.037037037037	0.555555555556	0.317647058824	0.0352941176471	1917.0	-0.110394265233	12.0	0.0
Katharina	ACT	T	A	0.0	0.807792141432	0.181818181818	0.0416666666667	0.729166666667	0.564705882353	0.0352941176471	1917.0	0.180065627564	13.0	0.0
Geodia	ACA	T	A	0.0	0.601955870551	0.181818181818	0.0689655172414	0.827586206897	0.353658536585	0.0365853658537	1925.0	0.0953969312875	12.0	0.0
Geodia	ACT	T	A	0.0	0.601955870551	0.125	0.0232558139535	0.93023255814	0.524390243902	0.0365853658537	1925.0	0.0682226211849	13.0	0.0
Metridium	ACA	T	A	0.0	0.574223226209	0.125	0.037037037037	0.925925925926	0.310344827586	0.0344827586207	1928.0	0.0442857142857	12.0	0.0
Metridium	ACG	T	A	0.0	0.574223226209	0.166666666667	0.111111111111	0.888888888889	0.103448275862	0.0344827586207	1928.0	0.307036247335	14.0	0.0
Metridium	ACT	T	A	0.0	0.574223226209	0.1	0.0227272727273	0.818181818182	0.505747126437	0.0344827586207	1928.0	-0.0194089104543	13.0	0.0
Chlamydomonas_reinhardtii	ACC	T	A	0.0	0.755762411348	0.142857142857	0.037037037037	0.666666666667	0.355263157895	0.0263157894737	1389.0	0.0196506550218	15.0	0.0
Chlamydomonas_reinhardtii	ACT	T	A	0.0	0.755762411348	0.142857142857	0.0204081632653	0.571428571429	0.644736842105	0.0263157894737	1389.0	-0.0912621359223	13.0	0.0
Acropora	ACA	T	A	0.0	0.413333291903	0.125	0.0555555555556	0.944444444444	0.219512195122	0.0121951219512	1926.0	0.0944206008584	12.0	0.0
Trichinella	ACC	T	A	0.0	0.0565325923517	0.142857142857	0.0416666666667	0.458333333333	0.201680672269	0.0588235294118	1883.0	0.046875	15.0	0.0
Trichinella	ACA	T	A	0.0	0.0565325923517	0.25	0.0298507462687	0.402985074627	0.563025210084	0.0588235294118	1883.0	-0.186411149826	12.0	0.0
Trichinella	ACG	T	A	0.0	0.0565325923517	0.5	0.285714285714	0.142857142857	0.0588235294118	0.0588235294118	1883.0	0.35860058309	14.0	0.0
Trichinella	ACT	T	A	0.0	0.0565325923517	0.222222222222	0.0952380952381	0.47619047619	0.176470588235	0.0588235294118	1883.0	0.0950570342205	13.0	0.0
Bracteacoccus_minor	ACT	T	A	0.0	0.633720902313	0.0909090909091	0.0555555555556	0.444444444444	0.444444444444	0.0246913580247	1686.0	0.14686825054	13.0	0.0
Chromochloris_zofingiensis	ACT	T	A	0.0	0.45681505577	0.111111111111	0.05	0.525	0.526315789474	0.0263157894737	1522.0	-0.1875	13.0	0.0
Balanoglossus	ACC	T	A	0.0	0.739354373607	0.2	0.047619047619	0.5	0.403846153846	0.0288461538462	1926.0	-0.110957642726	15.0	0.0
Balanoglossus	ACT	T	A	0.0	0.739354373607	0.142857142857	0.0357142857143	0.75	0.269230769231	0.0288461538462	1926.0	0.0315500685871	13.0	0.0
Drosophila	ACA	T	A	0.0	0.619742833915	0.2	0.0454545454545	0.659090909091	0.435643564356	0.049504950495	1919.0	0.044286979628	12.0	0.0
Drosophila	ACT	T	A	0.0	0.619742833915	0.272727272727	0.0555555555556	0.5	0.534653465347	0.049504950495	1919.0	0.101039054102	13.0	0.0
Myxine	ACC	T	A	0.0	0.349330493177	0.111111111111	0.03125	0.625	0.293577981651	0.0917431192661	1919.0	0.0407790626902	15.0	0.0
Myxine	ACA	T	A	0.0	0.349330493177	0.25	0.0731707317073	0.487804878049	0.376146788991	0.0917431192661	1919.0	-0.044103992572	12.0	0.0
Myxine	ACT	T	A	0.0	0.349330493177	0.5	0.176470588235	0.617647058824	0.311926605505	0.0917431192661	1919.0	0.396670493685	13.0	0.0
Ciona	ACA	T	A	0.0	0.286113086206	0.142857142857	0.047619047619	0.714285714286	0.28	0.106666666667	1891.0	0.091922005571	12.0	0.0
Ciona	ACG	T	A	0.0	0.286113086206	0.333333333333	0.333333333333	0.333333333333	0.04	0.106666666667	1891.0	1.12903225806	14.0	0.0
Ciona	ACT	T	A	0.0	0.286113086206	0.6	0.136363636364	0.568181818182	0.586666666667	0.106666666667	1891.0	0.21463632307	13.0	0.0
Epigonichthys	ACA	T	A	0.0	0.469463849183	0.1	0.0322580645161	0.645161290323	0.298076923077	0.0192307692308	1918.0	0.0748730964467	12.0	0.0
Epigonichthys	ACG	T	A	0.0	0.469463849183	0.125	0.0526315789474	0.578947368421	0.182692307692	0.0192307692308	1918.0	-0.0513078470825	14.0	0.0
Daphnia	ACA	T	A	0.0	0.293993659247	0.375	0.15	0.65	0.210526315789	0.0842105263158	1916.0	0.253438113949	12.0	0.0
Daphnia	ACT	T	A	0.0	0.293993659247	0.363636363636	0.116279069767	0.558139534884	0.452631578947	0.0842105263158	1916.0	0.177595628415	13.0	0.0
Homo	ACC	T	A	0.0	0.709422539959	0.0909090909091	0.0425531914894	0.468085106383	0.370078740157	0.0708661417323	1920.0	0.128684101287	15.0	0.0
Homo	ACA	T	A	0.0	0.709422539959	0.4	0.101694915254	0.491525423729	0.464566929134	0.0708661417323	1920.0	0.149706457926	12.0	0.0
Homo	ACT	T	A	0.0	0.709422539959	0.125	0.0526315789474	0.526315789474	0.149606299213	0.0708661417323	1920.0	-0.0349434737924	13.0	0.0
Saccoglossus	ACA	T	A	0.0	0.572677594532	0.333333333333	0.063829787234	0.574468085106	0.379032258065	0.0322580645161	1924.0	-0.00998336106489	12.0	0.0
Saccoglossus	ACT	T	A	0.0	0.572677594532	0.1	0.0212765957447	0.510638297872	0.379032258065	0.0322580645161	1924.0	-0.151930261519	13.0	0.0
Nephroselmis_olivacea	ACT	T	A	0.0	0.746987864454	0.1	0.0227272727273	0.931818181818	0.511627906977	0.0116279069767	1929.0	0.0162780466344	13.0	0.0

### Alignment improvement:
