### Random Forest prediction
genome	codon	ori_aa	rea_aa	fitch	Fisher_pval	Gene_frac	N._rea	N._used	Cod._count	Sub._count	G._len	codon_lik	id	prediction	probability
LmeyeA	GCT	A	I	0.0	0.690476083612	0.166666666667	0.016393442623	0.83606557377	0.61	0.01	1429.0	-0.982645403377	45.0	0.0	0.0
SpombA	GCT	A	I	0.0	0.710100910012	0.333333333333	0.0294117647059	0.588235294118	0.686868686869	0.020202020202	1424.0	-1.17738296672	45.0	0.0	0.0
CgallA	GCA	A	I	0.0	0.61173054288	0.0769230769231	0.0172413793103	0.655172413793	0.367088607595	0.0379746835443	2247.0	-1.08308660252	44.0	0.0	0.0
CgallA	GCT	A	I	0.0	0.61173054288	0.363636363636	0.0581395348837	0.651162790698	0.544303797468	0.0379746835443	2247.0	-0.888168763502	45.0	0.0	0.0
CgigaA	GCT	A	I	0.0	0.735576831784	0.1	0.015625	0.84375	0.520325203252	0.00813008130081	2002.0	-1.06133888533	45.0	0.0	0.0
CsantA	GCA	A	I	0.0	0.868907517765	0.111111111111	0.027027027027	0.675675675676	0.318965517241	0.0172413793103	2220.0	-0.985629754861	44.0	0.0	0.0
CsantA	GCT	A	I	0.0	0.868907517765	0.1	0.0192307692308	0.673076923077	0.448275862069	0.0172413793103	2220.0	-1.27849396358	45.0	0.0	0.0
CoxycA	GCT	A	I	0.0	0.74074065123	1.0	0.0666666666667	0.866666666667	0.51724137931	0.0344827586207	434.0	-0.640606060606	45.0	0.0	0.051
CsubhA	GCG	A	I	0.0	0.0491803108891	0.125	0.0714285714286	0.785714285714	0.10071942446	0.00719424460432	2244.0	-1.11061618411	46.0	0.0	0.0
CsubhB	GCG	A	I	0.0	0.0491803108891	0.125	0.0714285714286	0.785714285714	0.10071942446	0.00719424460432	2244.0	-1.11061618411	46.0	0.0	0.0
OanguA	GCA	A	I	0.0	0.222222160254	0.111111111111	0.0204081632653	0.836734693878	0.355072463768	0.00724637681159	2248.0	-0.932755339395	44.0	0.0	0.0
SarboA	GCT	A	I	0.0	0.726666572297	0.166666666667	0.02	0.8	0.54347826087	0.0108695652174	1429.0	-1.10011485452	45.0	0.0	0.0
KtherA	GCC	A	I	0.0	0.0182926766112	0.333333333333	0.25	0.5	0.039603960396	0.00990099009901	1429.0	-0.227602905569	47.0	0.0	0.0
MstarA	GCT	A	I	0.0	0.330107300652	0.166666666667	0.0238095238095	0.738095238095	0.672	0.016	2249.0	-1.1287993921	45.0	0.0	0.0
NbaciA	GCT	A	I	0.0	0.609588906305	0.166666666667	0.0142857142857	0.8	0.769230769231	0.010989010989	1428.0	-1.14303261908	45.0	0.0	0.0
CbohiA	GCT	A	I	0.0	0.733750653455	0.153846153846	0.0185185185185	0.861111111111	0.739726027397	0.013698630137	2250.0	-0.997590603353	45.0	0.0	0.0
LstarA	GCA	A	I	0.0	0.881709869101	0.142857142857	0.027027027027	0.675675675676	0.313559322034	0.0338983050847	1834.0	-1.02086906804	44.0	0.0	0.0
LstarA	GCT	A	I	0.0	0.881709869101	0.3	0.0422535211268	0.647887323944	0.601694915254	0.0338983050847	1834.0	-0.967233577781	45.0	0.0	0.0
MfariB	GCA	A	I	0.0	0.18595035473	0.1	0.0204081632653	0.816326530612	0.362962962963	0.00740740740741	2250.0	-0.994621342513	44.0	0.0	0.0
LanspB	GCT	A	I	0.0	0.702380849627	0.166666666667	0.0172413793103	0.844827586207	0.58	0.01	1429.0	-1.00410172272	45.0	0.0	0.0
CphanA	GCA	A	I	0.0	0.589432144901	0.0833333333333	0.0204081632653	0.65306122449	0.302469135802	0.037037037037	2247.0	-1.06431079895	44.0	0.0	0.0
CphanA	GCT	A	I	0.0	0.589432144901	0.333333333333	0.0462962962963	0.657407407407	0.666666666667	0.037037037037	2247.0	-0.963432910381	45.0	0.0	0.0
ScryoA	GCA	A	I	0.0	0.71978554796	0.333333333333	0.09375	0.625	0.333333333333	0.0520833333333	1424.0	-0.735055572244	44.0	0.0	0.0
ScryoA	GCT	A	I	0.0	0.71978554796	0.333333333333	0.037037037037	0.5	0.5625	0.0520833333333	1424.0	-1.39406327764	45.0	0.0	0.0
CsakeA	GCA	A	I	0.0	0.235294050917	0.111111111111	0.0204081632653	0.918367346939	0.3828125	0.0078125	2207.0	-0.933852140078	44.0	0.0	0.0
HuvarA	GCA	A	I	0.0	0.144360023378	0.4	0.0769230769231	0.692307692308	0.298850574713	0.0344827586207	1361.0	-0.79283887468	44.0	0.0	0.0
HuvarA	GCT	A	I	0.0	0.144360023378	0.166666666667	0.0169491525424	0.661016949153	0.67816091954	0.0344827586207	1361.0	-1.26202776881	45.0	0.0	0.0
CjiufA	GCT	A	I	0.0	0.642307568813	0.0769230769231	0.0102040816327	0.938775510204	0.715328467153	0.00729927007299	2231.0	-1.06619305368	45.0	0.0	0.0
KlactA	GCA	A	I	0.0	0.77368413239	0.142857142857	0.0294117647059	0.852941176471	0.369565217391	0.0217391304348	1408.0	-0.944831429368	44.0	0.0	0.0
KlactA	GCT	A	I	0.0	0.77368413239	0.166666666667	0.0185185185185	0.777777777778	0.586956521739	0.0217391304348	1408.0	-1.01788560298	45.0	0.0	0.0
CzempA	GCA	A	I	0.0	0.745454545455	0.166666666667	0.0285714285714	0.771428571429	0.4375	0.025	1428.0	-0.934693877551	44.0	0.0	0.0
CzempA	GCT	A	I	0.0	0.745454545455	0.166666666667	0.0222222222222	0.577777777778	0.5625	0.025	1428.0	-1.44882390337	45.0	0.0	0.0
CmetaB	GCT	A	I	0.0	0.619402853672	0.0769230769231	0.00952380952381	0.961904761905	0.75	0.00714285714286	2250.0	-1.07070182724	45.0	0.0	0.0
CmetaC	GCT	A	I	0.0	0.619402853672	0.0769230769231	0.00952380952381	0.961904761905	0.75	0.00714285714286	2250.0	-1.07070182724	45.0	0.0	0.0
CmetaA	GCT	A	I	0.0	0.619402853672	0.0769230769231	0.00952380952381	0.961904761905	0.75	0.00714285714286	2250.0	-1.07070182724	45.0	0.0	0.0
CmetaF	GCT	A	I	0.0	0.619402853672	0.0769230769231	0.00952380952381	0.961904761905	0.75	0.00714285714286	2250.0	-1.07070182724	45.0	0.0	0.0
CmetaD	GCT	A	I	0.0	0.619402853672	0.0769230769231	0.00952380952381	0.961904761905	0.75	0.00714285714286	2250.0	-1.07070182724	45.0	0.0	0.0
CmetaE	GCT	A	I	0.0	0.619402853672	0.0769230769231	0.00952380952381	0.961904761905	0.75	0.00714285714286	2250.0	-1.07070182724	45.0	0.0	0.0
PpastA	GCA	A	I	0.0	0.714912182274	0.1	0.0128205128205	0.820512820513	0.586466165414	0.00751879699248	2248.0	-1.00991691236	44.0	0.0	0.0
SjapoA	GCT	A	I	0.0	0.684948870819	0.166666666667	0.0327868852459	0.606557377049	0.782051282051	0.025641025641	1423.0	-1.2057847321	45.0	0.0	0.0
MmagnB	GCA	A	I	0.0	0.320723553146	0.222222222222	0.0566037735849	0.660377358491	0.404580152672	0.0229007633588	2249.0	-0.863866199922	44.0	0.0	0.0
MmagnA	GCA	A	I	0.0	0.139981439502	0.222222222222	0.0588235294118	0.647058823529	0.389312977099	0.0229007633588	2249.0	-0.831166192605	44.0	0.0	0.0
CcoryA	GCA	A	I	0.0	0.375328018745	0.1	0.0238095238095	0.833333333333	0.291666666667	0.0138888888889	2250.0	-1.10220788886	44.0	0.0	0.0
CcoryA	GCT	A	I	0.0	0.375328018745	0.0769230769231	0.0105263157895	0.873684210526	0.659722222222	0.0138888888889	2250.0	-1.0406278855	45.0	0.0	0.0
CparaC	GCA	A	I	0.0	0.13257571965	0.166666666667	0.0333333333333	0.933333333333	0.217391304348	0.00724637681159	2250.0	-0.992566371681	44.0	0.0	0.0
CparaB	GCA	A	I	0.0	0.13257571965	0.166666666667	0.0333333333333	0.933333333333	0.217391304348	0.00724637681159	2250.0	-0.992566371681	44.0	0.0	0.0
CparaE	GCA	A	I	0.0	0.13257571965	0.166666666667	0.0333333333333	0.933333333333	0.217391304348	0.00724637681159	2250.0	-0.992566371681	44.0	0.0	0.0
CparaD	GCA	A	I	0.0	0.13257571965	0.166666666667	0.0333333333333	0.933333333333	0.217391304348	0.00724637681159	2250.0	-0.992566371681	44.0	0.0	0.0
CparaF	GCA	A	I	0.0	0.13257571965	0.166666666667	0.0333333333333	0.933333333333	0.217391304348	0.00724637681159	2250.0	-0.992566371681	44.0	0.0	0.0
MtetrA	GCA	A	I	0.0	0.882376197014	0.125	0.03125	0.8125	0.238805970149	0.0223880597015	2248.0	-1.07050492611	44.0	0.0	0.0
MtetrA	GCC	A	I	0.0	0.882376197014	0.1	0.0166666666667	0.716666666667	0.44776119403	0.0223880597015	2248.0	-0.887310955367	47.0	0.0	0.0
YlipoB	GCA	A	I	0.0	0.501193024259	0.0909090909091	0.0185185185185	0.685185185185	0.3375	0.0375	2247.0	-1.08842991779	44.0	0.0	0.0
YlipoB	GCT	A	I	0.0	0.501193024259	0.333333333333	0.0510204081633	0.642857142857	0.6125	0.0375	2247.0	-0.910256410256	45.0	0.0	0.0
YlipoA	GCA	A	I	0.0	0.501193024259	0.0909090909091	0.0185185185185	0.685185185185	0.3375	0.0375	2247.0	-1.08842991779	44.0	0.0	0.0
YlipoA	GCT	A	I	0.0	0.501193024259	0.333333333333	0.0510204081633	0.642857142857	0.6125	0.0375	2247.0	-0.910256410256	45.0	0.0	0.0
LelonA	GCA	A	I	0.0	0.180769181637	0.1	0.025	0.9	0.289855072464	0.00724637681159	2249.0	-1.08016550297	44.0	0.0	0.0
CpseuA	GCT	A	I	0.0	0.796296225967	1.0	0.0909090909091	0.909090909091	0.392857142857	0.0357142857143	434.0	-0.767768595041	45.0	0.0	0.046
CalimA	GCT	A	I	0.0	0.459852032243	0.416666666667	0.0550458715596	0.633027522936	0.67701863354	0.0372670807453	2247.0	-1.01039688094	45.0	0.0	0.0
CchauA	GCT	A	I	0.0	0.773333255076	0.153846153846	0.0204081632653	0.84693877551	0.685314685315	0.013986013986	2250.0	-1.1065284517	45.0	0.0	0.0
SoctoA	GCA	A	I	0.0	0.877282425796	0.2	0.0434782608696	0.521739130435	0.234693877551	0.0612244897959	1425.0	-1.2489626556	44.0	0.0	0.0
SoctoA	GCT	A	I	0.0	0.877282425796	0.5	0.0735294117647	0.544117647059	0.69387755102	0.0612244897959	1425.0	-1.06162345941	45.0	0.0	0.0
CdefoA	GCA	A	I	0.0	0.90391507889	0.153846153846	0.0327868852459	0.622950819672	0.38125	0.0375	2247.0	-1.03457446809	44.0	0.0	0.0
CdefoA	GCT	A	I	0.0	0.90391507889	0.363636363636	0.0454545454545	0.659090909091	0.55	0.0375	2247.0	-0.94653196994	45.0	0.0	0.0
LdasiA	GCT	A	I	0.0	0.703703601406	0.166666666667	0.0175438596491	0.824561403509	0.581632653061	0.0102040816327	1429.0	-0.95304144385	45.0	0.0	0.0
CorthB	GCT	A	I	0.0	0.583333189477	0.0769230769231	0.00869565217391	0.947826086957	0.833333333333	0.00724637681159	2250.0	-1.09222748815	45.0	0.0	0.0
CorthC	GCT	A	I	0.0	0.579545309382	0.0769230769231	0.00862068965517	0.948275862069	0.840579710145	0.00724637681159	2250.0	-1.09052532833	45.0	0.0	0.0
CorthA	GCT	A	I	0.0	0.579545309382	0.0769230769231	0.00862068965517	0.948275862069	0.840579710145	0.00724637681159	2250.0	-1.09303201507	45.0	0.0	0.0
SpastA	GCT	A	I	0.0	0.759999917139	0.166666666667	0.0212765957447	0.744680851064	0.494736842105	0.0105263157895	1429.0	-1.1700610998	45.0	0.0	0.0
ScereC	GCT	A	I	0.0	0.723684115127	0.166666666667	0.0188679245283	0.77358490566	0.546391752577	0.0103092783505	1429.0	-1.15638528139	45.0	0.0	0.0
ScereA	GCT	A	I	0.0	0.727272633113	0.166666666667	0.0192307692308	0.788461538462	0.536082474227	0.0103092783505	1429.0	-1.1126631134	45.0	0.0	0.0
ScereD	GCT	A	I	0.0	0.733766141848	0.166666666667	0.0196078431373	0.78431372549	0.536842105263	0.0105263157895	1429.0	-1.16279069767	45.0	0.0	0.0
ScereE	GCT	A	I	0.0	0.733766141848	0.166666666667	0.0196078431373	0.78431372549	0.53125	0.0104166666667	1429.0	-1.16019508535	45.0	0.0	0.0
DhansA	GCA	A	I	0.0	0.195121897888	0.111111111111	0.0243902439024	0.90243902439	0.299270072993	0.00729927007299	2250.0	-0.923973767306	44.0	0.0	0.0
CsalmA	GCC	A	I	0.0	0.138169133855	0.25	0.142857142857	0.142857142857	0.0583333333333	0.0333333333333	2153.0	-0.368064952639	47.0	0.0	0.001
CsalmA	GCT	A	I	0.0	0.138169133855	0.272727272727	0.0348837209302	0.732558139535	0.716666666667	0.0333333333333	2153.0	-0.950679416205	45.0	0.0	0.0
LnothA	GCT	A	I	0.0	0.692770978265	0.166666666667	0.0161290322581	0.806451612903	0.613861386139	0.00990099009901	1429.0	-1.01890272015	45.0	0.0	0.0
CtheaA	GCA	A	I	0.0	0.157894695308	0.111111111111	0.030303030303	0.939393939394	0.239130434783	0.00724637681159	2250.0	-0.962349886401	44.0	0.0	0.0
MingeA	GCT	A	I	0.0	0.781190751301	0.166666666667	0.0227272727273	0.715909090909	0.682170542636	0.015503875969	2249.0	-0.970384995064	45.0	0.0	0.0
ScastA	GCT	A	I	0.0	0.682432322791	0.166666666667	0.0188679245283	0.867924528302	0.602272727273	0.0113636363636	1426.0	-1.08096514745	45.0	0.0	0.0
CmaltA	GCT	A	I	0.0	0.650375819141	0.0769230769231	0.010101010101	0.929292929293	0.702127659574	0.00709219858156	2250.0	-1.11927512356	45.0	0.0	0.0