### Random Forest prediction
genome	codon	ori_aa	rea_aa	fitch	Fisher_pval	Gene_frac	N._rea	N._used	Cod._count	Sub._count	G._len	codon_lik	id	prediction	probability
LmeyeA	CTA	L	P	0.0	0.00793650702314	0.333333333333	0.166666666667	0.0	0.0292682926829	0.00487804878049	1429.0	-1.18739903069	52.0	0.0	0.001
AacerA	CTA	L	P	0.0	0.00769230769231	0.5	0.0625	0.0	0.179775280899	0.0112359550562	630.0	-0.872622478386	52.0	0.0	0.334
CgallA	TTA	L	P	0.0	0.551020253151	0.0769230769231	0.00320512820513	0.842948717949	0.901734104046	0.0028901734104	2247.0	-2.93313569311	20.0	0.0	0.0
CsantA	CTT	L	P	0.0	0.31467178068	0.0909090909091	0.0166666666667	0.833333333333	0.18691588785	0.00311526479751	2220.0	-2.84411371876	53.0	0.0	0.0
KtherA	CTA	L	P	0.0	0.0130208324342	0.333333333333	0.2	0.0	0.024154589372	0.0048309178744	1429.0	-1.01740812379	52.0	0.0	0.001
CtetrA	TTA	L	P	0.0	0.61739117225	0.0769230769231	0.00363636363636	0.956363636364	0.768156424581	0.00279329608939	2249.0	-2.94721573052	20.0	0.0	0.0
LanspB	CTA	L	P	0.0	0.00793650702314	0.333333333333	0.142857142857	0.0	0.0339805825243	0.00485436893204	1429.0	-1.18106995885	52.0	0.0	0.001
CphanA	TTA	L	P	0.0	0.522033733285	0.0769230769231	0.003003003003	0.843843843844	0.956896551724	0.00287356321839	2247.0	-2.92999632439	20.0	0.0	0.0
LanspA	TTA	L	P	0.0	0.50781233007	0.142857142857	0.0049504950495	0.930693069307	0.948356807512	0.00469483568075	1429.0	-2.92556634304	20.0	0.0	0.0
HuvarA	CTG	L	P	0.0	0.001865691447	0.5	0.333333333333	0.0	0.0144927536232	0.0144927536232	1361.0	1.22784810127	54.0	0.0	0.02
HuvarA	CTA	L	P	0.0	0.001865691447	0.166666666667	0.0434782608696	0.0434782608696	0.111111111111	0.0144927536232	1361.0	-1.07637729549	52.0	0.0	0.001
HuvarA	TTA	L	P	0.0	0.001865691447	0.166666666667	0.00602409638554	0.734939759036	0.80193236715	0.0144927536232	1361.0	-2.79943372241	20.0	0.0	0.001
CzempA	TTA	L	P	0.0	0.506944274215	0.142857142857	0.00518134715026	0.730569948187	0.984693877551	0.00510204081633	1428.0	-2.84680829892	20.0	0.0	0.0
SjapoA	TTA	L	P	0.0	0.637681034328	0.142857142857	0.00653594771242	0.647058823529	0.725118483412	0.00473933649289	1423.0	-2.76465787822	20.0	0.0	0.0
MmagnB	CTT	L	P	0.0	0.472222163481	0.0769230769231	0.00884955752212	0.858407079646	0.338323353293	0.00299401197605	2249.0	-2.88081791626	53.0	0.0	0.0
MmagnA	CTT	L	P	0.0	0.472222162282	0.0769230769231	0.00869565217391	0.860869565217	0.344311377246	0.00299401197605	2249.0	-2.88172248804	53.0	0.0	0.0
MtetrA	CTT	L	P	0.0	0.527971990549	0.0769230769231	0.0133333333333	0.813333333333	0.223214285714	0.00297619047619	2248.0	-2.82053015959	53.0	0.0	0.0
YlipoB	TTA	L	P	0.0	0.545918210573	0.0769230769231	0.00315457413249	0.839116719243	0.916184971098	0.0028901734104	2247.0	-2.92799383905	20.0	0.0	0.0
YlipoA	TTA	L	P	0.0	0.545918210573	0.0769230769231	0.00315457413249	0.839116719243	0.916184971098	0.0028901734104	2247.0	-2.92799383905	20.0	0.0	0.0
AgossB	CTA	L	P	0.0	0.000454545387288	0.4	0.0833333333333	0.0833333333333	0.104347826087	0.00869565217391	1427.0	-0.953149606299	52.0	0.0	0.043
CalimA	TTA	L	P	0.0	0.53061208284	0.0769230769231	0.00308641975309	0.848765432099	0.936416184971	0.0028901734104	2247.0	-2.92870213721	20.0	0.0	0.0
CdefoA	TTA	L	P	0.0	0.544067639198	0.0769230769231	0.00314465408805	0.842767295597	0.916426512968	0.0028818443804	2247.0	-2.92756968489	20.0	0.0	0.0
LdasiA	CTA	L	P	0.0	0.0130890043318	0.333333333333	0.166666666667	0.0	0.0289855072464	0.0048309178744	1429.0	-1.18739903069	52.0	0.0	0.0
LkluyF	TTA	L	P	0.0	0.176510398042	0.142857142857	0.005	0.945	0.966183574879	0.0048309178744	1429.0	-2.93051620648	20.0	0.0	0.0
LkluyE	TTA	L	P	0.0	0.502631578947	0.142857142857	0.00502512562814	0.94472361809	0.961352657005	0.0048309178744	1429.0	-2.93029205889	20.0	0.0	0.0
LkluyD	TTA	L	P	0.0	0.505291005291	0.142857142857	0.00507614213198	0.944162436548	0.951690821256	0.0048309178744	1429.0	-2.92954999756	20.0	0.0	0.0
LkluyC	TTA	L	P	0.0	0.176510398042	0.142857142857	0.005	0.945	0.966183574879	0.0048309178744	1429.0	-2.93051620648	20.0	0.0	0.0
LkluyA	TTA	L	P	0.0	0.176510398042	0.142857142857	0.005	0.945	0.966183574879	0.0048309178744	1429.0	-2.93051620648	20.0	0.0	0.0
CsalmA	TTA	L	P	0.0	0.60594720169	0.25	0.0102040816327	0.775510204082	0.936305732484	0.00955414012739	2153.0	-2.83581201666	20.0	0.0	0.0
LnothA	CTA	L	P	0.0	0.00785340223756	0.333333333333	0.142857142857	0.0	0.0336538461538	0.00480769230769	1429.0	-1.18106995885	52.0	0.0	0.001
AgossA	CTA	L	P	0.0	0.000454545387288	0.4	0.0833333333333	0.0833333333333	0.104347826087	0.00869565217391	1427.0	-0.953149606299	52.0	0.0	0.043
MingeA	TTA	L	P	0.0	0.494773519164	0.0769230769231	0.00298507462687	0.844776119403	0.991124260355	0.00295857988166	2249.0	-2.89029689832	20.0	0.0	0.0
ScastA	TTA	L	P	0.0	0.159502913299	0.142857142857	0.00518134715026	0.875647668394	0.965	0.005	1426.0	-2.93263785395	20.0	0.0	0.0