### Random Forest prediction
genome	codon	ori_aa	rea_aa	fitch	Fisher_pval	Gene_frac	N._rea	N._used	Cod._count	Sub._count	G._len	codon_lik	id	prediction	probability
Metaseiulus_occidentalis	TCT	S	G	0.0	0.00583153899944	0.222222222222	0.0512820512821	0.74358974359	0.475609756098	0.0975609756098	1280.0	-0.208661417323	29.0	0.0	0.0
Metaseiulus_occidentalis	AGC	S	G	0.0	0.00583153899944	0.666666666667	0.6	0.2	0.0609756097561	0.0975609756098	1280.0	2.15979381443	11.0	0.0	0.21
Metaseiulus_occidentalis	AGT	S	G	0.0	0.00583153899944	0.4	0.25	0.5	0.0975609756098	0.0975609756098	1280.0	0.741214057508	9.0	0.0	0.004
Metaseiulus_occidentalis	TCC	S	G	0.0	0.00583153899944	0.2	0.111111111111	0.777777777778	0.109756097561	0.0975609756098	1280.0	0.191860465116	31.0	0.0	0.0
Paracentrotus	TCT	S	G	0.0	0.0942307654131	0.1	0.0434782608696	0.95652173913	0.328571428571	0.0285714285714	1351.0	-0.132733408324	29.0	0.0	0.0
Paracentrotus	AGT	S	G	0.0	0.0942307654131	0.5	0.5	0.5	0.0285714285714	0.0285714285714	1351.0	1.68831168831	9.0	0.0	0.014
Aphrocallistes_vastus	AGT	S	G	0.0	0.171764697759	0.333333333333	0.2	0.4	0.0793650793651	0.031746031746	1349.0	-0.166666666667	9.0	0.0	0.0
Aphrocallistes_vastus	TCA	S	G	0.0	0.171764697759	0.125	0.0357142857143	0.678571428571	0.444444444444	0.031746031746	1349.0	-0.386654478976	28.0	0.0	0.0
Schistosoma	TCT	S	G	0.0	0.988937081355	0.5	0.131578947368	0.368421052632	0.395833333333	0.125	1325.0	-0.0108108108108	29.0	0.0	0.0
Schistosoma	AGT	S	G	0.0	0.988937081355	0.4	0.125	0.40625	0.333333333333	0.125	1325.0	-0.366957903098	9.0	0.0	0.0
Schistosoma	TCC	S	G	0.0	0.988937081355	0.333333333333	0.333333333333	0.666666666667	0.03125	0.125	1325.0	1.49152542373	31.0	0.0	0.001
Schistosoma	TCA	S	G	0.0	0.988937081355	0.25	0.117647058824	0.529411764706	0.177083333333	0.125	1325.0	-0.250755287009	28.0	0.0	0.0
Fasciola	TCT	S	G	0.0	0.310923008096	0.5	0.173076923077	0.384615384615	0.52	0.15	1332.0	0.140824337586	29.0	0.0	0.0
Fasciola	AGC	S	G	0.0	0.310923008096	0.5	0.5	0.0	0.02	0.15	1332.0	1.8125	11.0	0.0	0.014
Fasciola	TCG	S	G	0.0	0.310923008096	0.333333333333	0.333333333333	0.333333333333	0.03	0.15	1332.0	0.228813559322	30.0	0.0	0.005
Fasciola	AGT	S	G	0.0	0.310923008096	0.4	0.111111111111	0.555555555556	0.36	0.15	1332.0	-0.0573065902579	9.0	0.0	0.0
Trichobilharzia_regenti	TCT	S	G	0.0	0.706239287961	0.5	0.108108108108	0.567567567568	0.37	0.1	1324.0	0.05	29.0	0.0	0.0
Trichobilharzia_regenti	AGT	S	G	0.0	0.706239287961	0.333333333333	0.133333333333	0.333333333333	0.45	0.1	1324.0	-0.56278280543	9.0	0.0	0.0
Versteria_mustelae	TCT	S	G	0.0	0.249634842346	0.363636363636	0.0943396226415	0.377358490566	0.5	0.11320754717	1328.0	-0.358353510896	29.0	0.0	0.0
Versteria_mustelae	AGT	S	G	0.0	0.249634842346	0.444444444444	0.108108108108	0.405405405405	0.349056603774	0.11320754717	1328.0	-0.214972527473	9.0	0.0	0.0
Versteria_mustelae	TCA	S	G	0.0	0.249634842346	0.428571428571	0.428571428571	0.285714285714	0.0660377358491	0.11320754717	1328.0	1.85347985348	28.0	0.0	0.016
Euseius_nicholsi	TCT	S	G	0.0	0.403760762594	0.25	0.0526315789474	0.736842105263	0.575757575758	0.0454545454545	1296.0	-0.173063973064	29.0	0.0	0.0
Euseius_nicholsi	AGT	S	G	0.0	0.403760762594	0.2	0.166666666667	0.666666666667	0.0909090909091	0.0454545454545	1296.0	0.209401709402	9.0	0.0	0.0
Patiria	AGC	S	G	0.0	0.126760548792	0.2	0.142857142857	0.714285714286	0.0909090909091	0.012987012987	1351.0	0.118081180812	11.0	0.0	0.0
Daphnia	AGT	S	G	0.0	0.0793650629244	0.166666666667	0.111111111111	0.555555555556	0.123287671233	0.013698630137	1351.0	0.0626780626781	9.0	0.0	0.0
Haplorchis_taichui	TCT	S	G	0.0	0.99560225353	0.75	0.186046511628	0.348837209302	0.494252873563	0.183908045977	1320.0	0.0995825879547	29.0	0.0	0.0
Haplorchis_taichui	AGC	S	G	0.0	0.99560225353	0.166666666667	0.142857142857	0.285714285714	0.0804597701149	0.183908045977	1320.0	-0.223443223443	11.0	0.0	0.0
Haplorchis_taichui	TCG	S	G	0.0	0.99560225353	0.333333333333	0.2	0.3	0.114942528736	0.183908045977	1320.0	0.266666666667	30.0	0.0	0.0
Haplorchis_taichui	AGT	S	G	0.0	0.99560225353	0.444444444444	0.190476190476	0.47619047619	0.241379310345	0.183908045977	1320.0	0.232558139535	9.0	0.0	0.0
Haplorchis_taichui	TCA	S	G	0.0	0.99560225353	0.25	0.25	0.25	0.0459770114943	0.183908045977	1320.0	0.528662420382	28.0	0.0	0.0
Lumbricus	TCA	S	G	0.0	0.737704827474	0.1	0.030303030303	0.939393939394	0.5	0.0151515151515	1350.0	-0.269141531323	28.0	0.0	0.0
Halocynthia	TCT	S	G	0.0	0.84134609907	0.1	0.025641025641	0.74358974359	0.438202247191	0.0224719101124	1348.0	-0.42005242464	29.0	0.0	0.0
Halocynthia	AGT	S	G	0.0	0.84134609907	0.1	0.03125	0.65625	0.359550561798	0.0224719101124	1348.0	-0.452285485164	9.0	0.0	0.0
Limulus	TCC	S	G	0.0	0.179104451847	0.166666666667	0.0909090909091	0.818181818182	0.146666666667	0.0133333333333	1351.0	-0.226107226107	31.0	0.0	0.0
Echinococcus_equinus	TCT	S	G	0.0	0.386872164363	0.7	0.19512195122	0.439024390244	0.488095238095	0.107142857143	1331.0	0.398235664776	29.0	0.0	0.002
Echinococcus_equinus	AGT	S	G	0.0	0.386872164363	0.142857142857	0.0434782608696	0.521739130435	0.27380952381	0.107142857143	1331.0	-0.494456762749	9.0	0.0	0.0
Taenia_crassiceps	TCG	S	G	0.0	0.317643766502	0.166666666667	0.142857142857	0.285714285714	0.0679611650485	0.116504854369	1333.0	-0.202898550725	30.0	0.0	0.0
Taenia_crassiceps	TCT	S	G	0.0	0.317643766502	0.454545454545	0.159090909091	0.318181818182	0.427184466019	0.116504854369	1333.0	0.0932551319648	29.0	0.0	0.0
Taenia_crassiceps	AGT	S	G	0.0	0.317643766502	0.333333333333	0.0833333333333	0.472222222222	0.349514563107	0.116504854369	1333.0	-0.195467422096	9.0	0.0	0.0
Taenia_crassiceps	TCA	S	G	0.0	0.317643766502	0.25	0.0666666666667	0.666666666667	0.145631067961	0.116504854369	1333.0	-0.0871794871795	28.0	0.0	0.0
Axinella	TCT	S	G	0.0	0.721589805576	0.333333333333	0.1	0.833333333333	0.394736842105	0.0526315789474	1348.0	0.0598290598291	29.0	0.0	0.0
Axinella	AGT	S	G	0.0	0.721589805576	0.142857142857	0.0714285714286	0.928571428571	0.184210526316	0.0526315789474	1348.0	-0.204007285974	9.0	0.0	0.0
Terebratulina	AGC	S	G	0.0	0.0327868739261	0.25	0.25	0.75	0.0555555555556	0.0138888888889	1351.0	0.635761589404	11.0	0.0	0.0
Suberites_domuncula	TCT	S	G	0.0	0.93017893929	0.125	0.0384615384615	0.884615384615	0.329113924051	0.0506329113924	1351.0	-0.104536489152	29.0	0.0	0.0
Suberites_domuncula	AGT	S	G	0.0	0.93017893929	0.166666666667	0.0769230769231	0.923076923077	0.164556962025	0.0506329113924	1351.0	-0.19373776908	9.0	0.0	0.0
Suberites_domuncula	TCC	S	G	0.0	0.93017893929	0.2	0.1	0.8	0.126582278481	0.0506329113924	1351.0	0.0964467005076	31.0	0.0	0.0
Suberites_domuncula	TCA	S	G	0.0	0.93017893929	0.142857142857	0.0588235294118	0.941176470588	0.215189873418	0.0506329113924	1351.0	0.089258698941	28.0	0.0	0.0
Geodia	TCT	S	G	0.0	0.0939189175413	0.111111111111	0.0294117647059	0.941176470588	0.425	0.0375	1350.0	-0.115615615616	29.0	0.0	0.0
Geodia	AGC	S	G	0.0	0.0939189175413	0.5	0.5	0.0	0.025	0.0375	1350.0	0.961538461538	11.0	0.0	0.036
Geodia	TCA	S	G	0.0	0.0939189175413	0.125	0.0526315789474	0.842105263158	0.2375	0.0375	1350.0	-0.237127371274	28.0	0.0	0.0
Metridium	TCC	S	G	0.0	0.176045903107	0.333333333333	0.142857142857	0.857142857143	0.184210526316	0.0263157894737	1351.0	0.349264705882	31.0	0.0	0.0
Amphimedon_queenslandica	TCT	S	G	0.0	0.188967130207	0.142857142857	0.0909090909091	0.909090909091	0.146666666667	0.0266666666667	1351.0	0.0727699530516	29.0	0.0	0.0
Amphimedon_queenslandica	TCC	S	G	0.0	0.188967130207	0.2	0.111111111111	0.777777777778	0.12	0.0266666666667	1351.0	0.533707865169	31.0	0.0	0.0
Tetrancistrum_nebulosi	TCT	S	G	0.0	0.437619819578	0.625	0.157894736842	0.421052631579	0.417582417582	0.164835164835	1333.0	0.350640593392	29.0	0.0	0.0
Tetrancistrum_nebulosi	TCG	S	G	0.0	0.437619819578	0.5	0.25	0.25	0.043956043956	0.164835164835	1333.0	-0.217948717949	30.0	0.0	0.0
Tetrancistrum_nebulosi	AGT	S	G	0.0	0.437619819578	0.333333333333	0.16	0.28	0.274725274725	0.164835164835	1333.0	-0.406537282942	9.0	0.0	0.0
Tetrancistrum_nebulosi	TCC	S	G	0.0	0.437619819578	0.6	0.375	0.25	0.0879120879121	0.164835164835	1333.0	1.06430868167	31.0	0.0	0.045
Tetrancistrum_nebulosi	TCA	S	G	0.0	0.437619819578	0.142857142857	0.1	0.5	0.10989010989	0.164835164835	1333.0	-0.0255754475703	28.0	0.0	0.0
Trichinella	AGC	S	G	0.0	0.291531899721	0.333333333333	0.2	0.3	0.119047619048	0.0833333333333	1343.0	-0.437017994859	11.0	0.0	0.0
Trichinella	AGT	S	G	0.0	0.291531899721	0.333333333333	0.166666666667	0.583333333333	0.142857142857	0.0833333333333	1343.0	0.257383966245	9.0	0.0	0.0
Trichinella	TCC	S	G	0.0	0.291531899721	0.166666666667	0.0625	0.5	0.190476190476	0.0833333333333	1343.0	-0.182108626198	31.0	0.0	0.0
Trichinella	TCA	S	G	0.0	0.291531899721	0.222222222222	0.0909090909091	0.590909090909	0.261904761905	0.0833333333333	1343.0	-0.526806526807	28.0	0.0	0.0
Balanoglossus	TCT	S	G	0.0	0.286666627538	0.166666666667	0.0588235294118	0.941176470588	0.220779220779	0.012987012987	1351.0	0.134036144578	29.0	0.0	0.0
Acropora	TCT	S	G	0.0	0.341918170754	0.125	0.0277777777778	0.888888888889	0.45	0.0375	1350.0	-0.214336917563	29.0	0.0	0.0
Acropora	AGT	S	G	0.0	0.341918170754	0.166666666667	0.0714285714286	0.857142857143	0.175	0.0375	1350.0	-0.156079854809	9.0	0.0	0.0
Acropora	TCC	S	G	0.0	0.341918170754	0.25	0.166666666667	0.5	0.075	0.0375	1350.0	-0.0301724137931	31.0	0.0	0.0
Pseudogarypus_banksi	TCT	S	G	0.0	0.239554262377	0.363636363636	0.093023255814	0.651162790698	0.483146067416	0.0786516853933	1347.0	0.0172619047619	29.0	0.0	0.0
Pseudogarypus_banksi	AGT	S	G	0.0	0.239554262377	0.666666666667	0.285714285714	0.285714285714	0.0786516853933	0.0786516853933	1347.0	1.27697841727	9.0	0.0	0.0
Pseudogarypus_banksi	TCA	S	G	0.0	0.239554262377	0.1	0.0333333333333	0.533333333333	0.337078651685	0.0786516853933	1347.0	-0.691516709512	28.0	0.0	0.0
Benedenia_hoshinai	TCT	S	G	0.0	0.742442302966	0.7	0.169811320755	0.433962264151	0.469026548673	0.141592920354	1333.0	0.0732883317261	29.0	0.0	0.0
Benedenia_hoshinai	AGT	S	G	0.0	0.742442302966	0.555555555556	0.181818181818	0.424242424242	0.29203539823	0.141592920354	1333.0	-0.0015503875969	9.0	0.0	0.0
Benedenia_hoshinai	TCA	S	G	0.0	0.742442302966	0.25	0.142857142857	0.428571428571	0.0619469026549	0.141592920354	1333.0	0.158671586716	28.0	0.0	0.0
Myxine	TCT	S	G	0.0	0.115540954082	0.285714285714	0.1	0.8	0.215053763441	0.0537634408602	1350.0	-0.167519181586	29.0	0.0	0.0
Myxine	AGC	S	G	0.0	0.115540954082	0.4	0.181818181818	0.636363636364	0.118279569892	0.0537634408602	1350.0	0.232394366197	11.0	0.0	0.0
Myxine	TCC	S	G	0.0	0.115540954082	0.142857142857	0.0526315789474	0.736842105263	0.204301075269	0.0537634408602	1350.0	-0.279946164199	31.0	0.0	0.0
Drosophila	TCT	S	G	0.0	0.361538389832	0.111111111111	0.0322580645161	0.838709677419	0.424657534247	0.013698630137	1351.0	-0.321048321048	29.0	0.0	0.0
Ciona	TCT	S	G	0.0	0.386024403585	0.2	0.0606060606061	0.636363636364	0.351063829787	0.0212765957447	1348.0	-0.109034267913	29.0	0.0	0.0
Strigamia_maritima	AGT	S	G	0.0	0.0169491466906	0.5	0.5	0.5	0.0298507462687	0.0149253731343	1351.0	2.625	9.0	0.0	0.013
Caenorhabditis	TCT	S	G	0.0	0.928308798778	0.222222222222	0.0869565217391	0.521739130435	0.396551724138	0.0862068965517	1346.0	-0.348706411699	29.0	0.0	0.0
Caenorhabditis	AGT	S	G	0.0	0.928308798778	0.142857142857	0.0769230769231	0.615384615385	0.224137931034	0.0862068965517	1346.0	0.184890656064	9.0	0.0	0.0
Caenorhabditis	TCA	S	G	0.0	0.928308798778	0.125	0.105263157895	0.526315789474	0.327586206897	0.0862068965517	1346.0	-0.548563611491	28.0	0.0	0.0
Homo	AGT	S	G	0.0	0.0333333264283	0.2	0.2	0.4	0.0617283950617	0.0123456790123	1351.0	0.730964467005	9.0	0.0	0.0
Ascidiella_aspersa	TCT	S	G	0.0	0.468656340423	0.111111111111	0.0277777777778	0.666666666667	0.378947368421	0.0421052631579	1350.0	-0.213980028531	29.0	0.0	0.0
Ascidiella_aspersa	AGC	S	G	0.0	0.468656340423	0.285714285714	0.166666666667	0.583333333333	0.126315789474	0.0421052631579	1350.0	0.147751605996	11.0	0.0	0.0
Ascidiella_aspersa	AGT	S	G	0.0	0.468656340423	0.111111111111	0.0416666666667	0.583333333333	0.252631578947	0.0421052631579	1350.0	-0.468381564845	9.0	0.0	0.0
Saccoglossus	TCA	S	G	0.0	0.439189126204	0.125	0.0344827586207	0.896551724138	0.381578947368	0.0131578947368	1351.0	-0.225749559083	28.0	0.0	0.0