### Random Forest prediction
genome	codon	ori_aa	rea_aa	fitch	Fisher pval	Gene frac	N. rea	N. used	Cod. count	Sub. count	G. len	codon_lik	id	prediction
LmeyeA	GCA	A	G	0.0	0.106117331929	0.166666666667	0.0555555555556	0.833333333333	0.349514563107	0.0194174757282	1456.0	0.180309423347	44.0	0.0
SpombA	GCA	A	G	0.0	0.155423859739	0.333333333333	0.130434782609	0.434782608696	0.225490196078	0.0980392156863	1452.0	-0.134065934066	44.0	0.0
SpombA	GCT	A	G	0.0	0.155423859739	0.5	0.0857142857143	0.6	0.686274509804	0.0980392156863	1452.0	-0.0891393442623	45.0	0.0
SpombA	GCG	A	G	0.0	0.155423859739	0.25	0.25	0.0	0.0392156862745	0.0980392156863	1452.0	0.0128205128205	46.0	0.0
SpastA	GCA	A	G	0.0	0.843150325142	0.4	0.0454545454545	0.818181818182	0.458333333333	0.0416666666667	1456.0	0.188379063869	44.0	0.0
SpastA	GCT	A	G	0.0	0.843150325142	0.333333333333	0.0416666666667	0.8125	0.5	0.0416666666667	1456.0	0.0889505119454	45.0	0.0
CmetaD	GCA	A	G	0.0	0.523584548194	0.285714285714	0.0769230769231	0.807692307692	0.185714285714	0.0428571428571	2101.0	0.231890270039	44.0	0.0
CmetaD	GCT	A	G	0.0	0.523584548194	0.166666666667	0.0388349514563	0.932038834951	0.735714285714	0.0428571428571	2101.0	0.167209067445	45.0	0.0
CgigaA	GCA	A	G	0.0	0.265856622021	0.166666666667	0.0769230769231	0.692307692308	0.105691056911	0.0569105691057	1879.0	0.253012048193	44.0	0.0
CgigaA	GCT	A	G	0.0	0.265856622021	0.333333333333	0.0769230769231	0.8	0.528455284553	0.0569105691057	1879.0	0.082721814543	45.0	0.0
CgigaA	GCG	A	G	0.0	0.265856622021	0.142857142857	0.0909090909091	0.818181818182	0.0894308943089	0.0569105691057	1879.0	0.542354235424	46.0	0.0
CsantA	GCA	A	G	0.0	0.601534867011	0.222222222222	0.0526315789474	0.684210526316	0.322033898305	0.0508474576271	2073.0	-0.128453850676	44.0	0.0
CsantA	GCT	A	G	0.0	0.601534867011	0.3	0.0727272727273	0.690909090909	0.466101694915	0.0508474576271	2073.0	0.0947605403193	45.0	0.0
CtropB	GCC	A	G	0.0	0.322033268122	0.111111111111	0.0434782608696	0.95652173913	0.174242424242	0.030303030303	2101.0	0.266900350526	47.0	0.0
CtropB	GCT	A	G	0.0	0.322033268122	0.181818181818	0.0266666666667	0.88	0.568181818182	0.030303030303	2101.0	0.0150352868978	45.0	0.0
CtropB	GCG	A	G	0.0	0.322033268122	0.25	0.111111111111	0.888888888889	0.0681818181818	0.030303030303	2101.0	0.484094052559	46.0	0.0
CtropA	GCC	A	G	0.0	0.157059430308	0.111111111111	0.0454545454545	0.954545454545	0.166666666667	0.030303030303	2101.0	0.296685954761	47.0	0.0
CtropA	GCT	A	G	0.0	0.157059430308	0.181818181818	0.0263157894737	0.881578947368	0.575757575758	0.030303030303	2101.0	0.0148013895182	45.0	0.0
CtropA	GCG	A	G	0.0	0.157059430308	0.25	0.142857142857	0.857142857143	0.0530303030303	0.030303030303	2101.0	0.591596638655	46.0	0.0
WpijpA	GCA	A	G	0.0	0.00139730274294	0.142857142857	0.0263157894737	0.921052631579	0.395833333333	0.03125	1456.0	0.0323442929698	44.0	0.0
WpijpA	GCC	A	G	0.0	0.00139730274294	0.2	0.142857142857	0.714285714286	0.0729166666667	0.03125	1456.0	0.780380673499	47.0	0.0
WpijpA	GCG	A	G	0.0	0.00139730274294	1.0	1.0	0.0	0.0104166666667	0.03125	1456.0	3.28421052632	46.0	0.0
CoxycA	GCC	A	G	0.0	0.193121680335	1.0	0.5	0.5	0.0606060606061	0.0606060606061	442.0	1.85436893204	47.0	0.0
CoxycA	GCT	A	G	0.0	0.193121680335	1.0	0.0588235294118	0.764705882353	0.515151515152	0.0606060606061	442.0	-0.214857142857	45.0	0.0
CsubhA	GCA	A	G	0.0	0.607892622097	0.111111111111	0.0322580645161	0.806451612903	0.221428571429	0.0428571428571	2098.0	-0.250470101542	44.0	0.0
CsubhA	GCC	A	G	0.0	0.607892622097	0.181818181818	0.0384615384615	0.858974358974	0.557142857143	0.0428571428571	2098.0	-0.00827766482719	47.0	0.0
CsubhA	GCT	A	G	0.0	0.607892622097	0.111111111111	0.0555555555556	0.833333333333	0.128571428571	0.0428571428571	2098.0	0.298746518106	45.0	0.0
CsubhA	GCG	A	G	0.0	0.607892622097	0.142857142857	0.0769230769231	0.769230769231	0.0928571428571	0.0428571428571	2098.0	0.0578373847443	46.0	0.0
CsubhB	GCA	A	G	0.0	0.607892622097	0.111111111111	0.0322580645161	0.806451612903	0.221428571429	0.0428571428571	2098.0	-0.250470101542	44.0	0.0
CsubhB	GCC	A	G	0.0	0.607892622097	0.181818181818	0.0384615384615	0.858974358974	0.557142857143	0.0428571428571	2098.0	-0.00827766482719	47.0	0.0
CsubhB	GCT	A	G	0.0	0.607892622097	0.111111111111	0.0555555555556	0.833333333333	0.128571428571	0.0428571428571	2098.0	0.298746518106	45.0	0.0
CsubhB	GCG	A	G	0.0	0.607892622097	0.142857142857	0.0769230769231	0.769230769231	0.0928571428571	0.0428571428571	2098.0	0.0578373847443	46.0	0.0
OanguA	GCA	A	G	0.0	0.192076257844	0.333333333333	0.0625	0.854166666667	0.355555555556	0.0740740740741	2101.0	0.0945604773927	44.0	0.0
OanguA	GCC	A	G	0.0	0.192076257844	0.2	0.2	0.8	0.037037037037	0.0740740740741	2101.0	0.940397350993	47.0	0.0
OanguA	GCT	A	G	0.0	0.192076257844	0.363636363636	0.0632911392405	0.860759493671	0.585185185185	0.0740740740741	2101.0	0.106730213749	45.0	0.0
OanguA	GCG	A	G	0.0	0.192076257844	0.5	0.333333333333	0.666666666667	0.0222222222222	0.0740740740741	2101.0	0.979661016949	46.0	0.0
SarboA	GCA	A	G	0.0	0.0309281814125	0.166666666667	0.027027027027	0.837837837838	0.393617021277	0.031914893617	1456.0	0.106841101117	44.0	0.0
SarboA	GCC	A	G	0.0	0.0309281814125	1.0	1.0	0.0	0.0106382978723	0.031914893617	1456.0	3.28421052632	47.0	0.0
SarboA	GCT	A	G	0.0	0.0309281814125	0.166666666667	0.0188679245283	0.849056603774	0.563829787234	0.031914893617	1456.0	-0.00540644912145	45.0	0.0
CcastA	GCA	A	G	0.0	0.207317014225	0.142857142857	0.0285714285714	0.771428571429	0.35	0.01	1455.0	0.0278907611854	44.0	0.0
KtherA	GCA	A	G	0.0	0.102011474636	0.166666666667	0.0540540540541	0.756756756757	0.359223300971	0.0194174757282	1456.0	0.0310183914356	44.0	0.0
CblacA	GCA	A	G	0.0	0.0935960591133	1.0	0.285714285714	0.571428571429	0.2	0.114285714286	442.0	1.22884882108	44.0	0.0
CblacA	GCT	A	G	0.0	0.0935960591133	1.0	0.0740740740741	0.814814814815	0.771428571429	0.114285714286	442.0	0.263138948884	45.0	0.0
CnorvA	GCA	A	G	0.0	0.191171775321	0.0909090909091	0.0181818181818	0.890909090909	0.401459854015	0.029197080292	2101.0	0.122203811102	44.0	0.0
CnorvA	GCC	A	G	0.0	0.191171775321	0.333333333333	0.2	0.6	0.036496350365	0.029197080292	2101.0	1.01072961373	47.0	0.0
CnorvA	GCT	A	G	0.0	0.191171775321	0.181818181818	0.027027027027	0.837837837838	0.540145985401	0.029197080292	2101.0	-0.146862685662	45.0	0.0
CviswA	GCA	A	G	0.0	0.150719616454	0.111111111111	0.0227272727273	0.863636363636	0.335877862595	0.030534351145	2101.0	-0.16006059076	44.0	0.0
CviswA	GCC	A	G	0.0	0.150719616454	0.333333333333	0.2	0.6	0.0381679389313	0.030534351145	2101.0	0.235546038544	47.0	0.0
CviswA	GCT	A	G	0.0	0.150719616454	0.0909090909091	0.027397260274	0.917808219178	0.557251908397	0.030534351145	2101.0	0.0462244736426	45.0	0.0
MstarA	GCT	A	G	0.0	0.20955154339	0.181818181818	0.0519480519481	0.805194805195	0.641666666667	0.0333333333333	2101.0	0.0644450968878	45.0	0.0
NbaciA	GCA	A	G	0.0	0.364010317845	0.2	0.111111111111	0.722222222222	0.195652173913	0.0652173913043	1455.0	0.385487528345	44.0	0.0
NbaciA	GCT	A	G	0.0	0.364010317845	0.5	0.056338028169	0.845070422535	0.771739130435	0.0652173913043	1455.0	0.116800920598	45.0	0.0
KmarxA	GCC	A	G	0.0	0.0483870800684	1.0	0.25	0.5	0.111111111111	0.0277777777778	442.0	0.725060827251	47.0	0.0
LstarA	GCA	A	G	0.0	0.805938807908	0.25	0.0857142857143	0.742857142857	0.304347826087	0.0608695652174	1779.0	0.0459511568123	44.0	0.0
LstarA	GCT	A	G	0.0	0.805938807908	0.4	0.0571428571429	0.7	0.608695652174	0.0608695652174	1779.0	-0.0169635284139	45.0	0.0
MfariA	GCA	A	G	0.0	0.865665117727	0.125	0.0377358490566	0.924528301887	0.410852713178	0.0387596899225	2101.0	0.0580834556511	44.0	0.0
MfariA	GCT	A	G	0.0	0.865665117727	0.181818181818	0.0434782608696	0.898550724638	0.53488372093	0.0387596899225	2101.0	0.0794031898474	45.0	0.0
MfariB	GCA	A	G	0.0	0.0114253192868	0.222222222222	0.063829787234	0.808510638298	0.356060606061	0.0378787878788	2101.0	0.0691299165673	44.0	0.0
MfariB	GCT	A	G	0.0	0.0114253192868	0.0909090909091	0.0121951219512	0.926829268293	0.621212121212	0.0378787878788	2101.0	0.0763466704369	45.0	0.0
MfariB	GCG	A	G	0.0	0.0114253192868	1.0	1.0	0.0	0.00757575757576	0.0378787878788	2101.0	3.53684210526	46.0	0.0
CalaiA	GCA	A	G	0.0	0.117958019197	0.285714285714	0.153846153846	0.807692307692	0.201550387597	0.0542635658915	1905.0	0.517273146016	44.0	0.0
CalaiA	GCT	A	G	0.0	0.117958019197	0.2	0.03	0.86	0.77519379845	0.0542635658915	1905.0	0.107302022626	45.0	0.0
LanspB	GCA	A	G	0.0	0.187640429395	0.2	0.0555555555556	0.805555555556	0.349514563107	0.0194174757282	1456.0	0.0734463276836	44.0	0.0
CphanA	GCA	A	G	0.0	0.889664784944	0.272727272727	0.0666666666667	0.711111111111	0.296052631579	0.0592105263158	2100.0	-0.106774112314	44.0	0.0
CphanA	GCT	A	G	0.0	0.889664784944	0.363636363636	0.0588235294118	0.696078431373	0.671052631579	0.0592105263158	2100.0	-0.11685845157	45.0	0.0
LanspA	GCA	A	G	0.0	0.803013210845	0.2	0.0294117647059	0.794117647059	0.336633663366	0.029702970297	1456.0	-0.082171462474	44.0	0.0
LanspA	GCT	A	G	0.0	0.803013210845	0.333333333333	0.0327868852459	0.918032786885	0.60396039604	0.029702970297	1456.0	0.0878604963112	45.0	0.0
CsojaA	GCA	A	G	0.0	0.104455730257	0.166666666667	0.1	0.833333333333	0.322580645161	0.0322580645161	1435.0	0.355160142349	44.0	0.0
CglabA	GCA	A	G	0.0	0.80274254793	0.166666666667	0.025	0.825	0.434782608696	0.0326086956522	1439.0	0.129863567458	44.0	0.0
CglabA	GCT	A	G	0.0	0.80274254793	0.333333333333	0.04	0.86	0.54347826087	0.0326086956522	1439.0	0.0567881131691	45.0	0.0
ScryoA	GCA	A	G	0.0	0.306580148858	0.166666666667	0.03125	0.625	0.32	0.09	1454.0	-0.415863840719	44.0	0.0
ScryoA	GCT	A	G	0.0	0.306580148858	0.5	0.137931034483	0.51724137931	0.58	0.09	1454.0	0.16757902172	45.0	0.0
CneerA	GCA	A	G	0.0	0.213796135527	0.166666666667	0.05	0.9	0.153846153846	0.0307692307692	2101.0	0.242530755712	44.0	0.0
CneerA	GCC	A	G	0.0	0.213796135527	0.2	0.0833333333333	0.916666666667	0.0923076923077	0.0307692307692	2101.0	0.405462184874	47.0	0.0
CneerA	GCT	A	G	0.0	0.213796135527	0.0833333333333	0.0204081632653	0.908163265306	0.753846153846	0.0307692307692	2101.0	0.00127285350613	45.0	0.0
CsakeA	GCA	A	G	0.0	0.647753776065	0.25	0.0588235294118	0.862745098039	0.392307692308	0.0461538461538	2065.0	0.0412733260154	44.0	0.0
CsakeA	GCT	A	G	0.0	0.647753776065	0.2	0.041095890411	0.890410958904	0.561538461538	0.0461538461538	2065.0	0.116297468354	45.0	0.0
HuvarA	GCA	A	G	0.0	0.130815468196	0.2	0.0740740740741	0.666666666667	0.303370786517	0.112359550562	1397.0	-0.244943820225	44.0	0.0
HuvarA	GCC	A	G	0.0	0.130815468196	0.5	0.5	0.0	0.0224719101124	0.112359550562	1397.0	1.32663316583	47.0	0.0
HuvarA	GCT	A	G	0.0	0.130815468196	0.833333333333	0.116666666667	0.666666666667	0.674157303371	0.112359550562	1397.0	0.261031907671	45.0	0.0
CjiufA	GCA	A	G	0.0	0.231723322121	0.222222222222	0.0967741935484	0.838709677419	0.226277372263	0.036496350365	2080.0	0.295893295893	44.0	0.0
CjiufA	GCT	A	G	0.0	0.231723322121	0.166666666667	0.0210526315789	0.915789473684	0.693430656934	0.036496350365	2080.0	0.0626389918458	45.0	0.0
KlactA	GCT	A	G	0.0	0.712499900739	0.166666666667	0.0178571428571	0.803571428571	0.589473684211	0.0105263157895	1434.0	-0.10843373494	45.0	0.0
CzempA	GCT	A	G	0.0	0.00760702644402	0.333333333333	0.152173913043	0.586956521739	0.55421686747	0.0843373493976	1455.0	0.586566171581	45.0	0.0
CmetaB	GCA	A	G	0.0	0.523584548194	0.285714285714	0.0769230769231	0.807692307692	0.185714285714	0.0428571428571	2101.0	0.231890270039	44.0	0.0
CmetaB	GCT	A	G	0.0	0.523584548194	0.166666666667	0.0388349514563	0.932038834951	0.735714285714	0.0428571428571	2101.0	0.167209067445	45.0	0.0
CmetaC	GCA	A	G	0.0	0.523584548194	0.285714285714	0.0769230769231	0.807692307692	0.185714285714	0.0428571428571	2101.0	0.231890270039	44.0	0.0
CmetaC	GCT	A	G	0.0	0.523584548194	0.166666666667	0.0388349514563	0.932038834951	0.735714285714	0.0428571428571	2101.0	0.167209067445	45.0	0.0
CmetaA	GCA	A	G	0.0	0.523584548194	0.285714285714	0.0769230769231	0.807692307692	0.185714285714	0.0428571428571	2101.0	0.231890270039	44.0	0.0
CmetaA	GCT	A	G	0.0	0.523584548194	0.166666666667	0.0388349514563	0.932038834951	0.735714285714	0.0428571428571	2101.0	0.167209067445	45.0	0.0
CmetaF	GCA	A	G	0.0	0.523584548194	0.285714285714	0.0769230769231	0.807692307692	0.185714285714	0.0428571428571	2101.0	0.231890270039	44.0	0.0
CmetaF	GCT	A	G	0.0	0.523584548194	0.166666666667	0.0388349514563	0.932038834951	0.735714285714	0.0428571428571	2101.0	0.167209067445	45.0	0.0
CfrijA	GCT	A	G	0.0	0.488724250201	0.166666666667	0.0421052631579	0.894736842105	0.7421875	0.03125	2101.0	0.0730691419731	45.0	0.0
CgallA	GCA	A	G	0.0	0.664500718854	0.25	0.0740740740741	0.685185185185	0.364864864865	0.0608108108108	2101.0	-0.0242424242424	44.0	0.0
CgallA	GCC	A	G	0.0	0.664500718854	0.166666666667	0.0833333333333	0.666666666667	0.0810810810811	0.0608108108108	2101.0	0.252572497661	47.0	0.0
CgallA	GCT	A	G	0.0	0.664500718854	0.3	0.05	0.7125	0.540540540541	0.0608108108108	2101.0	-0.200057695081	45.0	0.0
CmetaE	GCA	A	G	0.0	0.523584548194	0.285714285714	0.0769230769231	0.807692307692	0.185714285714	0.0428571428571	2101.0	0.231890270039	44.0	0.0
CmetaE	GCT	A	G	0.0	0.523584548194	0.166666666667	0.0388349514563	0.932038834951	0.735714285714	0.0428571428571	2101.0	0.167209067445	45.0	0.0
PpastA	GCA	A	G	0.0	0.116017564258	0.333333333333	0.0512820512821	0.807692307692	0.6	0.0307692307692	2101.0	0.013156013156	44.0	0.0
SjapoA	GCA	A	G	0.0	0.189220126838	0.333333333333	0.230769230769	0.538461538462	0.16049382716	0.0987654320988	1450.0	0.794950267789	44.0	0.0
SjapoA	GCC	A	G	0.0	0.189220126838	0.333333333333	0.25	0.5	0.0493827160494	0.0987654320988	1450.0	0.491183879093	47.0	0.0
SjapoA	GCT	A	G	0.0	0.189220126838	0.333333333333	0.0634920634921	0.603174603175	0.777777777778	0.0987654320988	1450.0	-0.0853499018967	45.0	0.0
CalbiE	GCT	A	G	0.0	0.437492964504	0.333333333333	0.0833333333333	0.833333333333	0.623376623377	0.0519480519481	1101.0	0.24636130137	45.0	0.0
CtetrA	GCA	A	G	0.0	0.395203529512	0.125	0.0869565217391	0.826086956522	0.1796875	0.0390625	2101.0	0.280904522613	44.0	0.0
CtetrA	GCT	A	G	0.0	0.395203529512	0.25	0.0344827586207	0.908045977011	0.6796875	0.0390625	2101.0	0.083541639258	45.0	0.0
MmagnB	GCA	A	G	0.0	0.957995916884	0.222222222222	0.0408163265306	0.714285714286	0.385826771654	0.0393700787402	2101.0	-0.284760845384	44.0	0.0
MmagnB	GCC	A	G	0.0	0.957995916884	0.111111111111	0.03125	0.84375	0.251968503937	0.0393700787402	2101.0	-0.170645792564	47.0	0.0
MmagnB	GCT	A	G	0.0	0.957995916884	0.285714285714	0.0588235294118	0.823529411765	0.267716535433	0.0393700787402	2101.0	0.203129890454	45.0	0.0
MmagnA	GCA	A	G	0.0	0.9598858179	0.222222222222	0.0425531914894	0.702127659574	0.370078740157	0.0393700787402	2101.0	-0.346234553509	44.0	0.0
MmagnA	GCC	A	G	0.0	0.9598858179	0.111111111111	0.03125	0.84375	0.251968503937	0.0393700787402	2101.0	-0.170645792564	47.0	0.0
MmagnA	GCT	A	G	0.0	0.9598858179	0.285714285714	0.0571428571429	0.828571428571	0.275590551181	0.0393700787402	2101.0	0.260157671316	45.0	0.0
CparaA	GCA	A	G	0.0	0.253333279627	0.2	0.047619047619	0.904761904762	0.201923076923	0.0192307692308	1659.0	-0.0148016577857	44.0	0.0
CparaA	GCT	A	G	0.0	0.253333279627	0.1	0.0125	0.95	0.769230769231	0.0192307692308	1659.0	0.0510158013544	45.0	0.0
CcoryA	GCA	A	G	0.0	0.897284626238	0.2	0.046511627907	0.813953488372	0.298611111111	0.0555555555556	2101.0	0.00670621614651	44.0	0.0
CcoryA	GCT	A	G	0.0	0.897284626238	0.333333333333	0.0631578947368	0.842105263158	0.659722222222	0.0555555555556	2101.0	0.0440313111546	45.0	0.0
CparaC	GCA	A	G	0.0	0.833263124063	0.166666666667	0.030303030303	0.848484848485	0.237410071942	0.0431654676259	2101.0	-0.17264957265	44.0	0.0
CparaC	GCT	A	G	0.0	0.833263124063	0.181818181818	0.0485436893204	0.922330097087	0.741007194245	0.0431654676259	2101.0	0.214626567529	45.0	0.0
CparaB	GCA	A	G	0.0	0.833263124063	0.166666666667	0.030303030303	0.848484848485	0.237410071942	0.0431654676259	2101.0	-0.17264957265	44.0	0.0
CparaB	GCT	A	G	0.0	0.833263124063	0.181818181818	0.0485436893204	0.922330097087	0.741007194245	0.0431654676259	2101.0	0.214626567529	45.0	0.0
CparaE	GCA	A	G	0.0	0.833263124063	0.166666666667	0.030303030303	0.848484848485	0.237410071942	0.0431654676259	2101.0	-0.17264957265	44.0	0.0
CparaE	GCT	A	G	0.0	0.833263124063	0.181818181818	0.0485436893204	0.922330097087	0.741007194245	0.0431654676259	2101.0	0.214626567529	45.0	0.0
CparaD	GCA	A	G	0.0	0.833263124063	0.166666666667	0.030303030303	0.848484848485	0.237410071942	0.0431654676259	2101.0	-0.17264957265	44.0	0.0
CparaD	GCT	A	G	0.0	0.833263124063	0.181818181818	0.0485436893204	0.922330097087	0.741007194245	0.0431654676259	2101.0	0.214626567529	45.0	0.0
CparaF	GCA	A	G	0.0	0.833263124063	0.166666666667	0.030303030303	0.848484848485	0.237410071942	0.0431654676259	2101.0	-0.17264957265	44.0	0.0
CparaF	GCT	A	G	0.0	0.833263124063	0.181818181818	0.0485436893204	0.922330097087	0.741007194245	0.0431654676259	2101.0	0.214626567529	45.0	0.0
MtetrA	GCA	A	G	0.0	0.0968667454096	0.125	0.0666666666667	0.866666666667	0.230769230769	0.0384615384615	2100.0	0.2167710508	44.0	0.0
MtetrA	GCC	A	G	0.0	0.0968667454096	0.1	0.016393442623	0.754098360656	0.469230769231	0.0384615384615	2100.0	-0.426573426573	47.0	0.0
MtetrA	GCT	A	G	0.0	0.0968667454096	0.2	0.133333333333	0.666666666667	0.115384615385	0.0384615384615	2100.0	0.0889042039972	45.0	0.0
CsaraA	GCA	A	G	0.0	0.0789043103198	0.111111111111	0.0243902439024	0.853658536585	0.317829457364	0.031007751938	2101.0	-0.0853496410529	44.0	0.0
CsaraA	GCC	A	G	0.0	0.0789043103198	0.333333333333	0.2	0.8	0.077519379845	0.031007751938	2101.0	0.679245283019	47.0	0.0
CsaraA	GCT	A	G	0.0	0.0789043103198	0.0909090909091	0.0135135135135	0.932432432432	0.573643410853	0.031007751938	2101.0	-0.0537583254044	45.0	0.0
CsuavA	GCA	A	G	0.0	0.702056260835	0.2	0.0350877192982	0.912280701754	0.416058394161	0.043795620438	2101.0	0.0936703899667	44.0	0.0
CsuavA	GCT	A	G	0.0	0.702056260835	0.272727272727	0.056338028169	0.802816901408	0.518248175182	0.043795620438	2101.0	0.202217441668	45.0	0.0
PkluyA	GCA	A	G	0.0	0.12154320698	0.333333333333	0.04	0.786666666667	0.6	0.032	2101.0	0.010182689428	44.0	0.0
PkluyA	GCG	A	G	0.0	0.12154320698	0.333333333333	0.2	0.6	0.04	0.032	2101.0	1.22816901408	46.0	0.0
PcanaA	GCA	A	G	0.0	0.593339089349	0.111111111111	0.0217391304348	0.847826086957	0.330935251799	0.0359712230216	2101.0	-0.204131824889	44.0	0.0
PcanaA	GCT	A	G	0.0	0.593339089349	0.272727272727	0.0454545454545	0.840909090909	0.63309352518	0.0359712230216	2101.0	0.176752004138	45.0	0.0
YlipoB	GCA	A	G	0.0	0.41800106146	0.3	0.078431372549	0.705882352941	0.34	0.06	2100.0	-0.00291479820628	44.0	0.0
YlipoB	GCC	A	G	0.0	0.41800106146	0.2	0.166666666667	0.666666666667	0.04	0.06	2100.0	0.392927308448	47.0	0.0
YlipoB	GCT	A	G	0.0	0.41800106146	0.272727272727	0.0444444444444	0.7	0.6	0.06	2100.0	-0.209035992952	45.0	0.0
YlipoA	GCA	A	G	0.0	0.41800106146	0.3	0.078431372549	0.705882352941	0.34	0.06	2100.0	-0.00291479820628	44.0	0.0
YlipoA	GCC	A	G	0.0	0.41800106146	0.2	0.166666666667	0.666666666667	0.04	0.06	2100.0	0.392927308448	47.0	0.0
YlipoA	GCT	A	G	0.0	0.41800106146	0.272727272727	0.0444444444444	0.7	0.6	0.06	2100.0	-0.209035992952	45.0	0.0
CjadiA	GCA	A	G	0.0	0.127720125686	0.222222222222	0.0357142857143	0.910714285714	0.4	0.05	2100.0	0.151160484031	44.0	0.0
CjadiA	GCC	A	G	0.0	0.127720125686	0.5	0.333333333333	0.666666666667	0.0214285714286	0.05	2100.0	1.05281690141	47.0	0.0
CjadiA	GCT	A	G	0.0	0.127720125686	0.363636363636	0.0493827160494	0.79012345679	0.578571428571	0.05	2100.0	0.0786678151019	45.0	0.0
NdelpA	GCA	A	G	0.0	0.479621594616	0.333333333333	0.0571428571429	0.885714285714	0.402298850575	0.0344827586207	1439.0	0.206002331002	44.0	0.0
NdelpA	GCT	A	G	0.0	0.479621594616	0.166666666667	0.0204081632653	0.857142857143	0.563218390805	0.0344827586207	1439.0	-0.0342762750361	45.0	0.0
LelonA	GCA	A	G	0.0	0.262871184261	0.222222222222	0.0697674418605	0.813953488372	0.316176470588	0.0367647058824	2101.0	0.0869894099849	44.0	0.0
LelonA	GCT	A	G	0.0	0.262871184261	0.166666666667	0.0227272727273	0.954545454545	0.647058823529	0.0367647058824	2101.0	0.10757717493	45.0	0.0
LkluyF	GCA	A	G	0.0	0.758426882888	0.2	0.02	0.86	0.485436893204	0.0194174757282	1456.0	-0.049745158002	44.0	0.0
LkluyF	GCT	A	G	0.0	0.758426882888	0.142857142857	0.02	0.84	0.485436893204	0.0194174757282	1456.0	-0.00203707476064	45.0	0.0
CalimA	GCA	A	G	0.0	0.93339775798	0.222222222222	0.047619047619	0.666666666667	0.278145695364	0.0596026490066	2100.0	-0.0422128998427	44.0	0.0
CalimA	GCT	A	G	0.0	0.93339775798	0.454545454545	0.0707070707071	0.686868686869	0.655629139073	0.0596026490066	2100.0	-0.12120157736	45.0	0.0
BcaliA	GCA	A	G	0.0	0.331509569062	0.3	0.051724137931	0.913793103448	0.423357664234	0.029197080292	2101.0	0.247690531178	44.0	0.0
BcaliA	GCT	A	G	0.0	0.331509569062	0.0909090909091	0.0133333333333	0.8	0.547445255474	0.029197080292	2101.0	-0.185532687651	45.0	0.0
SoctoA	GCA	A	G	0.0	0.722772803016	0.166666666667	0.0416666666667	0.541666666667	0.235294117647	0.078431372549	1454.0	-0.222174840085	44.0	0.0
SoctoA	GCT	A	G	0.0	0.722772803016	0.333333333333	0.0985915492958	0.549295774648	0.696078431373	0.078431372549	1454.0	-0.099739432542	45.0	0.0
LkluyB	GCT	A	G	0.0	0.225806451613	1.0	0.0588235294118	0.764705882353	0.485714285714	0.0285714285714	442.0	0.161621930326	45.0	0.0
CdefoA	GCA	A	G	0.0	0.831967444256	0.25	0.0714285714286	0.642857142857	0.373333333333	0.06	2100.0	-0.120865659453	44.0	0.0
CdefoA	GCT	A	G	0.0	0.831967444256	0.3	0.0602409638554	0.710843373494	0.553333333333	0.06	2100.0	-0.118173063695	45.0	0.0
LdasiA	GCA	A	G	0.0	0.134456004912	0.166666666667	0.0526315789474	0.789473684211	0.376237623762	0.019801980198	1456.0	0.211902855618	44.0	0.0
CpseuA	GCA	A	G	0.0	0.653804029569	1.0	0.0909090909091	0.818181818182	0.34375	0.09375	442.0	0.456713780919	44.0	0.0
CpseuA	GCT	A	G	0.0	0.653804029569	1.0	0.0769230769231	0.769230769231	0.40625	0.09375	442.0	-0.130044843049	45.0	0.0
CpseuA	GCG	A	G	0.0	0.653804029569	1.0	0.25	0.75	0.125	0.09375	442.0	0.75	46.0	0.0
LkluyE	GCA	A	G	0.0	0.758682245591	0.2	0.0196078431373	0.862745098039	0.495145631068	0.0194174757282	1456.0	-0.0511182108626	44.0	0.0
LkluyE	GCT	A	G	0.0	0.758682245591	0.142857142857	0.02	0.82	0.485436893204	0.0194174757282	1456.0	-0.000203707476064	45.0	0.0
LkluyD	GCT	A	G	0.0	0.752873477897	0.142857142857	0.0196078431373	0.823529411765	0.50495049505	0.00990099009901	1456.0	0.0045954045954	45.0	0.0
LkluyC	GCA	A	G	0.0	0.758426882888	0.2	0.02	0.86	0.485436893204	0.0194174757282	1456.0	-0.049745158002	44.0	0.0
LkluyC	GCT	A	G	0.0	0.758426882888	0.142857142857	0.02	0.84	0.485436893204	0.0194174757282	1456.0	-0.00203707476064	45.0	0.0
CvartA	GCC	A	G	0.0	0.0394614172005	0.333333333333	0.25	0.5	0.0294117647059	0.0441176470588	2101.0	0.186842105263	47.0	0.0
CvartA	GCT	A	G	0.0	0.0394614172005	0.4	0.0641025641026	0.846153846154	0.573529411765	0.0441176470588	2101.0	0.359861591696	45.0	0.0
LkluyA	GCA	A	G	0.0	0.758426882888	0.2	0.02	0.86	0.485436893204	0.0194174757282	1456.0	-0.049745158002	44.0	0.0
LkluyA	GCT	A	G	0.0	0.758426882888	0.142857142857	0.02	0.84	0.485436893204	0.0194174757282	1456.0	-0.00203707476064	45.0	0.0
CorthB	GCA	A	G	0.0	0.839405330805	0.166666666667	0.05	0.85	0.143884892086	0.0431654676259	2101.0	0.0601063829787	44.0	0.0
CorthB	GCT	A	G	0.0	0.839405330805	0.166666666667	0.0438596491228	0.912280701754	0.820143884892	0.0431654676259	2101.0	0.134016435021	45.0	0.0
CorthC	GCA	A	G	0.0	0.831757965606	0.166666666667	0.05	0.85	0.143884892086	0.0431654676259	2101.0	0.0601063829787	44.0	0.0
CorthC	GCT	A	G	0.0	0.831757965606	0.166666666667	0.0434782608696	0.913043478261	0.827338129496	0.0431654676259	2101.0	0.13202811245	45.0	0.0
CorthA	GCA	A	G	0.0	0.831757965606	0.166666666667	0.05	0.85	0.143884892086	0.0431654676259	2101.0	0.0601063829787	44.0	0.0
CorthA	GCT	A	G	0.0	0.831757965606	0.166666666667	0.0434782608696	0.913043478261	0.827338129496	0.0431654676259	2101.0	0.134375	45.0	0.0
ClusiA	GCA	A	G	0.0	0.00489290718037	0.1	0.0227272727273	0.931818181818	0.330827067669	0.0300751879699	2101.0	0.0670116429495	44.0	0.0
ClusiA	GCT	A	G	0.0	0.00489290718037	0.1	0.0121951219512	0.926829268293	0.616541353383	0.0300751879699	2101.0	-0.0470157657658	45.0	0.0
ClusiA	GCG	A	G	0.0	0.00489290718037	0.5	0.5	0.25	0.0300751879699	0.0300751879699	2101.0	1.84033613445	46.0	0.0
MguilA	GCA	A	G	0.0	0.00272948646101	0.125	0.0196078431373	0.862745098039	0.389312977099	0.0229007633588	2101.0	-0.0750521195274	44.0	0.0
MguilA	GCC	A	G	0.0	0.00272948646101	0.4	0.4	0.6	0.0381679389313	0.0229007633588	2101.0	1.57399103139	47.0	0.0
WmucoA	GCA	A	G	0.0	0.628422661065	0.1	0.0212765957447	0.851063829787	0.333333333333	0.0354609929078	2101.0	0.0212364322794	44.0	0.0
WmucoA	GCT	A	G	0.0	0.628422661065	0.333333333333	0.0470588235294	0.835294117647	0.602836879433	0.0354609929078	2101.0	0.0732670570611	45.0	0.0
ScereC	GCA	A	G	0.0	0.869742183718	0.333333333333	0.0526315789474	0.763157894737	0.383838383838	0.040404040404	1456.0	0.0702644937216	44.0	0.0
ScereC	GCT	A	G	0.0	0.869742183718	0.333333333333	0.0363636363636	0.818181818182	0.555555555556	0.040404040404	1456.0	0.0910949990705	45.0	0.0
ScereA	GCA	A	G	0.0	0.532681206303	0.333333333333	0.0512820512821	0.769230769231	0.393939393939	0.030303030303	1456.0	0.0803432137285	44.0	0.0
ScereA	GCT	A	G	0.0	0.532681206303	0.166666666667	0.0185185185185	0.833333333333	0.545454545455	0.030303030303	1456.0	0.00681431005111	45.0	0.0
ScereD	GCA	A	G	0.0	0.826203709779	0.166666666667	0.0263157894737	0.815789473684	0.39175257732	0.0309278350515	1456.0	0.026182206786	44.0	0.0
ScereD	GCT	A	G	0.0	0.826203709779	0.333333333333	0.0377358490566	0.830188679245	0.546391752577	0.0309278350515	1456.0	0.131055780737	45.0	0.0
ScereE	GCA	A	G	0.0	0.865052292299	0.333333333333	0.0512820512821	0.794871794872	0.397959183673	0.0408163265306	1456.0	0.128671692228	44.0	0.0
ScereE	GCT	A	G	0.0	0.865052292299	0.333333333333	0.0377358490566	0.830188679245	0.540816326531	0.0408163265306	1456.0	0.125675675676	45.0	0.0
DhansA	GCA	A	G	0.0	0.666867201682	0.222222222222	0.0666666666667	0.822222222222	0.333333333333	0.0518518518519	2101.0	0.0234962406015	44.0	0.0
DhansA	GCT	A	G	0.0	0.666867201682	0.272727272727	0.047619047619	0.904761904762	0.622222222222	0.0518518518519	2101.0	0.205710206995	45.0	0.0
CsalmA	GCA	A	G	0.0	0.575215012257	0.111111111111	0.0769230769231	0.730769230769	0.214876033058	0.0578512396694	2098.0	0.248444444444	44.0	0.0
CsalmA	GCT	A	G	0.0	0.575215012257	0.272727272727	0.0588235294118	0.764705882353	0.702479338843	0.0578512396694	2098.0	0.0367235494881	45.0	0.0
LnothA	GCA	A	G	0.0	0.126021429961	0.166666666667	0.0571428571429	0.828571428571	0.339805825243	0.0194174757282	1456.0	0.195001453066	44.0	0.0
BcustA	GCA	A	G	0.0	0.627080638174	0.3	0.0566037735849	0.754716981132	0.445378151261	0.0420168067227	2101.0	-0.0368071902418	44.0	0.0
BcustA	GCT	A	G	0.0	0.627080638174	0.2	0.0327868852459	0.803278688525	0.512605042017	0.0420168067227	2101.0	0.116061400225	45.0	0.0
CtheaA	GCA	A	G	0.0	0.854313076216	0.125	0.030303030303	0.909090909091	0.237410071942	0.0431654676259	2101.0	-0.121850189852	44.0	0.0
CtheaA	GCT	A	G	0.0	0.854313076216	0.166666666667	0.049504950495	0.910891089109	0.726618705036	0.0431654676259	2101.0	0.235734543392	45.0	0.0
MingeA	GCA	A	G	0.0	0.581469795618	0.222222222222	0.0540540540541	0.810810810811	0.296	0.04	2101.0	0.0592387968079	44.0	0.0
MingeA	GCT	A	G	0.0	0.581469795618	0.181818181818	0.0357142857143	0.77380952381	0.672	0.04	2101.0	-0.143328294627	45.0	0.0
ScastA	GCC	A	G	0.0	0.201521410901	0.25	0.166666666667	0.5	0.0666666666667	0.0333333333333	1456.0	0.293103448276	47.0	0.0
ScastA	GCT	A	G	0.0	0.201521410901	0.333333333333	0.0363636363636	0.890909090909	0.611111111111	0.0333333333333	1456.0	0.110763569457	45.0	0.0
CmaltA	GCA	A	G	0.0	0.835830650758	0.111111111111	0.0238095238095	0.880952380952	0.3	0.0357142857143	2101.0	0.0407288317256	44.0	0.0
CmaltA	GCT	A	G	0.0	0.835830650758	0.25	0.0421052631579	0.915789473684	0.678571428571	0.0357142857143	2101.0	0.193126815102	45.0	0.0
CbohiA	GCA	A	G	0.0	0.148358560453	0.125	0.0277777777778	0.916666666667	0.248275862069	0.048275862069	2101.0	0.209463722397	44.0	0.0
CbohiA	GCC	A	G	0.0	0.148358560453	0.5	0.5	0.5	0.0137931034483	0.048275862069	2101.0	1.58375634518	47.0	0.0
CbohiA	GCT	A	G	0.0	0.148358560453	0.25	0.0471698113208	0.839622641509	0.731034482759	0.048275862069	2101.0	0.00311962134251	45.0	0.0

### Alignment improvement:
