### Random Forest prediction
genome	codon	ori_aa	rea_aa	fitch	Fisher_pval	Gene_frac	N._rea	N._used	Cod._count	Sub._count	G._len	codon_lik	id	prediction	probability
Schistosoma	TTG	L	S	0.0	0.317890004681	0.166666666667	0.04	0.72	0.26455026455	0.010582010582	1325.0	-1.56864754098	22.0	0.0	0.0
Fasciola	CTT	L	S	0.0	0.135864601512	0.222222222222	0.08	0.56	0.12077294686	0.0193236714976	1332.0	-1.41382868937	53.0	0.0	0.0
Fasciola	TTA	L	S	0.0	0.135864601512	0.1	0.0232558139535	0.744186046512	0.207729468599	0.0193236714976	1332.0	-1.67361524717	20.0	0.0	0.0
Fasciola	TTG	L	S	0.0	0.135864601512	0.0833333333333	0.00787401574803	0.677165354331	0.613526570048	0.0193236714976	1332.0	-1.73881499395	22.0	0.0	0.0
Trichobilharzia_regenti	TTA	L	S	0.0	0.878154885407	0.0833333333333	0.010989010989	0.637362637363	0.455	0.015	1324.0	-1.64679541002	20.0	0.0	0.0
Trichobilharzia_regenti	TTG	L	S	0.0	0.878154885407	0.181818181818	0.0229885057471	0.666666666667	0.435	0.015	1324.0	-1.69713102632	22.0	0.0	0.0
Versteria_mustelae	TTG	L	S	0.0	0.466216167323	0.166666666667	0.018691588785	0.719626168224	0.529702970297	0.00990099009901	1328.0	-1.66634935745	22.0	0.0	0.0
Daphnia	CTA	L	S	0.0	0.345238069755	0.1	0.03125	0.9375	0.146788990826	0.0045871559633	1351.0	-1.75733544806	52.0	0.0	0.0
Haplorchis_taichui	TTA	L	S	0.0	0.944794410648	0.1	0.0192307692308	0.692307692308	0.253658536585	0.0146341463415	1320.0	-1.75061485489	20.0	0.0	0.0
Haplorchis_taichui	TTG	L	S	0.0	0.944794410648	0.166666666667	0.0281690140845	0.746478873239	0.346341463415	0.0146341463415	1320.0	-1.70437296711	22.0	0.0	0.0
Halocynthia	CTG	L	S	3.0	0.00584795119734	0.5	0.5	0.5	0.00985221674877	0.00492610837438	1348.0	0.189873417722	54.0	0.0	0.109
Echinococcus_equinus	TTA	L	S	0.0	0.836916027015	0.0909090909091	0.0166666666667	0.716666666667	0.295566502463	0.0147783251232	1331.0	-1.77066553624	20.0	0.0	0.0
Echinococcus_equinus	TTG	L	S	0.0	0.836916027015	0.166666666667	0.0162601626016	0.715447154472	0.605911330049	0.0147783251232	1331.0	-1.658343737	22.0	0.0	0.0
Taenia_crassiceps	TTA	L	S	0.0	0.814076459191	0.0833333333333	0.00833333333333	0.675	0.585365853659	0.00975609756098	1333.0	-1.6767891272	20.0	0.0	0.0
Taenia_crassiceps	TTG	L	S	0.0	0.814076459191	0.0909090909091	0.015873015873	0.746031746032	0.307317073171	0.00975609756098	1333.0	-1.83435083435	22.0	0.0	0.0
Tetrancistrum_nebulosi	CTC	L	S	0.0	0.0223880519719	0.2	0.142857142857	0.714285714286	0.0374331550802	0.00534759358289	1333.0	-1.29454545455	55.0	0.0	0.0
Trichinella	TTA	L	S	0.0	0.50689649815	0.0909090909091	0.016393442623	0.72131147541	0.311224489796	0.00510204081633	1343.0	-1.6512605042	20.0	0.0	0.0
Benedenia_hoshinai	TTG	L	S	0.0	0.0917145555674	0.222222222222	0.0769230769231	0.769230769231	0.131979695431	0.010152284264	1333.0	-1.43780607248	22.0	0.0	0.0
Caenorhabditis	TTA	L	S	0.0	0.676666555035	0.0833333333333	0.00826446280992	0.793388429752	0.636842105263	0.00526315789474	1346.0	-1.84391590571	20.0	0.0	0.0