### Random Forest prediction
genome	codon	ori_aa	rea_aa	fitch	Fisher_pval	Gene_frac	N._rea	N._used	Cod._count	Sub._count	G._len	codon_lik	id	prediction	probability
WmucoA	CAT	H	Y	1.0	0.571428571429	0.111111111111	0.0188679245283	0.88679245283	0.868852459016	0.016393442623	2246.0	1.74162869031	49.0	0.0	0.0
CgigaA	CAC	H	Y	0.0	0.701923076923	0.125	0.03125	0.9375	0.603773584906	0.0188679245283	2002.0	1.95071090047	51.0	0.0	0.0
CtropB	CAC	H	Y	0.0	0.215517241379	0.125	0.0384615384615	0.923076923077	0.433333333333	0.0166666666667	2250.0	1.96481051817	51.0	0.0	0.0
CtropA	CAC	H	Y	0.0	0.206896551724	0.125	0.04	0.92	0.416666666667	0.0166666666667	2250.0	1.97043337384	51.0	0.0	0.0
WpijpA	CAC	H	Y	0.0	0.738636363636	0.2	0.04	0.88	0.531914893617	0.0212765957447	1429.0	1.81330798479	51.0	0.0	0.0
CsubhA	CAC	H	Y	0.0	0.567796610169	0.1	0.0192307692308	0.961538461538	0.866666666667	0.0166666666667	2244.0	1.96589789079	51.0	0.0	0.0
CsubhB	CAC	H	Y	0.0	0.567796610169	0.1	0.0192307692308	0.961538461538	0.866666666667	0.0166666666667	2244.0	1.96589789079	51.0	0.0	0.0
CnorvA	CAT	H	Y	2.0	0.14120401965	0.222222222222	0.0327868852459	0.901639344262	1.0	0.0327868852459	2249.0	1.84900820793	49.0	0.0	0.0
CviswA	CAT	H	Y	0.0	0.560344827586	0.111111111111	0.0185185185185	0.925925925926	0.885245901639	0.016393442623	2249.0	1.85413039273	49.0	0.0	0.0
CtetrA	CAT	H	Y	0.0	0.577586206897	0.125	0.02	0.96	0.833333333333	0.0166666666667	2249.0	1.94	49.0	0.0	0.0
CbohiA	CAT	H	Y	0.0	0.484922332818	0.111111111111	0.0175438596491	0.982456140351	1.0	0.0175438596491	2250.0	2.0130538702	49.0	0.0	0.0
LstarA	CAT	H	Y	0.0	0.61	0.142857142857	0.0227272727273	0.863636363636	0.771929824561	0.0175438596491	1834.0	1.61413427562	49.0	0.0	0.0
CneerA	CAT	H	Y	0.0	0.51724137931	0.111111111111	0.0175438596491	0.964912280702	0.966101694915	0.0169491525424	2249.0	1.97237467984	49.0	0.0	0.0
CjiufA	CAT	H	Y	0.0	0.605263157895	0.111111111111	0.0222222222222	0.977777777778	0.789473684211	0.0175438596491	2231.0	2.04795821462	49.0	0.0	0.0
CfrijA	CAT	H	Y	1.0	0.51724137931	0.111111111111	0.0172413793103	0.948275862069	0.966666666667	0.0166666666667	2249.0	1.93080517613	49.0	0.0	0.0
PpastA	CAT	H	Y	0.0	0.570707070707	0.2	0.0377358490566	0.924528301887	0.929824561404	0.0350877192982	2248.0	1.97637951568	49.0	0.0	0.0
SjapoA	CAT	H	Y	0.0	0.514285714286	0.166666666667	0.025641025641	0.846153846154	0.975	0.025	1423.0	1.65888998035	49.0	0.0	0.0
CalbiE	CAT	H	Y	0.0	0.59375	0.25	0.0384615384615	0.961538461538	0.8125	0.03125	1183.0	2.0578358209	49.0	0.0	0.0
CalbiD	CAT	H	Y	0.0	0.59375	0.125	0.025641025641	0.974358974359	0.8125	0.0208333333333	2058.0	2.03504928806	49.0	0.0	0.0
CalbiC	CAT	H	Y	0.0	0.576271186441	0.111111111111	0.02	0.98	0.847457627119	0.0169491525424	2250.0	2.03675698383	49.0	0.0	0.0
CalbiB	CAT	H	Y	0.0	0.576271186441	0.111111111111	0.02	0.98	0.847457627119	0.0169491525424	2250.0	2.03675698383	49.0	0.0	0.0
CalbiA	CAT	H	Y	0.0	0.583333333333	0.125	0.025	0.975	0.833333333333	0.0208333333333	2058.0	2.03402445508	49.0	0.0	0.0
CsaraA	CAT	H	Y	0.0	0.533898305085	0.111111111111	0.0178571428571	0.964285714286	0.933333333333	0.0166666666667	2249.0	1.93905358129	49.0	0.0	0.0
CsuavA	CAT	H	Y	1.0	0.526785714286	0.111111111111	0.0175438596491	0.912280701754	0.934426229508	0.016393442623	2250.0	1.78078682525	49.0	0.0	0.0
PcanaA	CAT	H	Y	0.0	0.508928571429	0.111111111111	0.0169491525424	0.915254237288	0.983333333333	0.0166666666667	2250.0	1.79604341737	49.0	0.0	0.0
CjadiA	CAT	H	Y	0.0	0.518181818182	0.111111111111	0.0175438596491	0.912280701754	0.95	0.0166666666667	2250.0	1.81126192223	49.0	0.0	0.0
LelonA	CAT	H	Y	0.0	0.614035087719	0.125	0.0222222222222	0.955555555556	0.775862068966	0.0172413793103	2249.0	1.97328605201	49.0	0.0	0.0
BcaliA	CAT	H	Y	2.0	0.53477443609	0.222222222222	0.0333333333333	0.883333333333	0.967741935484	0.0322580645161	2250.0	1.78779424586	49.0	0.0	0.0
SoctoA	CAT	H	Y	0.0	0.571428571429	0.166666666667	0.0285714285714	0.828571428571	0.875	0.025	1425.0	1.57288509231	49.0	0.0	0.0
CvartA	CAT	H	Y	0.0	0.5625	0.111111111111	0.0188679245283	0.905660377358	0.868852459016	0.016393442623	2250.0	1.76900178607	49.0	0.0	0.0
CbuenA	CAT	H	Y	1.0	0.543103448276	0.111111111111	0.0185185185185	0.962962962963	0.915254237288	0.0169491525424	2248.0	1.95770334928	49.0	0.0	0.0
CdublA	CAT	H	Y	0.0	0.563829787234	0.125	0.0243902439024	0.975609756098	0.872340425532	0.0212765957447	2058.0	2.07710341235	49.0	0.0	0.0
ScereC	CAT	H	Y	0.0	0.544444444444	0.2	0.0232558139535	0.93023255814	0.914893617021	0.0212765957447	1429.0	1.87813620072	49.0	0.0	0.0
CmaltA	CAT	H	Y	0.0	0.629461584997	0.222222222222	0.0392156862745	0.941176470588	0.864406779661	0.0338983050847	2250.0	2.06436356159	49.0	0.0	0.0