### Random Forest prediction
genome	codon	ori_aa	rea_aa	fitch	Fisher pval	Gene frac	N. rea	N. used	Cod. count	Sub. count	G. len	codon_lik	id	prediction
Paracentrotus	CTT	L	I	0.0	0.876123633746	0.166666666667	0.0701754385965	0.701754385965	0.208791208791	0.0732600732601	1926.0	1.33915724563	53.0	0.0
Paracentrotus	CTG	L	I	0.0	0.876123633746	0.2	0.0869565217391	0.782608695652	0.0842490842491	0.0732600732601	1926.0	1.61452991453	54.0	0.0
Paracentrotus	CTA	L	I	0.0	0.876123633746	0.461538461538	0.0957446808511	0.765957446809	0.344322344322	0.0732600732601	1926.0	1.69230769231	52.0	0.0
Paracentrotus	CTC	L	I	0.0	0.876123633746	0.125	0.04	0.72	0.0915750915751	0.0732600732601	1926.0	1.45546088304	55.0	0.0
Paracentrotus	TTA	L	I	0.0	0.876123633746	0.166666666667	0.037037037037	0.722222222222	0.197802197802	0.0732600732601	1926.0	1.30644580483	20.0	0.0
Paracentrotus	TTG	L	I	0.0	0.876123633746	0.2	0.1	0.7	0.0732600732601	0.0732600732601	1926.0	1.3565300286	22.0	0.0
Beta_vulgaris_vulgaris	TTA	L	I	2.0	0.811904696964	0.111111111111	0.0126582278481	0.987341772152	0.370892018779	0.00469483568075	1539.0	1.80014412683	20.0	0.0
Malus_domestica	TTA	L	I	1.0	0.82758614737	0.111111111111	0.0142857142857	0.985714285714	0.336538461538	0.00480769230769	1518.0	1.83659066232	20.0	0.0
Phoenix_dactylifera	TTA	L	I	3.0	0.835680694442	0.0909090909091	0.0142857142857	0.985714285714	0.318181818182	0.00454545454545	1738.0	1.83043358188	20.0	0.0
Caenorhabditis	CTT	L	I	0.0	0.0492656365631	0.2	0.222222222222	0.407407407407	0.101503759398	0.0977443609023	1865.0	0.935483870968	53.0	0.0
Caenorhabditis	CTG	L	I	0.0	0.0492656365631	0.5	0.5	0.5	0.00751879699248	0.0977443609023	1865.0	2.44230769231	54.0	0.0
Caenorhabditis	CTA	L	I	0.0	0.0492656365631	0.181818181818	0.0909090909091	0.454545454545	0.0827067669173	0.0977443609023	1865.0	0.876344086022	52.0	0.0
Caenorhabditis	TTA	L	I	0.0	0.0492656365631	0.5	0.0742857142857	0.6	0.657894736842	0.0977443609023	1865.0	1.34023141967	20.0	0.0
Caenorhabditis	TTG	L	I	0.0	0.0492656365631	0.25	0.102564102564	0.538461538462	0.146616541353	0.0977443609023	1865.0	1.49176235647	22.0	0.0
Physcomitrella_patens	CTT	L	I	0.0	0.419298214723	0.0909090909091	0.0196078431373	0.980392156863	0.177083333333	0.00347222222222	1926.0	1.74377358491	53.0	0.0
Schistosoma	CTG	L	I	0.0	0.326260050209	0.25	0.166666666667	0.333333333333	0.0240963855422	0.116465863454	1800.0	0.119873817035	54.0	0.0
Schistosoma	CTA	L	I	0.0	0.326260050209	0.142857142857	0.0769230769231	0.538461538462	0.0522088353414	0.116465863454	1800.0	1.25148809524	52.0	0.0
Schistosoma	CTC	L	I	0.0	0.326260050209	0.333333333333	0.25	0.5	0.0160642570281	0.116465863454	1800.0	0.87684729064	55.0	0.0
Schistosoma	TTA	L	I	0.0	0.326260050209	0.5	0.112676056338	0.450704225352	0.570281124498	0.116465863454	1800.0	0.965213804482	20.0	0.0
Schistosoma	TTG	L	I	0.0	0.326260050209	0.583333333333	0.169491525424	0.525423728814	0.236947791165	0.116465863454	1800.0	1.70264101728	22.0	0.0
Fasciola	CTT	L	I	0.0	0.836244000532	0.5	0.157894736842	0.421052631579	0.139194139194	0.124542124542	1825.0	1.29175152749	53.0	0.0
Fasciola	CTA	L	I	0.0	0.836244000532	0.166666666667	0.142857142857	0.571428571429	0.025641025641	0.124542124542	1825.0	0.943820224719	52.0	0.0
Fasciola	TTA	L	I	0.0	0.836244000532	0.333333333333	0.0892857142857	0.535714285714	0.205128205128	0.124542124542	1825.0	1.04421416235	20.0	0.0
Fasciola	TTG	L	I	0.0	0.836244000532	0.75	0.133333333333	0.466666666667	0.604395604396	0.124542124542	1825.0	1.20112057897	22.0	0.0
Dunaliella_salina	CTT	L	I	0.0	0.616450449979	0.333333333333	0.0769230769231	0.653846153846	0.12380952381	0.0952380952381	1392.0	1.38116591928	53.0	0.0
Dunaliella_salina	TTA	L	I	0.0	0.616450449979	0.714285714286	0.109756097561	0.664634146341	0.780952380952	0.0952380952381	1392.0	1.53419701214	20.0	0.0
Carica_papaya	CTT	L	I	0.0	0.818018393815	0.1	0.0243902439024	0.951219512195	0.172268907563	0.00840336134454	1751.0	1.75185528757	53.0	0.0
Carica_papaya	TTA	L	I	0.0	0.818018393815	0.0909090909091	0.0121951219512	0.987804878049	0.344537815126	0.00840336134454	1751.0	1.81600563248	20.0	0.0
Patiria	CTT	L	I	0.0	0.0504133675842	0.583333333333	0.126984126984	0.730158730159	0.228260869565	0.0797101449275	1926.0	1.66614518148	53.0	0.0
Patiria	CTG	L	I	0.0	0.0504133675842	0.5	0.272727272727	0.545454545455	0.0398550724638	0.0797101449275	1926.0	1.71379310345	54.0	0.0
Patiria	CTA	L	I	0.0	0.0504133675842	0.230769230769	0.0537634408602	0.763440860215	0.336956521739	0.0797101449275	1926.0	1.4901103477	52.0	0.0
Patiria	CTC	L	I	0.0	0.0504133675842	0.444444444444	0.114285714286	0.742857142857	0.126811594203	0.0797101449275	1926.0	1.62493224932	55.0	0.0
Patiria	TTA	L	I	0.0	0.0504133675842	0.166666666667	0.0392156862745	0.78431372549	0.184782608696	0.0797101449275	1926.0	1.65042210284	20.0	0.0
Chaetosphaeridium_globosum	CTT	L	I	0.0	0.255898065479	0.0833333333333	0.0172413793103	0.948275862069	0.198630136986	0.013698630137	1930.0	1.74227504244	53.0	0.0
Chaetosphaeridium_globosum	CTA	L	I	0.0	0.255898065479	0.111111111111	0.0526315789474	0.894736842105	0.0650684931507	0.013698630137	1930.0	1.7595959596	52.0	0.0
Chaetosphaeridium_globosum	TTA	L	I	0.0	0.255898065479	0.153846153846	0.0106951871658	0.973262032086	0.640410958904	0.013698630137	1930.0	1.71801839465	20.0	0.0
Mesostigma_viride	CTT	L	I	0.0	0.185257011257	0.454545454545	0.109375	0.796875	0.231884057971	0.054347826087	1873.0	1.79017586416	53.0	0.0
Mesostigma_viride	TTA	L	I	0.0	0.185257011257	0.416666666667	0.0424242424242	0.927272727273	0.597826086957	0.054347826087	1873.0	1.75112532575	20.0	0.0
Mesostigma_viride	CTA	L	I	0.0	0.185257011257	0.1	0.0434782608696	0.95652173913	0.0833333333333	0.054347826087	1873.0	1.84919966302	52.0	0.0
Zea_mays_NB	TTA	L	I	6.0	0.821078369599	0.111111111111	0.013698630137	0.986301369863	0.350961538462	0.00480769230769	1540.0	1.80482740722	20.0	0.0
Pseudendoclonium_akinetum	CTT	L	I	0.0	0.158574364036	0.416666666667	0.105263157895	0.719298245614	0.198606271777	0.0731707317073	1930.0	1.63515358362	53.0	0.0
Pseudendoclonium_akinetum	CTG	L	I	0.0	0.158574364036	0.333333333333	0.214285714286	0.714285714286	0.0487804878049	0.0731707317073	1930.0	2.04715672677	54.0	0.0
Pseudendoclonium_akinetum	CTA	L	I	0.0	0.158574364036	0.181818181818	0.0714285714286	0.833333333333	0.146341463415	0.0731707317073	1930.0	1.56197964847	52.0	0.0
Pseudendoclonium_akinetum	CTC	L	I	0.0	0.158574364036	0.142857142857	0.111111111111	0.777777777778	0.0313588850174	0.0731707317073	1930.0	1.80176211454	55.0	0.0
Pseudendoclonium_akinetum	TTA	L	I	0.0	0.158574364036	0.384615384615	0.0454545454545	0.848484848485	0.459930313589	0.0731707317073	1930.0	1.56257431629	20.0	0.0
Pseudendoclonium_akinetum	TTG	L	I	0.0	0.158574364036	0.166666666667	0.0606060606061	0.878787878788	0.114982578397	0.0731707317073	1930.0	1.75368296995	22.0	0.0
Arabidopsis_thaliana	TTA	L	I	0.0	0.819327668715	0.1	0.0116279069767	0.988372093023	0.356846473029	0.00414937759336	1780.0	1.81820239982	20.0	0.0
Lumbricus	CTT	L	I	0.0	0.228800322713	0.25	0.06	0.76	0.190114068441	0.114068441065	1920.0	1.70490536887	53.0	0.0
Lumbricus	CTG	L	I	0.0	0.228800322713	0.4	0.272727272727	0.545454545455	0.041825095057	0.114068441065	1920.0	2.04325259516	54.0	0.0
Lumbricus	CTA	L	I	0.0	0.228800322713	0.538461538462	0.153846153846	0.637362637363	0.346007604563	0.114068441065	1920.0	1.52447402319	52.0	0.0
Lumbricus	CTC	L	I	0.0	0.228800322713	0.2	0.0769230769231	0.794871794872	0.148288973384	0.114068441065	1920.0	1.55443037975	55.0	0.0
Lumbricus	TTA	L	I	0.0	0.228800322713	0.333333333333	0.0967741935484	0.612903225806	0.235741444867	0.114068441065	1920.0	1.35754189944	20.0	0.0
Lumbricus	TTG	L	I	0.0	0.228800322713	0.142857142857	0.1	0.7	0.0380228136882	0.114068441065	1920.0	2.05303030303	22.0	0.0
Halocynthia	CTT	L	I	0.0	0.306014207024	0.285714285714	0.111111111111	0.555555555556	0.0705882352941	0.125490196078	1893.0	1.47135135135	53.0	0.0
Halocynthia	CTG	L	I	0.0	0.306014207024	0.5	0.333333333333	0.333333333333	0.0117647058824	0.125490196078	1893.0	0.721212121212	54.0	0.0
Halocynthia	CTA	L	I	0.0	0.306014207024	0.2	0.125	0.75	0.0313725490196	0.125490196078	1893.0	1.79616306954	52.0	0.0
Halocynthia	TTA	L	I	0.0	0.306014207024	0.583333333333	0.0846153846154	0.607692307692	0.509803921569	0.125490196078	1893.0	1.25179318589	20.0	0.0
Halocynthia	TTG	L	I	0.0	0.306014207024	0.666666666667	0.178947368421	0.610526315789	0.372549019608	0.125490196078	1893.0	1.72591836735	22.0	0.0
Limulus	CTT	L	I	0.0	0.955817427477	0.181818181818	0.0625	0.604166666667	0.186046511628	0.0852713178295	1919.0	1.45313773431	53.0	0.0
Limulus	CTA	L	I	0.0	0.955817427477	0.444444444444	0.116279069767	0.697674418605	0.166666666667	0.0852713178295	1919.0	1.51812080537	52.0	0.0
Limulus	CTC	L	I	0.0	0.955817427477	0.285714285714	0.107142857143	0.857142857143	0.108527131783	0.0852713178295	1919.0	1.85449553878	55.0	0.0
Limulus	TTA	L	I	0.0	0.955817427477	0.333333333333	0.0865384615385	0.692307692308	0.403100775194	0.0852713178295	1919.0	1.30617559524	20.0	0.0
Limulus	TTG	L	I	0.0	0.955817427477	0.166666666667	0.0588235294118	0.735294117647	0.131782945736	0.0852713178295	1919.0	1.37053824363	22.0	0.0
Bracteacoccus_aerius	CTT	L	I	0.0	0.972929662683	0.125	0.0714285714286	0.857142857143	0.0479452054795	0.126712328767	1789.0	1.61290322581	53.0	0.0
Bracteacoccus_aerius	CTG	L	I	0.0	0.972929662683	0.4	0.121951219512	0.756097560976	0.140410958904	0.126712328767	1789.0	1.70596590909	54.0	0.0
Bracteacoccus_aerius	TTG	L	I	0.0	0.972929662683	0.727272727273	0.136612021858	0.704918032787	0.626712328767	0.126712328767	1789.0	1.65840596451	22.0	0.0
Bracteacoccus_aerius	CTA	L	I	0.0	0.972929662683	0.222222222222	0.103448275862	0.793103448276	0.0993150684932	0.126712328767	1789.0	1.68428005284	52.0	0.0
Bracteacoccus_aerius	CTC	L	I	0.0	0.972929662683	0.222222222222	0.12	0.72	0.0856164383562	0.126712328767	1789.0	1.60947204969	55.0	0.0
Oryza_sativa_I2	TTA	L	I	1.0	0.816017252496	0.1	0.0117647058824	0.988235294118	0.36170212766	0.00425531914894	1693.0	1.82680036463	20.0	0.0
Oryza_sativa_J2	TTA	L	I	0.0	0.820388287503	0.1	0.0135135135135	0.986486486486	0.352380952381	0.0047619047619	1446.0	1.83306836248	20.0	0.0
Pycnococcus_provasolii	CTT	L	I	0.0	0.656940426946	0.461538461538	0.0632911392405	0.867088607595	0.566308243728	0.0752688172043	1930.0	1.76703567036	53.0	0.0
Pycnococcus_provasolii	CTG	L	I	0.0	0.656940426946	0.2	0.0740740740741	0.925925925926	0.0967741935484	0.0752688172043	1930.0	1.85401459854	54.0	0.0
Pycnococcus_provasolii	CTA	L	I	0.0	0.656940426946	0.5	0.112676056338	0.845070422535	0.254480286738	0.0752688172043	1930.0	1.83712640526	52.0	0.0
Pycnococcus_provasolii	CTC	L	I	0.0	0.656940426946	0.111111111111	0.0434782608696	0.869565217391	0.0824372759857	0.0752688172043	1930.0	1.72890025575	55.0	0.0
Polytoma_uvella	CTT	L	I	0.0	0.945283283261	0.2	0.15	0.75	0.103092783505	0.103092783505	1394.0	1.70986460348	53.0	0.0
Polytoma_uvella	CTG	L	I	0.0	0.945283283261	0.428571428571	0.116883116883	0.675324675325	0.396907216495	0.103092783505	1394.0	1.57622027534	54.0	0.0
Polytoma_uvella	CTA	L	I	0.0	0.945283283261	0.166666666667	0.1	0.8	0.0515463917526	0.103092783505	1394.0	1.982791587	52.0	0.0
Polytoma_uvella	CTC	L	I	0.0	0.945283283261	0.5	0.0882352941176	0.764705882353	0.350515463918	0.103092783505	1394.0	1.57355418304	55.0	0.0
Polytoma_uvella	TTG	L	I	0.0	0.945283283261	0.142857142857	0.0555555555556	0.5	0.0927835051546	0.103092783505	1394.0	1.0	22.0	0.0
Axinella	CTT	L	I	0.0	0.10626525694	0.125	0.0344827586207	0.896551724138	0.107407407407	0.0592592592593	1924.0	1.58476821192	53.0	0.0
Axinella	CTG	L	I	0.0	0.10626525694	0.333333333333	0.166666666667	0.666666666667	0.0222222222222	0.0592592592593	1924.0	1.97727272727	54.0	0.0
Axinella	CTA	L	I	0.0	0.10626525694	0.111111111111	0.0434782608696	0.869565217391	0.0851851851852	0.0592592592593	1924.0	1.74557708509	52.0	0.0
Axinella	CTC	L	I	0.0	0.10626525694	0.5	0.5	0.5	0.00740740740741	0.0592592592593	1924.0	2.39215686275	55.0	0.0
Axinella	TTA	L	I	0.0	0.10626525694	0.384615384615	0.0487804878049	0.908536585366	0.607407407407	0.0592592592593	1924.0	1.71664472897	20.0	0.0
Axinella	TTG	L	I	0.0	0.10626525694	0.272727272727	0.0869565217391	0.782608695652	0.17037037037	0.0592592592593	1924.0	1.81358076761	22.0	0.0
Prototheca_wickerhamii	CTT	L	I	0.0	0.0342403926897	0.181818181818	0.0731707317073	0.878048780488	0.155893536122	0.041825095057	1924.0	1.75905882353	53.0	0.0
Prototheca_wickerhamii	TTA	L	I	0.0	0.0342403926897	0.416666666667	0.0301507537688	0.939698492462	0.756653992395	0.041825095057	1924.0	1.71100515715	20.0	0.0
Prototheca_wickerhamii	TTG	L	I	0.0	0.0342403926897	0.5	0.5	0.0	0.00760456273764	0.041825095057	1924.0	2.93457943925	22.0	0.0
Prototheca_wickerhamii	CTA	L	I	0.0	0.0342403926897	0.111111111111	0.0588235294118	0.823529411765	0.06463878327	0.041825095057	1924.0	1.87933094385	52.0	0.0
Terebratulina	CTT	L	I	0.0	0.803242102924	0.363636363636	0.0847457627119	0.64406779661	0.216911764706	0.0992647058824	1915.0	1.4777486911	53.0	0.0
Terebratulina	CTG	L	I	0.0	0.803242102924	0.4	0.173913043478	0.652173913043	0.0845588235294	0.0992647058824	1915.0	1.45945945946	54.0	0.0
Terebratulina	CTA	L	I	0.0	0.803242102924	0.545454545455	0.118811881188	0.653465346535	0.371323529412	0.0992647058824	1915.0	1.60824143935	52.0	0.0
Terebratulina	CTC	L	I	0.0	0.803242102924	0.363636363636	0.0701754385965	0.649122807018	0.209558823529	0.0992647058824	1915.0	1.34596829773	55.0	0.0
Terebratulina	TTA	L	I	0.0	0.803242102924	0.111111111111	0.0714285714286	0.678571428571	0.102941176471	0.0992647058824	1915.0	1.50925291295	20.0	0.0
Chlorokybus_atmophyticus	CTT	L	I	0.0	0.708323724682	0.153846153846	0.0344827586207	0.913793103448	0.207885304659	0.0179211469534	1930.0	1.66287244727	53.0	0.0
Chlorokybus_atmophyticus	TTA	L	I	0.0	0.708323724682	0.230769230769	0.0211267605634	0.943661971831	0.508960573477	0.0179211469534	1930.0	1.74615064503	20.0	0.0
Beta_vulgaris_maritima	TTA	L	I	2.0	0.812217129737	0.1	0.0120481927711	0.987951807229	0.368888888889	0.00444444444444	1604.0	1.79186767746	20.0	0.0
Bfloridae	CTT	L	I	0.0	0.806152119444	0.285714285714	0.1	0.7	0.1	0.11	1192.0	1.46022727273	53.0	0.0
Bfloridae	CTG	L	I	0.0	0.806152119444	0.4	0.230769230769	0.615384615385	0.065	0.11	1192.0	1.60151515152	54.0	0.0
Bfloridae	CTA	L	I	0.0	0.806152119444	0.333333333333	0.111111111111	0.722222222222	0.18	0.11	1192.0	1.6773492667	52.0	0.0
Bfloridae	TTA	L	I	0.0	0.806152119444	0.5	0.105882352941	0.694117647059	0.425	0.11	1192.0	1.48930846224	20.0	0.0
Bfloridae	TTG	L	I	0.0	0.806152119444	0.222222222222	0.0975609756098	0.780487804878	0.205	0.11	1192.0	1.73574144487	22.0	0.0
Katharina	CTT	L	I	0.0	0.96616070315	0.222222222222	0.0882352941176	0.705882352941	0.131274131274	0.0772200772201	1917.0	1.59404828748	53.0	0.0
Katharina	CTA	L	I	0.0	0.96616070315	0.222222222222	0.0526315789474	0.763157894737	0.146718146718	0.0772200772201	1917.0	1.42536933265	52.0	0.0
Katharina	CTC	L	I	0.0	0.96616070315	0.142857142857	0.05	0.65	0.0772200772201	0.0772200772201	1917.0	1.48630136986	55.0	0.0
Katharina	TTA	L	I	0.0	0.96616070315	0.461538461538	0.0820895522388	0.738805970149	0.517374517375	0.0772200772201	1917.0	1.54099315567	20.0	0.0
Katharina	TTG	L	I	0.0	0.96616070315	0.285714285714	0.1	0.733333333333	0.11583011583	0.0772200772201	1917.0	2.01055408971	22.0	0.0
Lotus_japonicus	TTA	L	I	0.0	0.833333275791	0.1	0.0138888888889	0.986111111111	0.328767123288	0.00456621004566	1683.0	1.85113788487	20.0	0.0
Geodia	CTG	L	I	0.0	0.104831895292	0.142857142857	0.125	0.75	0.0290909090909	0.0618181818182	1925.0	1.38725490196	54.0	0.0
Geodia	CTC	L	I	0.0	0.104831895292	0.5	0.333333333333	0.333333333333	0.0109090909091	0.0618181818182	1925.0	1.7358490566	55.0	0.0
Geodia	TTA	L	I	0.0	0.104831895292	0.615384615385	0.0769230769231	0.869822485207	0.614545454545	0.0618181818182	1925.0	1.81495607952	20.0	0.0
Geodia	TTG	L	I	0.0	0.104831895292	0.166666666667	0.0434782608696	0.804347826087	0.167272727273	0.0618181818182	1925.0	1.63850357293	22.0	0.0
Metridium	CTT	L	I	0.0	0.283457077837	0.333333333333	0.102564102564	0.666666666667	0.138790035587	0.0711743772242	1928.0	1.62946647088	53.0	0.0
Metridium	CTA	L	I	0.0	0.283457077837	0.272727272727	0.148148148148	0.851851851852	0.0960854092527	0.0711743772242	1928.0	1.84890510949	52.0	0.0
Metridium	CTC	L	I	0.0	0.283457077837	0.166666666667	0.125	0.875	0.0284697508897	0.0711743772242	1928.0	2.1220657277	55.0	0.0
Metridium	TTA	L	I	0.0	0.283457077837	0.666666666667	0.0641025641026	0.865384615385	0.555160142349	0.0711743772242	1928.0	1.70233903421	20.0	0.0
Metridium	TTG	L	I	0.0	0.283457077837	0.0833333333333	0.0217391304348	0.826086956522	0.163701067616	0.0711743772242	1928.0	1.55984719864	22.0	0.0
Chlamydomonas_reinhardtii	CTT	L	I	0.0	0.215863982481	0.5	0.181818181818	0.545454545455	0.0536585365854	0.0780487804878	1389.0	1.31737588652	53.0	0.0
Chlamydomonas_reinhardtii	TTG	L	I	0.0	0.215863982481	0.571428571429	0.0909090909091	0.710743801653	0.590243902439	0.0780487804878	1389.0	1.58211330363	22.0	0.0
Chlamydomonas_reinhardtii	CTA	L	I	0.0	0.215863982481	0.428571428571	0.0483870967742	0.774193548387	0.30243902439	0.0780487804878	1389.0	1.50993171943	52.0	0.0
Chara_vulgaris	CTT	L	I	0.0	0.0377086134967	0.166666666667	0.0357142857143	0.964285714286	0.197183098592	0.0105633802817	1930.0	1.80912863071	53.0	0.0
Chara_vulgaris	CTC	L	I	0.0	0.0377086134967	0.166666666667	0.1	0.9	0.0352112676056	0.0105633802817	1930.0	1.68880455408	55.0	0.0
Acropora	CTT	L	I	0.0	0.10734873482	0.25	0.0810810810811	0.675675675676	0.13357400722	0.0685920577617	1926.0	1.57224830464	53.0	0.0
Acropora	CTG	L	I	0.0	0.10734873482	0.166666666667	0.0909090909091	0.818181818182	0.0397111913357	0.0685920577617	1926.0	1.52816901408	54.0	0.0
Acropora	CTA	L	I	0.0	0.10734873482	0.375	0.190476190476	0.714285714286	0.0758122743682	0.0685920577617	1926.0	1.93188268685	52.0	0.0
Acropora	CTC	L	I	0.0	0.10734873482	0.25	0.166666666667	0.666666666667	0.0216606498195	0.0685920577617	1926.0	1.42813455657	55.0	0.0
Acropora	TTA	L	I	0.0	0.10734873482	0.307692307692	0.0530973451327	0.840707964602	0.407942238267	0.0685920577617	1926.0	1.61108207005	20.0	0.0
Acropora	TTG	L	I	0.0	0.10734873482	0.333333333333	0.0449438202247	0.865168539326	0.321299638989	0.0685920577617	1926.0	1.64077243801	22.0	0.0
Brassica_rapa_oleifera	CTT	L	I	0.0	0.819406372278	0.111111111111	0.0263157894737	0.947368421053	0.171945701357	0.00904977375566	1553.0	1.69701492537	53.0	0.0
Brassica_rapa_oleifera	TTA	L	I	0.0	0.819406372278	0.111111111111	0.012987012987	0.987012987013	0.348416289593	0.00904977375566	1553.0	1.80305644565	20.0	0.0
Glycine_max	CTT	L	I	0.0	0.823717929906	0.125	0.0277777777778	0.916666666667	0.169014084507	0.0093896713615	1641.0	1.71181102362	53.0	0.0
Glycine_max	TTA	L	I	0.0	0.823717929906	0.111111111111	0.0144927536232	0.985507246377	0.323943661972	0.0093896713615	1641.0	1.82715700141	20.0	0.0
Marchantia_polymorpha	CTT	L	I	0.0	0.0912461079595	0.25	0.0491803278689	0.934426229508	0.209621993127	0.0103092783505	1930.0	1.78713968958	53.0	0.0
Trichinella	CTT	L	I	0.0	0.729514711287	0.25	0.0967741935484	0.354838709677	0.11231884058	0.105072463768	1883.0	0.491761723701	53.0	0.0
Trichinella	CTA	L	I	0.0	0.729514711287	0.5	0.152941176471	0.541176470588	0.307971014493	0.105072463768	1883.0	1.392	52.0	0.0
Trichinella	CTC	L	I	0.0	0.729514711287	0.2	0.0689655172414	0.551724137931	0.105072463768	0.105072463768	1883.0	1.0598923284	55.0	0.0
Trichinella	TTA	L	I	0.0	0.729514711287	0.636363636364	0.0864197530864	0.592592592593	0.29347826087	0.105072463768	1883.0	1.21365481022	20.0	0.0
Trichinella	TTG	L	I	0.0	0.729514711287	0.5	0.0869565217391	0.565217391304	0.166666666667	0.105072463768	1883.0	1.05254308533	22.0	0.0
Bracteacoccus_minor	CTT	L	I	0.0	0.204510069543	0.2	0.0740740740741	0.703703703704	0.100746268657	0.119402985075	1686.0	1.41564967696	53.0	0.0
Bracteacoccus_minor	CTG	L	I	0.0	0.204510069543	0.2	0.0444444444444	0.8	0.167910447761	0.119402985075	1686.0	1.46282767512	54.0	0.0
Bracteacoccus_minor	TTG	L	I	0.0	0.204510069543	0.636363636364	0.133333333333	0.646666666667	0.559701492537	0.119402985075	1686.0	1.58934531451	22.0	0.0
Bracteacoccus_minor	CTA	L	I	0.0	0.204510069543	0.363636363636	0.205882352941	0.647058823529	0.126865671642	0.119402985075	1686.0	1.68071950534	52.0	0.0
Bracteacoccus_minor	CTC	L	I	0.0	0.204510069543	0.142857142857	0.0833333333333	0.75	0.044776119403	0.119402985075	1686.0	1.40691927512	55.0	0.0
Chromochloris_zofingiensis	CTT	L	I	0.0	0.40457260094	0.2	0.0909090909091	0.590909090909	0.101851851852	0.106481481481	1522.0	1.34176111595	53.0	0.0
Chromochloris_zofingiensis	CTG	L	I	0.0	0.40457260094	0.166666666667	0.125	0.75	0.037037037037	0.106481481481	1522.0	1.45047169811	54.0	0.0
Chromochloris_zofingiensis	CTA	L	I	0.0	0.40457260094	0.2	0.0816326530612	0.69387755102	0.226851851852	0.106481481481	1522.0	1.50820328131	52.0	0.0
Chromochloris_zofingiensis	CTC	L	I	0.0	0.40457260094	1.0	1.0	0.0	0.00462962962963	0.106481481481	1522.0	3.48214285714	55.0	0.0
Chromochloris_zofingiensis	TTG	L	I	0.0	0.40457260094	0.545454545455	0.1171875	0.71875	0.592592592593	0.106481481481	1522.0	1.50204949142	22.0	0.0
Balanoglossus	CTT	L	I	0.0	0.483738620001	0.5	0.0857142857143	0.714285714286	0.233333333333	0.1	1926.0	1.55151175812	53.0	0.0
Balanoglossus	CTG	L	I	0.0	0.483738620001	0.272727272727	0.115384615385	0.692307692308	0.0866666666667	0.1	1926.0	1.68424962853	54.0	0.0
Balanoglossus	CTA	L	I	0.0	0.483738620001	0.583333333333	0.154761904762	0.702380952381	0.28	0.1	1926.0	1.82014557408	52.0	0.0
Balanoglossus	CTC	L	I	0.0	0.483738620001	0.454545454545	0.0853658536585	0.756097560976	0.273333333333	0.1	1926.0	1.63124854685	55.0	0.0
Balanoglossus	TTA	L	I	0.0	0.483738620001	0.0909090909091	0.0454545454545	0.863636363636	0.0733333333333	0.1	1926.0	1.76057605761	20.0	0.0
Drosophila	CTT	L	I	0.0	0.456104927798	0.285714285714	0.142857142857	0.571428571429	0.0514705882353	0.0882352941176	1919.0	1.41700960219	53.0	0.0
Drosophila	TTA	L	I	0.0	0.456104927798	0.75	0.0932203389831	0.707627118644	0.867647058824	0.0882352941176	1919.0	1.57295432139	20.0	0.0
Myxine	CTT	L	I	0.0	0.0700188126122	0.181818181818	0.037037037037	0.777777777778	0.198529411765	0.0992647058824	1919.0	1.41929698709	53.0	0.0
Myxine	CTG	L	I	0.0	0.0700188126122	0.375	0.333333333333	0.5	0.0441176470588	0.0992647058824	1919.0	1.96915584416	54.0	0.0
Myxine	CTA	L	I	0.0	0.0700188126122	0.363636363636	0.0746268656716	0.686567164179	0.246323529412	0.0992647058824	1919.0	1.56501726122	52.0	0.0
Myxine	CTC	L	I	0.0	0.0700188126122	0.363636363636	0.113636363636	0.681818181818	0.161764705882	0.0992647058824	1919.0	1.51614349776	55.0	0.0
Myxine	TTA	L	I	0.0	0.0700188126122	0.5	0.117647058824	0.6	0.3125	0.0992647058824	1919.0	1.33340992647	20.0	0.0
Myxine	TTG	L	I	0.0	0.0700188126122	0.142857142857	0.1	0.8	0.0367647058824	0.0992647058824	1919.0	2.17850287908	22.0	0.0
Ciona	CTT	L	I	0.0	0.050127177205	0.333333333333	0.1875	0.5	0.123076923077	0.134615384615	1891.0	1.40460327075	53.0	0.0
Ciona	CTG	L	I	0.0	0.050127177205	0.666666666667	0.666666666667	0.0	0.0115384615385	0.134615384615	1891.0	1.97368421053	54.0	0.0
Ciona	CTA	L	I	0.0	0.050127177205	0.4	0.171428571429	0.542857142857	0.134615384615	0.134615384615	1891.0	1.39618406285	52.0	0.0
Ciona	CTC	L	I	0.0	0.050127177205	0.2	0.142857142857	0.857142857143	0.0269230769231	0.134615384615	1891.0	1.79945054945	55.0	0.0
Ciona	TTA	L	I	0.0	0.050127177205	0.692307692308	0.104575163399	0.673202614379	0.588461538462	0.134615384615	1891.0	1.36536255894	20.0	0.0
Ciona	TTG	L	I	0.0	0.050127177205	0.25	0.133333333333	0.6	0.115384615385	0.134615384615	1891.0	1.49301143583	22.0	0.0
Epigonichthys	CTT	L	I	0.0	0.950536239336	0.2	0.0952380952381	0.809523809524	0.0752688172043	0.10394265233	1918.0	1.60018298262	53.0	0.0
Epigonichthys	CTG	L	I	0.0	0.950536239336	0.25	0.111111111111	0.703703703704	0.0967741935484	0.10394265233	1918.0	1.71407942238	54.0	0.0
Epigonichthys	CTA	L	I	0.0	0.950536239336	0.333333333333	0.113636363636	0.636363636364	0.15770609319	0.10394265233	1918.0	1.45137046861	52.0	0.0
Epigonichthys	CTC	L	I	0.0	0.950536239336	0.142857142857	0.125	0.5625	0.0573476702509	0.10394265233	1918.0	1.77870813397	55.0	0.0
Epigonichthys	TTA	L	I	0.0	0.950536239336	0.384615384615	0.0916666666667	0.725	0.430107526882	0.10394265233	1918.0	1.62399095899	20.0	0.0
Epigonichthys	TTG	L	I	0.0	0.950536239336	0.555555555556	0.117647058824	0.78431372549	0.182795698925	0.10394265233	1918.0	1.80834621329	22.0	0.0
Daphnia	CTT	L	I	0.0	0.643470803527	0.545454545455	0.121212121212	0.69696969697	0.23487544484	0.0960854092527	1916.0	1.62095350206	53.0	0.0
Daphnia	CTG	L	I	0.0	0.643470803527	0.111111111111	0.0714285714286	0.714285714286	0.0498220640569	0.0960854092527	1916.0	1.68333333333	54.0	0.0
Daphnia	CTA	L	I	0.0	0.643470803527	0.5	0.142857142857	0.69387755102	0.174377224199	0.0960854092527	1916.0	1.62129006727	52.0	0.0
Daphnia	CTC	L	I	0.0	0.643470803527	0.1	0.027027027027	0.621621621622	0.131672597865	0.0960854092527	1916.0	1.43471502591	55.0	0.0
Daphnia	TTA	L	I	0.0	0.643470803527	0.5	0.101123595506	0.662921348315	0.316725978648	0.0960854092527	1916.0	1.38382513661	20.0	0.0
Daphnia	TTG	L	I	0.0	0.643470803527	0.1	0.0384615384615	0.730769230769	0.0925266903915	0.0960854092527	1916.0	1.48296296296	22.0	0.0
Zea_mays_s	TTA	L	I	6.0	0.821759197721	0.1	0.012987012987	0.987012987013	0.348416289593	0.00452488687783	1605.0	1.79569626515	20.0	0.0
Homo	CTT	L	I	0.0	0.996259467719	0.25	0.08	0.76	0.0909090909091	0.0836363636364	1920.0	1.71916214119	53.0	0.0
Homo	CTG	L	I	0.0	0.996259467719	0.142857142857	0.0555555555556	0.888888888889	0.0654545454545	0.0836363636364	1920.0	1.71820175439	54.0	0.0
Homo	CTA	L	I	0.0	0.996259467719	0.583333333333	0.09375	0.6875	0.465454545455	0.0836363636364	1920.0	1.45396243701	52.0	0.0
Homo	CTC	L	I	0.0	0.996259467719	0.222222222222	0.0793650793651	0.698412698413	0.229090909091	0.0836363636364	1920.0	1.65053272451	55.0	0.0
Homo	TTA	L	I	0.0	0.996259467719	0.3	0.09375	0.75	0.116363636364	0.0836363636364	1920.0	1.60927960928	20.0	0.0
Blanceolatum	CTT	L	I	0.0	0.681171446392	0.142857142857	0.0625	0.5625	0.0776699029126	0.116504854369	1187.0	1.24270711785	53.0	0.0
Blanceolatum	CTG	L	I	0.0	0.681171446392	0.25	0.142857142857	0.785714285714	0.0679611650485	0.116504854369	1187.0	1.91868758916	54.0	0.0
Blanceolatum	CTA	L	I	0.0	0.681171446392	0.444444444444	0.170731707317	0.658536585366	0.199029126214	0.116504854369	1187.0	1.6765258216	52.0	0.0
Blanceolatum	CTC	L	I	0.0	0.681171446392	0.2	0.2	0.8	0.0242718446602	0.116504854369	1187.0	2.04724409449	55.0	0.0
Blanceolatum	TTA	L	I	0.0	0.681171446392	0.2	0.0853658536585	0.743902439024	0.398058252427	0.116504854369	1187.0	1.50323508267	20.0	0.0
Blanceolatum	TTG	L	I	0.0	0.681171446392	0.375	0.125	0.604166666667	0.233009708738	0.116504854369	1187.0	1.46786427146	22.0	0.0
Saccoglossus	CTT	L	I	0.0	0.166190483814	0.727272727273	0.106382978723	0.723404255319	0.321917808219	0.0993150684932	1924.0	1.72723509934	53.0	0.0
Saccoglossus	CTG	L	I	0.0	0.166190483814	0.25	0.2	0.6	0.0171232876712	0.0993150684932	1924.0	1.56870229008	54.0	0.0
Saccoglossus	CTA	L	I	0.0	0.166190483814	0.461538461538	0.111111111111	0.796296296296	0.184931506849	0.0993150684932	1924.0	1.56318883174	52.0	0.0
Saccoglossus	CTC	L	I	0.0	0.166190483814	0.2	0.125	0.7	0.13698630137	0.0993150684932	1924.0	1.73567193676	55.0	0.0
Saccoglossus	TTA	L	I	0.0	0.166190483814	0.166666666667	0.0365853658537	0.69512195122	0.280821917808	0.0993150684932	1924.0	1.324970964	20.0	0.0
Saccoglossus	TTG	L	I	0.0	0.166190483814	0.4	0.235294117647	0.705882352941	0.0582191780822	0.0993150684932	1924.0	1.92630385488	22.0	0.0
Nephroselmis_olivacea	CTT	L	I	0.0	0.674280875712	0.166666666667	0.0408163265306	0.959183673469	0.185606060606	0.0265151515152	1929.0	1.81048069346	53.0	0.0
Nephroselmis_olivacea	CTA	L	I	0.0	0.674280875712	0.111111111111	0.04	0.96	0.094696969697	0.0265151515152	1929.0	1.62112787927	52.0	0.0
Nephroselmis_olivacea	TTA	L	I	0.0	0.674280875712	0.307692307692	0.0228571428571	0.942857142857	0.662878787879	0.0265151515152	1929.0	1.72122362398	20.0	0.0

### Alignment improvement:
