### Random Forest prediction
genome	codon	ori_aa	rea_aa	fitch	Fisher_pval	Gene_frac	N._rea	N._used	Cod._count	Sub._count	G._len	codon_lik	id	prediction	probability
Metaseiulus_occidentalis	ACA	T	A	0.0	0.319999937854	0.2	0.0526315789474	0.894736842105	0.316666666667	0.0166666666667	1280.0	0.0833333333333	12.0	0.0	0.0
Aphrocallistes_vastus	ACA	T	A	0.0	0.864661607409	0.222222222222	0.0425531914894	0.659574468085	0.643835616438	0.041095890411	1349.0	-0.0147945205479	12.0	0.0	0.0
Aphrocallistes_vastus	ACT	T	A	0.0	0.864661607409	0.166666666667	0.0666666666667	0.933333333333	0.205479452055	0.041095890411	1349.0	0.13275862069	13.0	0.0	0.0
Fasciola	ACG	T	A	0.0	0.369285815726	0.25	0.25	0.25	0.0909090909091	0.0909090909091	1332.0	1.01298701299	14.0	0.0	0.001
Fasciola	ACT	T	A	0.0	0.369285815726	0.3	0.0882352941176	0.705882352941	0.772727272727	0.0909090909091	1332.0	0.259063444109	13.0	0.0	0.0
Trichobilharzia_regenti	ACA	T	A	0.0	0.241379278597	0.25	0.25	0.75	0.102564102564	0.0512820512821	1324.0	0.551282051282	12.0	0.0	0.0
Trichobilharzia_regenti	ACT	T	A	0.0	0.241379278597	0.166666666667	0.0357142857143	0.678571428571	0.717948717949	0.0512820512821	1324.0	0.0417052826691	13.0	0.0	0.0
Versteria_mustelae	ACT	T	A	0.0	0.621084666733	0.3	0.0666666666667	0.644444444444	0.882352941176	0.0588235294118	1328.0	0.202285714286	13.0	0.0	0.0
Daphnia	ACT	T	A	0.0	0.794642786242	0.125	0.0416666666667	0.916666666667	0.4	0.0166666666667	1351.0	0.0118534482759	13.0	0.0	0.0
Haplorchis_taichui	ACG	T	A	0.0	0.887096735213	0.2	0.111111111111	0.555555555556	0.209302325581	0.093023255814	1320.0	0.258620689655	14.0	0.0	0.0
Haplorchis_taichui	ACT	T	A	0.0	0.887096735213	0.3	0.111111111111	0.703703703704	0.627906976744	0.093023255814	1320.0	0.401895734597	13.0	0.0	0.0
Halocynthia	ACT	T	A	0.0	0.695652068836	0.125	0.0322580645161	0.870967741935	0.62	0.02	1348.0	0.0233722871452	13.0	0.0	0.0
Echinococcus_equinus	ACG	T	A	0.0	0.807491635764	0.142857142857	0.0909090909091	0.545454545455	0.2	0.0727272727273	1331.0	0.209302325581	14.0	0.0	0.0
Echinococcus_equinus	ACT	T	A	0.0	0.807491635764	0.375	0.0731707317073	0.658536585366	0.745454545455	0.0727272727273	1331.0	0.174623115578	13.0	0.0	0.0
Taenia_crassiceps	ACA	T	A	0.0	0.297208376488	0.5	0.2	0.5	0.185185185185	0.0925925925926	1333.0	0.536458333333	12.0	0.0	0.0
Taenia_crassiceps	ACT	T	A	0.0	0.297208376488	0.333333333333	0.0789473684211	0.631578947368	0.703703703704	0.0925925925926	1333.0	0.212508406187	13.0	0.0	0.0
Axinella	ACA	T	A	1.0	0.305555482029	0.166666666667	0.04	0.88	0.431034482759	0.0172413793103	1348.0	0.0238095238095	12.0	0.0	0.0
Suberites_domuncula	ACA	T	A	0.0	0.754385880113	0.111111111111	0.0333333333333	0.9	0.5	0.0166666666667	1351.0	0.0138408304498	12.0	0.0	0.0
Geodia	ACA	T	A	0.0	0.235849014261	0.2	0.0714285714286	0.857142857143	0.25	0.0178571428571	1350.0	-0.025974025974	12.0	0.0	0.0
Amphimedon_queenslandica	ACA	T	A	0.0	0.803571360754	0.142857142857	0.0454545454545	0.954545454545	0.372881355932	0.0169491525424	1351.0	-0.0176886792453	12.0	0.0	0.0
Tetrancistrum_nebulosi	ACC	T	A	0.0	0.953246737105	0.166666666667	0.125	0.625	0.145454545455	0.0727272727273	1333.0	0.2071197411	15.0	0.0	0.0
Tetrancistrum_nebulosi	ACG	T	A	0.0	0.953246737105	0.2	0.125	0.625	0.145454545455	0.0727272727273	1333.0	0.288461538462	14.0	0.0	0.0
Tetrancistrum_nebulosi	ACT	T	A	0.0	0.953246737105	0.222222222222	0.0740740740741	0.592592592593	0.490909090909	0.0727272727273	1333.0	0.0361904761905	13.0	0.0	0.0
Trichinella	ACT	T	A	0.0	0.113636340096	0.142857142857	0.0769230769231	0.384615384615	0.180555555556	0.0138888888889	1343.0	-0.125	13.0	0.0	0.0
Pseudogarypus_banksi	ACC	T	A	0.0	0.053196206317	0.333333333333	0.25	0.5	0.0615384615385	0.0615384615385	1347.0	0.794871794872	15.0	0.0	0.0
Pseudogarypus_banksi	ACA	T	A	0.0	0.053196206317	0.142857142857	0.12	0.68	0.384615384615	0.0615384615385	1347.0	0.188271604938	12.0	0.0	0.0
Benedenia_hoshinai	ACC	T	A	0.0	0.191898659035	0.333333333333	0.2	0.6	0.0943396226415	0.0754716981132	1333.0	0.510416666667	15.0	0.0	0.0
Benedenia_hoshinai	ACA	T	A	0.0	0.191898659035	0.285714285714	0.142857142857	0.428571428571	0.264150943396	0.0754716981132	1333.0	0.412962962963	12.0	0.0	0.0
Benedenia_hoshinai	ACT	T	A	0.0	0.191898659035	0.142857142857	0.030303030303	0.727272727273	0.622641509434	0.0754716981132	1333.0	-0.0384012539185	13.0	0.0	0.0
Myxine	ACA	T	A	0.0	0.869375862013	0.125	0.04	0.76	0.409836065574	0.0327868852459	1350.0	-0.169948186528	12.0	0.0	0.0
Myxine	ACT	T	A	0.0	0.869375862013	0.125	0.05	0.85	0.327868852459	0.0327868852459	1350.0	0.0864516129032	13.0	0.0	0.0
Ciona	ACT	T	A	0.0	0.712765858278	0.1	0.0277777777778	0.722222222222	0.620689655172	0.0172413793103	1348.0	-0.0634462869503	13.0	0.0	0.0
Strigamia_maritima	ACA	T	A	0.0	0.759615301622	0.142857142857	0.0357142857143	0.857142857143	0.474576271186	0.0169491525424	1351.0	0.00833333333333	12.0	0.0	0.0
Caenorhabditis	ACA	T	A	0.0	0.724999905055	0.111111111111	0.0263157894737	0.552631578947	0.575757575758	0.0151515151515	1346.0	-0.123473541384	12.0	0.0	0.0
Homo	ACA	T	A	0.0	0.494920123304	0.222222222222	0.0666666666667	0.9	0.535714285714	0.0357142857143	1351.0	0.2287694974	12.0	0.0	0.0
Ascidiella_aspersa	ACT	T	A	0.0	0.500528513307	0.285714285714	0.0952380952381	0.761904761905	0.396226415094	0.0377358490566	1350.0	0.21568627451	13.0	0.0	0.0