### Random Forest prediction
genome	codon	ori_aa	rea_aa	fitch	Fisher pval	Gene frac	N. rea	N. used	Cod. count	Sub. count	G. len	codon_lik	id	prediction
Paracentrotus	TCT	S	T	1.0	0.460529207948	0.25	0.0869565217391	0.5	0.368	0.088	1926.0	0.454659423318	29.0	0.0
Paracentrotus	AGT	S	T	1.0	0.460529207948	0.25	0.25	0.25	0.032	0.088	1926.0	0.173913043478	9.0	0.0
Paracentrotus	AGC	S	T	1.0	0.460529207948	0.166666666667	0.142857142857	0.714285714286	0.056	0.088	1926.0	1.17528735632	11.0	0.0
Paracentrotus	TCC	S	T	1.0	0.460529207948	0.333333333333	0.1	0.5	0.24	0.088	1926.0	0.55859375	31.0	0.0
Paracentrotus	TCA	S	T	1.0	0.460529207948	0.222222222222	0.0571428571429	0.714285714286	0.28	0.088	1926.0	0.712382009994	28.0	0.0
Caenorhabditis	TCG	S	T	0.0	0.59600813379	0.333333333333	0.25	0.0	0.0327868852459	0.114754098361	1865.0	0.945544554455	30.0	0.0
Caenorhabditis	TCT	S	T	0.0	0.59600813379	0.4	0.106382978723	0.36170212766	0.385245901639	0.114754098361	1865.0	0.390605686032	29.0	0.0
Caenorhabditis	AGT	S	T	0.0	0.59600813379	0.454545454545	0.147058823529	0.264705882353	0.27868852459	0.114754098361	1865.0	0.24630261661	9.0	0.0
Caenorhabditis	TCA	S	T	0.0	0.59600813379	0.1	0.0967741935484	0.290322580645	0.254098360656	0.114754098361	1865.0	0.125472887768	28.0	0.0
Schistosoma	TCG	S	T	0.0	0.644231622545	0.2	0.0833333333333	0.166666666667	0.0857142857143	0.0928571428571	1800.0	-0.0521172638436	30.0	0.0
Schistosoma	TCT	S	T	0.0	0.644231622545	0.4	0.122448979592	0.285714285714	0.35	0.0928571428571	1800.0	0.369884783472	29.0	0.0
Schistosoma	AGT	S	T	0.0	0.644231622545	0.25	0.102040816327	0.34693877551	0.35	0.0928571428571	1800.0	0.152070063694	9.0	0.0
Schistosoma	TCA	S	T	0.0	0.644231622545	0.1	0.0384615384615	0.384615384615	0.185714285714	0.0928571428571	1800.0	-0.0244461420932	28.0	0.0
Fasciola	TCT	S	T	0.0	0.461217691694	0.333333333333	0.0555555555556	0.347222222222	0.503496503497	0.0769230769231	1825.0	0.0377562028047	29.0	0.0
Fasciola	AGT	S	T	0.0	0.461217691694	0.166666666667	0.106382978723	0.340425531915	0.328671328671	0.0769230769231	1825.0	0.270126685738	9.0	0.0
Fasciola	TCC	S	T	0.0	0.461217691694	0.166666666667	0.125	0.375	0.0559440559441	0.0769230769231	1825.0	0.589552238806	31.0	0.0
Fasciola	TCA	S	T	0.0	0.461217691694	0.25	0.166666666667	0.166666666667	0.041958041958	0.0769230769231	1825.0	0.0532915360502	28.0	0.0
Dunaliella_salina	TCT	S	T	1.0	0.89397317768	0.166666666667	0.0333333333333	0.6	0.30612244898	0.030612244898	1392.0	0.198826597132	29.0	0.0
Dunaliella_salina	AGT	S	T	1.0	0.89397317768	0.142857142857	0.046511627907	0.674418604651	0.438775510204	0.030612244898	1392.0	0.472888888889	9.0	0.0
Patiria	TCT	S	T	0.0	0.860888190534	0.0833333333333	0.0263157894737	0.526315789474	0.308943089431	0.0487804878049	1926.0	0.337090713902	29.0	0.0
Patiria	TCC	S	T	0.0	0.860888190534	0.222222222222	0.0540540540541	0.648648648649	0.30081300813	0.0487804878049	1926.0	0.615503875969	31.0	0.0
Patiria	TCA	S	T	0.0	0.860888190534	0.428571428571	0.125	0.75	0.19512195122	0.0487804878049	1926.0	1.05044751831	28.0	0.0
Chaetosphaeridium_globosum	AGC	S	T	0.0	0.00826445995658	0.5	0.333333333333	0.333333333333	0.0234375	0.0078125	1930.0	0.860927152318	11.0	0.0
Mesostigma_viride	TCT	S	T	0.0	0.516731829307	0.0909090909091	0.02	0.94	0.390625	0.015625	1873.0	0.710382513661	29.0	0.0
Mesostigma_viride	TCA	S	T	0.0	0.516731829307	0.125	0.0434782608696	0.913043478261	0.1796875	0.015625	1873.0	0.820600858369	28.0	0.0
Pseudendoclonium_akinetum	AGT	S	T	0.0	0.0481540730317	0.363636363636	0.127659574468	0.574468085106	0.313333333333	0.0533333333333	1930.0	0.783695206882	9.0	0.0
Pseudendoclonium_akinetum	AGC	S	T	0.0	0.0481540730317	0.181818181818	0.0769230769231	0.5	0.173333333333	0.0533333333333	1930.0	0.336405529954	11.0	0.0
Lumbricus	TCT	S	T	0.0	0.60920413677	0.181818181818	0.0857142857143	0.457142857143	0.277777777778	0.0634920634921	1920.0	0.419647927314	29.0	0.0
Lumbricus	TCC	S	T	0.0	0.60920413677	0.222222222222	0.111111111111	0.444444444444	0.214285714286	0.0634920634921	1920.0	0.391737891738	31.0	0.0
Lumbricus	TCA	S	T	0.0	0.60920413677	0.181818181818	0.0416666666667	0.583333333333	0.380952380952	0.0634920634921	1920.0	0.296511627907	28.0	0.0
Halocynthia	TCG	S	T	0.0	0.831192473361	0.25	0.166666666667	0.5	0.0434782608696	0.0869565217391	1893.0	0.957516339869	30.0	0.0
Halocynthia	TCT	S	T	0.0	0.831192473361	0.333333333333	0.08	0.56	0.36231884058	0.0869565217391	1893.0	0.543616177637	29.0	0.0
Halocynthia	AGT	S	T	0.0	0.831192473361	0.181818181818	0.0847457627119	0.406779661017	0.427536231884	0.0869565217391	1893.0	0.279787587122	9.0	0.0
Halocynthia	TCC	S	T	0.0	0.831192473361	0.25	0.25	0.75	0.0289855072464	0.0869565217391	1893.0	1.80882352941	31.0	0.0
Halocynthia	TCA	S	T	0.0	0.831192473361	0.166666666667	0.0588235294118	0.411764705882	0.123188405797	0.0869565217391	1893.0	0.307514450867	28.0	0.0
Limulus	TCT	S	T	0.0	0.289090837657	0.2	0.0612244897959	0.551020408163	0.374045801527	0.0763358778626	1919.0	0.462519936204	29.0	0.0
Limulus	AGT	S	T	0.0	0.289090837657	0.4	0.333333333333	0.444444444444	0.0687022900763	0.0763358778626	1919.0	1.15948275862	9.0	0.0
Limulus	TCC	S	T	0.0	0.289090837657	0.111111111111	0.0416666666667	0.375	0.18320610687	0.0763358778626	1919.0	0.0994341147939	31.0	0.0
Limulus	TCA	S	T	0.0	0.289090837657	0.272727272727	0.0714285714286	0.619047619048	0.320610687023	0.0763358778626	1919.0	0.594719777675	28.0	0.0
Bracteacoccus_aerius	TCT	S	T	0.0	0.975947234633	0.125	0.0769230769231	0.538461538462	0.116071428571	0.0803571428571	1789.0	0.570162481536	29.0	0.0
Bracteacoccus_aerius	AGT	S	T	0.0	0.975947234633	0.333333333333	0.0909090909091	0.704545454545	0.392857142857	0.0803571428571	1789.0	0.601657940663	9.0	0.0
Bracteacoccus_aerius	AGC	S	T	0.0	0.975947234633	0.333333333333	0.0666666666667	0.711111111111	0.401785714286	0.0803571428571	1789.0	0.765262252794	11.0	0.0
Bracteacoccus_aerius	TCC	S	T	0.0	0.975947234633	0.166666666667	0.1	0.8	0.0892857142857	0.0803571428571	1789.0	0.658203125	31.0	0.0
Pycnococcus_provasolii	TCT	S	T	1.0	0.374579028011	0.0833333333333	0.0178571428571	0.803571428571	0.427480916031	0.0381679389313	1930.0	0.593859036985	29.0	0.0
Pycnococcus_provasolii	AGT	S	T	1.0	0.374579028011	0.111111111111	0.0416666666667	0.666666666667	0.18320610687	0.0381679389313	1930.0	0.426601784266	9.0	0.0
Pycnococcus_provasolii	AGC	S	T	1.0	0.374579028011	0.25	0.117647058824	0.764705882353	0.129770992366	0.0381679389313	1930.0	1.01475595914	11.0	0.0
Pycnococcus_provasolii	TCA	S	T	1.0	0.374579028011	0.166666666667	0.0625	0.6875	0.12213740458	0.0381679389313	1930.0	0.552757793765	28.0	0.0
Polytoma_uvella	AGC	S	T	0.0	0.905627606946	0.2	0.0384615384615	0.769230769231	0.282608695652	0.0434782608696	1394.0	0.597026022305	11.0	0.0
Polytoma_uvella	TCC	S	T	0.0	0.905627606946	0.285714285714	0.0666666666667	0.755555555556	0.489130434783	0.0434782608696	1394.0	0.628583654258	31.0	0.0
Axinella	TCT	S	T	0.0	0.638272627742	0.1	0.0263157894737	0.815789473684	0.306451612903	0.0241935483871	1924.0	0.675129533679	29.0	0.0
Axinella	AGT	S	T	0.0	0.638272627742	0.2	0.0714285714286	0.75	0.225806451613	0.0241935483871	1924.0	0.693158258466	9.0	0.0
Prototheca_wickerhamii	TCT	S	T	1.0	0.620802196971	0.1	0.025	0.9	0.333333333333	0.0333333333333	1924.0	0.755479785679	29.0	0.0
Prototheca_wickerhamii	AGT	S	T	1.0	0.620802196971	0.0909090909091	0.0243902439024	0.926829268293	0.341666666667	0.0333333333333	1924.0	0.758915834522	9.0	0.0
Prototheca_wickerhamii	AGC	S	T	1.0	0.620802196971	0.25	0.1	0.9	0.0833333333333	0.0333333333333	1924.0	1.12133072407	11.0	0.0
Prototheca_wickerhamii	TCA	S	T	1.0	0.620802196971	0.0909090909091	0.037037037037	0.888888888889	0.225	0.0333333333333	1924.0	0.753495217071	28.0	0.0
Terebratulina	TCG	S	T	0.0	0.670447398317	0.333333333333	0.333333333333	0.333333333333	0.0238095238095	0.0793650793651	1915.0	1.9375	30.0	0.0
Terebratulina	TCT	S	T	0.0	0.670447398317	0.272727272727	0.0714285714286	0.47619047619	0.333333333333	0.0793650793651	1915.0	0.400462962963	29.0	0.0
Terebratulina	TCC	S	T	0.0	0.670447398317	0.363636363636	0.0869565217391	0.565217391304	0.365079365079	0.0793650793651	1915.0	0.566341670199	31.0	0.0
Terebratulina	TCA	S	T	0.0	0.670447398317	0.181818181818	0.0769230769231	0.576923076923	0.206349206349	0.0793650793651	1915.0	0.568024596464	28.0	0.0
Bfloridae	AGT	S	T	0.0	0.0302386392341	0.285714285714	0.176470588235	0.411764705882	0.20987654321	0.0493827160494	1192.0	0.779326364692	9.0	0.0
Bfloridae	AGC	S	T	0.0	0.0302386392341	0.25	0.142857142857	0.571428571429	0.0864197530864	0.0493827160494	1192.0	0.543956043956	11.0	0.0
Katharina	TCT	S	T	0.0	0.0900794768799	0.181818181818	0.0377358490566	0.754716981132	0.445378151261	0.0588235294118	1917.0	0.654990583804	29.0	0.0
Katharina	AGT	S	T	0.0	0.0900794768799	0.166666666667	0.0833333333333	0.5	0.100840336134	0.0588235294118	1917.0	0.275290215589	9.0	0.0
Katharina	AGC	S	T	0.0	0.0900794768799	0.333333333333	0.222222222222	0.222222222222	0.0756302521008	0.0588235294118	1917.0	0.751072961373	11.0	0.0
Katharina	TCA	S	T	0.0	0.0900794768799	0.222222222222	0.0645161290323	0.451612903226	0.260504201681	0.0588235294118	1917.0	0.242046163444	28.0	0.0
Geodia	TCT	S	T	1.0	0.377505410369	0.0833333333333	0.0212765957447	0.829787234043	0.361538461538	0.0384615384615	1925.0	0.708071936428	29.0	0.0
Geodia	AGT	S	T	1.0	0.377505410369	0.222222222222	0.0645161290323	0.806451612903	0.238461538462	0.0384615384615	1925.0	0.818409517846	9.0	0.0
Geodia	AGC	S	T	1.0	0.377505410369	0.25	0.166666666667	0.5	0.0461538461538	0.0384615384615	1925.0	0.780952380952	11.0	0.0
Geodia	TCA	S	T	1.0	0.377505410369	0.1	0.03125	0.8125	0.246153846154	0.0384615384615	1925.0	0.636861313869	28.0	0.0
Metridium	AGT	S	T	0.0	0.17149714754	0.222222222222	0.08	0.76	0.208333333333	0.025	1928.0	0.67578125	9.0	0.0
Metridium	TCC	S	T	0.0	0.17149714754	0.166666666667	0.0833333333333	0.75	0.1	0.025	1928.0	0.819237147595	31.0	0.0
Chlamydomonas_reinhardtii	AGT	S	T	0.0	0.77822578905	0.142857142857	0.0625	0.59375	0.340425531915	0.031914893617	1389.0	0.436307692308	9.0	0.0
Chlamydomonas_reinhardtii	AGC	S	T	0.0	0.77822578905	0.142857142857	0.0344827586207	0.655172413793	0.308510638298	0.031914893617	1389.0	0.311842105263	11.0	0.0
Chara_vulgaris	AGT	S	T	0.0	0.838709621733	0.1	0.025	0.975	0.31746031746	0.00793650793651	1930.0	0.840887174542	9.0	0.0
Acropora	TCT	S	T	0.0	0.0573563847469	0.0909090909091	0.0196078431373	0.78431372549	0.40157480315	0.0314960629921	1926.0	0.630073444144	29.0	0.0
Acropora	AGC	S	T	0.0	0.0573563847469	0.5	0.25	0.75	0.0314960629921	0.0314960629921	1926.0	1.37788018433	11.0	0.0
Acropora	TCC	S	T	0.0	0.0573563847469	0.142857142857	0.0909090909091	0.636363636364	0.0866141732283	0.0314960629921	1926.0	0.904347826087	31.0	0.0
Acropora	TCA	S	T	0.0	0.0573563847469	0.142857142857	0.1	0.7	0.0787401574803	0.0314960629921	1926.0	0.617647058824	28.0	0.0
Marchantia_polymorpha	TCA	S	T	2.0	0.401639310303	0.0909090909091	0.0416666666667	0.958333333333	0.192	0.008	1930.0	0.958196721311	28.0	0.0
Trichinella	TCG	S	T	0.0	0.992589567703	0.2	0.0909090909091	0.454545454545	0.0839694656489	0.0610687022901	1883.0	0.358595194085	30.0	0.0
Trichinella	TCT	S	T	0.0	0.992589567703	0.111111111111	0.0689655172414	0.344827586207	0.221374045802	0.0610687022901	1883.0	0.0146082337317	29.0	0.0
Trichinella	AGT	S	T	0.0	0.992589567703	0.111111111111	0.05	0.4	0.152671755725	0.0610687022901	1883.0	-0.00478011472275	9.0	0.0
Trichinella	TCC	S	T	0.0	0.992589567703	0.125	0.047619047619	0.333333333333	0.160305343511	0.0610687022901	1883.0	0.196478220575	31.0	0.0
Trichinella	TCA	S	T	0.0	0.992589567703	0.222222222222	0.0810810810811	0.486486486486	0.282442748092	0.0610687022901	1883.0	0.444087747459	28.0	0.0
Bracteacoccus_minor	TCT	S	T	0.0	0.704943719178	0.285714285714	0.105263157895	0.368421052632	0.191919191919	0.0909090909091	1686.0	0.287	29.0	0.0
Bracteacoccus_minor	AGT	S	T	0.0	0.704943719178	0.444444444444	0.1	0.675	0.40404040404	0.0909090909091	1686.0	0.576476282672	9.0	0.0
Bracteacoccus_minor	AGC	S	T	0.0	0.704943719178	0.25	0.103448275862	0.724137931034	0.292929292929	0.0909090909091	1686.0	0.854881266491	11.0	0.0
Chromochloris_zofingiensis	TCT	S	T	0.0	0.901472078776	0.111111111111	0.0294117647059	0.323529411765	0.34	0.06	1522.0	-0.136723163842	29.0	0.0
Chromochloris_zofingiensis	AGT	S	T	0.0	0.901472078776	0.3	0.0909090909091	0.563636363636	0.55	0.06	1522.0	0.489498042008	9.0	0.0
Balanoglossus	AGT	S	T	1.0	0.427500401302	0.166666666667	0.125	0.75	0.0606060606061	0.0606060606061	1926.0	0.9375	9.0	0.0
Balanoglossus	TCC	S	T	1.0	0.427500401302	0.272727272727	0.075	0.575	0.30303030303	0.0606060606061	1926.0	0.461016949153	31.0	0.0
Balanoglossus	TCA	S	T	1.0	0.427500401302	0.363636363636	0.117647058824	0.735294117647	0.257575757576	0.0606060606061	1926.0	0.912716763006	28.0	0.0
Drosophila	AGT	S	T	0.0	0.0977698119787	0.142857142857	0.142857142857	0.571428571429	0.125	0.0625	1919.0	0.86993006993	9.0	0.0
Drosophila	TCA	S	T	0.0	0.0977698119787	0.444444444444	0.125	0.65	0.357142857143	0.0625	1919.0	0.881413359148	28.0	0.0
Myxine	TCG	S	T	0.0	0.0333066164473	0.25	0.25	0.25	0.0239520958084	0.0419161676647	1919.0	0.898148148148	30.0	0.0
Myxine	TCT	S	T	0.0	0.0333066164473	0.0909090909091	0.0512820512821	0.487179487179	0.233532934132	0.0419161676647	1919.0	0.143574297189	29.0	0.0
Myxine	TCC	S	T	0.0	0.0333066164473	0.333333333333	0.1	0.525	0.239520958084	0.0419161676647	1919.0	0.495078740157	31.0	0.0
Ciona	TCT	S	T	0.0	0.386799299819	0.5	0.140845070423	0.380281690141	0.422619047619	0.0952380952381	1891.0	0.503168917057	29.0	0.0
Ciona	AGT	S	T	0.0	0.386799299819	0.25	0.0714285714286	0.547619047619	0.25	0.0952380952381	1891.0	0.56765523633	9.0	0.0
Ciona	TCC	S	T	0.0	0.386799299819	0.166666666667	0.0833333333333	0.333333333333	0.0714285714286	0.0952380952381	1891.0	0.115987460815	31.0	0.0
Ciona	TCA	S	T	0.0	0.386799299819	0.166666666667	0.0526315789474	0.473684210526	0.22619047619	0.0952380952381	1891.0	0.334034718569	28.0	0.0
Epigonichthys	AGT	S	T	0.0	0.0979421190307	0.166666666667	0.0909090909091	0.363636363636	0.095652173913	0.0260869565217	1918.0	0.352212389381	9.0	0.0
Epigonichthys	TCC	S	T	0.0	0.0979421190307	0.142857142857	0.0769230769231	0.538461538462	0.113043478261	0.0260869565217	1918.0	0.51166180758	31.0	0.0
Epigonichthys	TCA	S	T	0.0	0.0979421190307	0.142857142857	0.0555555555556	0.555555555556	0.15652173913	0.0260869565217	1918.0	0.450765864333	28.0	0.0
Daphnia	TCT	S	T	1.0	0.602699151178	0.166666666667	0.0588235294118	0.549019607843	0.418032786885	0.0819672131148	1916.0	0.451148306734	29.0	0.0
Daphnia	AGT	S	T	1.0	0.602699151178	0.2	0.125	0.3125	0.131147540984	0.0819672131148	1916.0	0.264705882353	9.0	0.0
Daphnia	AGC	S	T	1.0	0.602699151178	0.125	0.1	0.7	0.0819672131148	0.0819672131148	1916.0	0.976608187135	11.0	0.0
Daphnia	TCC	S	T	1.0	0.602699151178	0.285714285714	0.153846153846	0.538461538462	0.106557377049	0.0819672131148	1916.0	0.96493902439	31.0	0.0
Daphnia	TCA	S	T	1.0	0.602699151178	0.222222222222	0.0869565217391	0.565217391304	0.188524590164	0.0819672131148	1916.0	0.595744680851	28.0	0.0
Homo	AGT	S	T	0.0	0.061659806508	0.166666666667	0.166666666667	0.166666666667	0.046875	0.046875	1920.0	0.394822006472	9.0	0.0
Homo	AGC	S	T	0.0	0.061659806508	0.125	0.0952380952381	0.571428571429	0.1640625	0.046875	1920.0	0.372458410351	11.0	0.0
Homo	TCA	S	T	0.0	0.061659806508	0.3	0.075	0.65	0.3125	0.046875	1920.0	0.611976630964	28.0	0.0
Blanceolatum	AGT	S	T	0.0	0.265731284443	0.285714285714	0.117647058824	0.529411764706	0.223684210526	0.0263157894737	1187.0	0.580161476355	9.0	0.0
Saccoglossus	TCT	S	T	0.0	0.396309234678	0.1	0.0204081632653	0.632653061224	0.352517985612	0.0575539568345	1924.0	0.407009159697	29.0	0.0
Saccoglossus	AGT	S	T	0.0	0.396309234678	0.125	0.0526315789474	0.842105263158	0.136690647482	0.0575539568345	1924.0	0.688193743693	9.0	0.0
Saccoglossus	AGC	S	T	0.0	0.396309234678	0.2	0.125	0.5	0.0575539568345	0.0575539568345	1924.0	0.554959785523	11.0	0.0
Saccoglossus	TCC	S	T	0.0	0.396309234678	0.25	0.0869565217391	0.478260869565	0.165467625899	0.0575539568345	1924.0	0.45415959253	31.0	0.0
Saccoglossus	TCA	S	T	0.0	0.396309234678	0.181818181818	0.0789473684211	0.605263157895	0.273381294964	0.0575539568345	1924.0	0.520080321285	28.0	0.0
Nephroselmis_olivacea	AGT	S	T	0.0	0.388646609025	0.333333333333	0.0714285714286	0.880952380952	0.338709677419	0.0241935483871	1929.0	0.985883424408	9.0	0.0

### Alignment improvement:
