### Random Forest prediction
genome	codon	ori_aa	rea_aa	fitch	Fisher_pval	Gene_frac	N._rea	N._used	Cod._count	Sub._count	G._len	codon_lik	id	prediction	probability
Metaseiulus_occidentalis	TTA	L	Y	0.0	0.703821553794	0.1	0.00990099009901	0.910891089109	0.573863636364	0.00568181818182	1280.0	-0.751449458029	20.0	0.0	0.0
Schistosoma	CTT	L	Y	0.0	0.483637534671	0.2	0.0714285714286	0.928571428571	0.0740740740741	0.021164021164	1325.0	-0.54478976234	53.0	0.0	0.0
Schistosoma	TTA	L	Y	0.0	0.483637534671	0.25	0.0285714285714	0.609523809524	0.555555555556	0.021164021164	1325.0	-0.562515292391	20.0	0.0	0.0
Fasciola	TTA	L	Y	0.0	0.363967734443	0.2	0.046511627907	0.744186046512	0.207729468599	0.0144927536232	1332.0	-0.742108397856	20.0	0.0	0.0
Fasciola	TTG	L	Y	0.0	0.363967734443	0.0833333333333	0.00787401574803	0.677165354331	0.613526570048	0.0144927536232	1332.0	-0.556831922612	22.0	0.0	0.0
Trichobilharzia_regenti	TTA	L	Y	0.0	0.949498157015	0.25	0.032967032967	0.637362637363	0.455	0.035	1324.0	-0.545479988805	20.0	0.0	0.0
Trichobilharzia_regenti	TTG	L	Y	0.0	0.949498157015	0.363636363636	0.0459770114943	0.666666666667	0.435	0.035	1324.0	-0.327122153209	22.0	0.0	0.0
Versteria_mustelae	TTG	L	Y	0.0	0.396232255887	0.25	0.0280373831776	0.719626168224	0.529702970297	0.0148514851485	1328.0	-0.643979057592	22.0	0.0	0.0
Daphnia	TTG	L	Y	0.0	0.219047599319	0.0909090909091	0.0416666666667	0.958333333333	0.110091743119	0.0045871559633	1351.0	-0.483563096501	22.0	0.0	0.0
Haplorchis_taichui	CTT	L	Y	0.0	0.463291497287	0.272727272727	0.0625	0.541666666667	0.234146341463	0.0243902439024	1320.0	-0.0196182396607	53.0	0.0	0.0
Haplorchis_taichui	TTA	L	Y	0.0	0.463291497287	0.1	0.0192307692308	0.692307692308	0.253658536585	0.0243902439024	1320.0	-0.536645351697	20.0	0.0	0.0
Haplorchis_taichui	TTG	L	Y	0.0	0.463291497287	0.0833333333333	0.0140845070423	0.746478873239	0.346341463415	0.0243902439024	1320.0	-0.648717022046	22.0	0.0	0.0
Halocynthia	TTA	L	Y	0.0	0.455086308	0.181818181818	0.0181818181818	0.836363636364	0.541871921182	0.00985221674877	1348.0	-0.613488372093	20.0	0.0	0.0
Echinococcus_equinus	TTA	L	Y	0.0	0.382093131985	0.181818181818	0.0333333333333	0.716666666667	0.295566502463	0.0147783251232	1331.0	-0.395506570581	20.0	0.0	0.0
Echinococcus_equinus	TTG	L	Y	0.0	0.382093131985	0.0833333333333	0.00813008130081	0.715447154472	0.605911330049	0.0147783251232	1331.0	-0.718684977112	22.0	0.0	0.0
Taenia_crassiceps	CTT	L	Y	0.0	0.0463389489288	0.142857142857	0.0714285714286	0.714285714286	0.0682926829268	0.0243902439024	1333.0	-0.357798165138	53.0	0.0	0.0
Taenia_crassiceps	TTA	L	Y	0.0	0.0463389489288	0.25	0.025	0.675	0.585365853659	0.0243902439024	1333.0	-0.61775323848	20.0	0.0	0.0
Taenia_crassiceps	CTG	L	Y	0.0	0.0463389489288	0.333333333333	0.333333333333	0.666666666667	0.0146341463415	0.0243902439024	1333.0	1.20338983051	54.0	0.0	0.009
Suberites_domuncula	CTA	L	Y	0.0	0.0649999861898	0.125	0.0625	0.9375	0.0758293838863	0.00473933649289	1351.0	-0.440514469453	52.0	0.0	0.0
Tetrancistrum_nebulosi	CTG	L	Y	0.0	0.101105579588	0.142857142857	0.0909090909091	0.727272727273	0.0588235294118	0.0106951871658	1333.0	-0.389791183295	54.0	0.0	0.0
Tetrancistrum_nebulosi	TTG	L	Y	0.0	0.101105579588	0.111111111111	0.037037037037	0.740740740741	0.144385026738	0.0106951871658	1333.0	-0.701804368471	22.0	0.0	0.0
Pseudogarypus_banksi	CTG	L	Y	0.0	0.293412229629	0.333333333333	0.333333333333	0.666666666667	0.0159574468085	0.0265957446809	1347.0	1.20338983051	54.0	0.0	0.006
Pseudogarypus_banksi	TTA	L	Y	0.0	0.293412229629	0.25	0.0327868852459	0.819672131148	0.648936170213	0.0265957446809	1347.0	-0.484073763621	20.0	0.0	0.0
Benedenia_hoshinai	TTG	L	Y	0.0	0.329861085936	0.111111111111	0.0384615384615	0.769230769231	0.131979695431	0.00507614213198	1333.0	-0.69735553379	22.0	0.0	0.0
Ciona	CTT	L	Y	0.0	0.388009667552	0.1	0.04	0.84	0.128205128205	0.0102564102564	1348.0	-0.63987792472	53.0	0.0	0.0
Ciona	TTA	L	Y	0.0	0.388009667552	0.0833333333333	0.00862068965517	0.862068965517	0.594871794872	0.0102564102564	1348.0	-0.682129445549	20.0	0.0	0.0
Caenorhabditis	TTA	L	Y	0.0	0.676666555035	0.0833333333333	0.00826446280992	0.793388429752	0.636842105263	0.00526315789474	1346.0	-0.600764493523	20.0	0.0	0.0
Ascidiella_aspersa	CTT	L	Y	0.0	0.350318444949	0.111111111111	0.0384615384615	0.884615384615	0.14364640884	0.00552486187845	1350.0	-0.510848126233	53.0	0.0	0.0