### Random Forest prediction
genome	codon	ori_aa	rea_aa	fitch	Fisher_pval	Gene_frac	N._rea	N._used	Cod._count	Sub._count	G._len	codon_lik	id	prediction	probability
SpombA	ACT	T	A	0.0	0.785975535863	0.166666666667	0.0555555555556	0.694444444444	0.6	0.0333333333333	1424.0	0.155232714555	13.0	0.0	0.0
WmucoA	ACA	T	A	0.0	0.367469830493	0.181818181818	0.0392156862745	0.843137254902	0.515151515152	0.020202020202	2246.0	0.0775115764043	12.0	0.0	0.0
AacerA	ACT	T	A	0.0	0.724137931034	0.5	0.0555555555556	0.833333333333	0.5625	0.03125	630.0	0.408902691511	13.0	0.0	0.034
CgallA	ACA	T	A	0.0	0.7	0.0833333333333	0.013698630137	0.643835616438	0.623931623932	0.00854700854701	2247.0	-0.0887931034483	12.0	0.0	0.0
CgigaA	ACC	T	A	0.0	0.786516780227	0.111111111111	0.0232558139535	0.860465116279	0.447916666667	0.0104166666667	2002.0	-0.0125725338491	15.0	0.0	0.0
CsantA	ACC	T	A	0.0	0.0318169030983	0.5	0.333333333333	0.666666666667	0.0254237288136	0.0508474576271	2220.0	1.32165605096	15.0	0.0	0.014
CsantA	ACA	T	A	0.0	0.0318169030983	0.153846153846	0.0357142857143	0.625	0.474576271186	0.0508474576271	2220.0	-0.0318446601942	12.0	0.0	0.0
CsantA	ACG	T	A	0.0	0.0318169030983	0.333333333333	0.2	0.0	0.0423728813559	0.0508474576271	2220.0	1.17726396917	14.0	0.0	0.004
CsantA	ACT	T	A	0.0	0.0318169030983	0.181818181818	0.037037037037	0.685185185185	0.457627118644	0.0508474576271	2220.0	-0.0381347150259	13.0	0.0	0.0
WpijpA	ACT	T	A	0.0	0.14406779661	0.166666666667	0.0526315789474	0.842105263158	0.279411764706	0.0147058823529	1429.0	0.21327254306	13.0	0.0	0.0
BarxA	ACA	T	A	0.0	0.319852941176	1.0	0.133333333333	0.533333333333	0.6	0.08	434.0	0.262424242424	12.0	0.0	0.048
CsubhA	ACC	T	A	5.0	0.415941434234	0.333333333333	0.063829787234	0.829787234043	0.427272727273	0.0272727272727	2244.0	0.178723404255	15.0	0.0	0.051
CsubhB	ACC	T	A	5.0	0.415941434234	0.333333333333	0.063829787234	0.829787234043	0.427272727273	0.0272727272727	2244.0	0.178723404255	15.0	0.0	0.051
OanguA	ACA	T	A	1.0	0.824844660024	0.1	0.0196078431373	0.745098039216	0.432203389831	0.0254237288136	2248.0	-0.0312950380894	12.0	0.0	0.0
OanguA	ACT	T	A	1.0	0.824844660024	0.181818181818	0.0333333333333	0.766666666667	0.508474576271	0.0254237288136	2248.0	0.146388567014	13.0	0.0	0.0
CalaiA	ACT	T	A	4.0	0.739130434783	0.1	0.0188679245283	0.88679245283	0.535353535354	0.010101010101	2056.0	0.104616603923	13.0	0.0	0.051
CnorvA	ACA	T	A	0.0	0.456886728068	0.0909090909091	0.0178571428571	0.803571428571	0.549019607843	0.0294117647059	2249.0	0.034242484571	12.0	0.0	0.0
CnorvA	ACT	T	A	0.0	0.456886728068	0.2	0.0454545454545	0.772727272727	0.43137254902	0.0294117647059	2249.0	0.18159864767	13.0	0.0	0.0
MstarA	ACA	T	A	0.0	0.747393744988	0.1	0.0181818181818	0.745454545455	0.5	0.0181818181818	2249.0	0.0491645861341	12.0	0.0	0.0
MstarA	ACT	T	A	0.0	0.747393744988	0.1	0.0181818181818	0.8	0.5	0.0181818181818	2249.0	0.0341463414634	13.0	0.0	0.0
NbaciA	ACT	T	A	0.0	0.666666666667	0.166666666667	0.025	0.875	0.615384615385	0.0153846153846	1428.0	0.0745192307692	13.0	0.0	0.0
LstarA	ACA	T	A	0.0	0.793796038801	0.125	0.027027027027	0.675675675676	0.393617021277	0.031914893617	1834.0	-0.00934836403629	12.0	0.0	0.0
LstarA	ACT	T	A	0.0	0.793796038801	0.25	0.037037037037	0.777777777778	0.574468085106	0.031914893617	1834.0	-0.00181854920186	13.0	0.0	0.0
CphanA	ACA	T	A	0.0	0.65	0.0769230769231	0.0123456790123	0.679012345679	0.698275862069	0.00862068965517	2247.0	-0.071409921671	12.0	0.0	0.0
CglabA	ACA	T	A	0.0	0.745901639344	0.142857142857	0.027027027027	0.810810810811	0.536231884058	0.0144927536232	1413.0	0.0695970695971	12.0	0.0	0.0
ScryoA	ACA	T	A	0.0	0.26136356182	0.142857142857	0.0344827586207	0.620689655172	0.420289855072	0.0144927536232	1424.0	0.0872438863186	12.0	0.0	0.0
HuvarA	ACT	T	A	0.0	0.408231368187	0.5	0.0857142857143	0.485714285714	0.603448275862	0.051724137931	1361.0	0.226961990703	13.0	0.0	0.0
CzempA	ACT	T	A	0.0	0.384343390228	0.4	0.0606060606061	0.636363636364	0.5	0.030303030303	1428.0	0.177089421391	13.0	0.0	0.0
PpastA	ACT	T	A	0.0	0.0989010989011	0.166666666667	0.05	0.85	0.18691588785	0.00934579439252	2248.0	0.205549845838	13.0	0.0	0.0
SjapoA	ACT	T	A	0.0	0.802325513147	0.5	0.0689655172414	0.551724137931	0.816901408451	0.056338028169	1423.0	0.239336099585	13.0	0.0	0.0
MmagnB	ACA	T	A	0.0	0.259021594099	0.0909090909091	0.0112359550562	0.730337078652	0.760683760684	0.017094017094	2249.0	0.0743373493976	12.0	0.0	0.0
MmagnB	ACT	T	A	0.0	0.259021594099	0.1	0.0384615384615	0.692307692308	0.222222222222	0.017094017094	2249.0	0.0210934136892	13.0	0.0	0.0
MmagnA	ACA	T	A	0.0	0.704490675841	0.181818181818	0.0222222222222	0.722222222222	0.769230769231	0.017094017094	2249.0	0.105707491082	12.0	0.0	0.0
MtetrA	ACA	T	A	0.0	0.40588232857	0.0909090909091	0.015873015873	0.650793650794	0.533898305085	0.0169491525424	2248.0	0.0882497140056	12.0	0.0	0.0
MtetrA	ACG	T	A	0.0	0.40588232857	0.142857142857	0.0588235294118	0.647058823529	0.14406779661	0.0169491525424	2248.0	0.209284028324	14.0	0.0	0.0
CsuavA	ACA	T	A	0.0	0.676470476535	0.0769230769231	0.015625	0.84375	0.64	0.01	2250.0	0.0355146333443	12.0	0.0	0.0
PkluyA	ACA	T	A	0.0	0.138499262784	0.0909090909091	0.010101010101	0.808080808081	0.87610619469	0.0176991150442	2247.0	-0.000434121988279	12.0	0.0	0.0
PkluyA	ACT	T	A	0.0	0.138499262784	0.166666666667	0.0769230769231	0.769230769231	0.115044247788	0.0176991150442	2247.0	0.128787878788	13.0	0.0	0.0
PcanaA	ACT	T	A	0.0	0.031976744186	0.3	0.0731707317073	0.780487804878	0.41	0.03	2250.0	0.20311645708	13.0	0.0	0.0
CjadiA	ACA	T	A	0.0	0.651162790698	0.0909090909091	0.0153846153846	0.907692307692	0.643564356436	0.00990099009901	2250.0	0.0751454427925	12.0	0.0	0.0
AgossB	ACA	T	A	0.0	0.135642517187	0.333333333333	0.0952380952381	0.857142857143	0.304347826087	0.0434782608696	1427.0	0.359375	12.0	0.0	0.0
AgossB	ACT	T	A	0.0	0.135642517187	0.142857142857	0.0208333333333	0.854166666667	0.695652173913	0.0434782608696	1427.0	0.161123282215	13.0	0.0	0.0
NdelpA	ACA	T	A	0.0	0.746892655367	0.142857142857	0.0294117647059	0.794117647059	0.492753623188	0.0289855072464	1412.0	0.114795918367	12.0	0.0	0.0
NdelpA	ACT	T	A	0.0	0.746892655367	0.166666666667	0.0285714285714	0.885714285714	0.507246376812	0.0289855072464	1412.0	0.0620518477661	13.0	0.0	0.0
CalimA	ACA	T	A	0.0	0.626582278481	0.0833333333333	0.0119047619048	0.690476190476	0.730434782609	0.00869565217391	2247.0	-0.0662184447545	12.0	0.0	0.0
BcaliA	ACT	T	A	0.0	0.364744693058	0.166666666667	0.04	0.82	0.5	0.02	2250.0	0.166553210801	13.0	0.0	0.0
SoctoA	ACA	T	A	0.0	0.238636289093	0.142857142857	0.0384615384615	0.692307692308	0.393939393939	0.0151515151515	1425.0	-0.00369003690037	12.0	0.0	0.0
CvartA	ACT	T	A	0.0	0.247058823529	0.1	0.0188679245283	0.77358490566	0.524752475248	0.00990099009901	2250.0	0.0170159784188	13.0	0.0	0.0
CbuenA	ACT	T	A	0.0	0.64	0.0909090909091	0.012987012987	0.922077922078	0.706422018349	0.00917431192661	2248.0	0.0591327201051	13.0	0.0	0.0
CdefoA	ACA	T	A	0.0	0.668749885635	0.0833333333333	0.0128205128205	0.666666666667	0.661016949153	0.00847457627119	2247.0	-0.0690544023877	12.0	0.0	0.0
CsalmA	ACT	T	A	0.0	0.258852902941	0.5	0.0857142857143	0.628571428571	0.636363636364	0.0545454545455	2153.0	0.189477030679	13.0	0.0	0.0
BcustA	ACT	T	A	0.0	0.744318181818	0.111111111111	0.0172413793103	0.758620689655	0.487394957983	0.00840336134454	2247.0	0.0410745571345	13.0	0.0	0.0
AgossA	ACA	T	A	0.0	0.122831835008	0.333333333333	0.1	0.85	0.289855072464	0.0434782608696	1427.0	0.377049180328	12.0	0.0	0.0
AgossA	ACT	T	A	0.0	0.122831835008	0.142857142857	0.0204081632653	0.857142857143	0.710144927536	0.0434782608696	1427.0	0.157915284013	13.0	0.0	0.0
MingeA	ACA	T	A	0.0	0.755813953488	0.1	0.0149253731343	0.746268656716	0.603603603604	0.018018018018	2249.0	-0.0567465321564	12.0	0.0	0.0
MingeA	ACT	T	A	0.0	0.755813953488	0.1	0.0227272727273	0.772727272727	0.396396396396	0.018018018018	2249.0	0.0872033023736	13.0	0.0	0.0