### Random Forest prediction
genome	codon	ori_aa	rea_aa	fitch	Fisher pval	Gene frac	N. rea	N. used	Cod. count	Sub. count	G. len	codon_lik	id	prediction
Paracentrotus	ACC	T	S	0.0	0.0456334263866	0.428571428571	0.166666666667	0.722222222222	0.246575342466	0.0684931506849	1784.0	1.14990512334	15.0	0.0
Paracentrotus	ACA	T	S	0.0	0.0456334263866	0.111111111111	0.0294117647059	0.882352941176	0.465753424658	0.0684931506849	1784.0	0.807652533609	12.0	0.0
Paracentrotus	ACG	T	S	0.0	0.0456334263866	0.333333333333	0.25	0.5	0.0547945205479	0.0684931506849	1784.0	0.601694915254	14.0	0.0
Andalucia	ACT	T	S	0.0	0.871743979367	0.2	0.0877192982456	0.789473684211	0.76	0.0666666666667	1783.0	0.886446886447	13.0	0.0
Seculomonas	ACA	T	S	0.0	0.494145155871	0.25	0.0689655172414	0.758620689655	0.397260273973	0.041095890411	1784.0	0.923076923077	12.0	0.0
Seculomonas	ACT	T	S	0.0	0.494145155871	0.111111111111	0.025	0.875	0.547945205479	0.041095890411	1784.0	0.674846625767	13.0	0.0
Fasciola	ACG	T	S	0.0	0.152619809487	0.5	0.4	0.2	0.0943396226415	0.11320754717	1701.0	1.66901408451	14.0	0.0
Fasciola	ACT	T	S	0.0	0.152619809487	0.363636363636	0.0975609756098	0.536585365854	0.77358490566	0.11320754717	1701.0	0.68231349539	13.0	0.0
Patiria	ACC	T	S	0.0	0.484994800049	0.1	0.030303030303	0.848484848485	0.423076923077	0.0384615384615	1784.0	0.667016806723	15.0	0.0
Patiria	ACT	T	S	0.0	0.484994800049	0.285714285714	0.105263157895	0.736842105263	0.24358974359	0.0384615384615	1784.0	0.68458781362	13.0	0.0
Lumbricus	ACA	T	S	0.0	0.218703111496	0.1	0.0344827586207	0.724137931034	0.371794871795	0.0641025641026	1781.0	0.623941958888	12.0	0.0
Lumbricus	ACT	T	S	0.0	0.218703111496	0.333333333333	0.148148148148	0.740740740741	0.346153846154	0.0641025641026	1781.0	1.02706185567	13.0	0.0
Halocynthia	ACC	T	S	1.0	0.0829072010878	1.0	1.0	0.0	0.0172413793103	0.0862068965517	1746.0	2.06896551724	15.0	0.0
Halocynthia	ACA	T	S	1.0	0.0829072010878	0.285714285714	0.105263157895	0.789473684211	0.327586206897	0.0862068965517	1746.0	0.965137614679	12.0	0.0
Halocynthia	ACT	T	S	1.0	0.0829072010878	0.25	0.0571428571429	0.8	0.603448275862	0.0862068965517	1746.0	1.03872889772	13.0	0.0
Limulus	ACA	T	S	0.0	0.885752648728	0.2	0.05	0.825	0.540540540541	0.0405405405405	1781.0	0.897816593886	12.0	0.0
Limulus	ACT	T	S	0.0	0.885752648728	0.142857142857	0.0526315789474	0.789473684211	0.256756756757	0.0405405405405	1781.0	0.747272727273	13.0	0.0
Caenorhabditis	ACC	T	S	0.0	0.114064334428	0.25	0.2	0.0	0.0537634408602	0.0860215053763	1755.0	0.554794520548	15.0	0.0
Caenorhabditis	ACA	T	S	0.0	0.114064334428	0.333333333333	0.0851063829787	0.446808510638	0.505376344086	0.0860215053763	1755.0	0.499265785609	12.0	0.0
Caenorhabditis	ACG	T	S	0.0	0.114064334428	0.25	0.25	0.5	0.0430107526882	0.0860215053763	1755.0	1.15517241379	14.0	0.0
Caenorhabditis	ACT	T	S	0.0	0.114064334428	0.25	0.0540540540541	0.540540540541	0.397849462366	0.0860215053763	1755.0	0.445895522388	13.0	0.0
Axinella	ACA	T	S	0.0	0.200973731662	0.111111111111	0.0333333333333	0.9	0.405405405405	0.0405405405405	1777.0	0.850694444444	12.0	0.0
Axinella	ACG	T	S	0.0	0.200973731662	0.333333333333	0.25	0.5	0.0540540540541	0.0405405405405	1777.0	0.730434782609	14.0	0.0
Axinella	ACT	T	S	0.0	0.200973731662	0.111111111111	0.0285714285714	0.885714285714	0.472972972973	0.0405405405405	1777.0	0.815109343936	13.0	0.0
Terebratulina	ACC	T	S	0.0	0.420145153907	0.222222222222	0.05	0.625	0.459770114943	0.0229885057471	1783.0	0.384682332463	15.0	0.0
Jbahamiensis	ACA	T	S	0.0	0.872201612849	0.111111111111	0.0588235294118	0.794117647059	0.485714285714	0.0428571428571	1784.0	0.807216494845	12.0	0.0
Jbahamiensis	ACT	T	S	0.0	0.872201612849	0.111111111111	0.0384615384615	0.923076923077	0.371428571429	0.0428571428571	1784.0	0.765020026702	13.0	0.0
Bfloridae	ACC	T	S	1.0	0.261083728536	0.333333333333	0.333333333333	0.666666666667	0.0882352941176	0.0588235294118	1085.0	1.3	15.0	0.0
Bfloridae	ACA	T	S	1.0	0.261083728536	0.166666666667	0.0769230769231	0.846153846154	0.382352941176	0.0588235294118	1085.0	0.704188481675	12.0	0.0
Katharina	ACG	T	S	0.0	0.177759763717	0.25	0.25	0.25	0.0519480519481	0.0649350649351	1781.0	0.310344827586	14.0	0.0
Katharina	ACT	T	S	0.0	0.177759763717	0.4	0.0833333333333	0.770833333333	0.623376623377	0.0649350649351	1781.0	0.883551673945	13.0	0.0
Geodia	ACA	T	S	1.0	0.269841220519	0.125	0.05	0.85	0.289855072464	0.0144927536232	1780.0	0.744308231173	12.0	0.0
Acropora	ACT	T	S	0.0	0.765151434069	0.111111111111	0.03125	0.9375	0.444444444444	0.0138888888889	1781.0	0.992341356674	13.0	0.0
Trichinella	ACC	T	S	0.0	0.912268877274	0.2	0.0588235294118	0.647058823529	0.166666666667	0.0392156862745	1759.0	0.537678207739	15.0	0.0
Trichinella	ACA	T	S	0.0	0.912268877274	0.25	0.0338983050847	0.457627118644	0.578431372549	0.0392156862745	1759.0	-0.020202020202	12.0	0.0
Trichinella	ACT	T	S	0.0	0.912268877274	0.111111111111	0.047619047619	0.380952380952	0.205882352941	0.0392156862745	1759.0	0.046925566343	13.0	0.0
Balanoglossus	ACC	T	S	0.0	0.38718582472	0.111111111111	0.03125	0.71875	0.385542168675	0.0602409638554	1784.0	0.429946524064	15.0	0.0
Balanoglossus	ACA	T	S	0.0	0.38718582472	0.1	0.0454545454545	0.772727272727	0.265060240964	0.0602409638554	1784.0	0.488958990536	12.0	0.0
Balanoglossus	ACG	T	S	0.0	0.38718582472	0.333333333333	0.25	0.75	0.0481927710843	0.0602409638554	1784.0	1.20175438596	14.0	0.0
Balanoglossus	ACT	T	S	0.0	0.38718582472	0.285714285714	0.08	0.84	0.301204819277	0.0602409638554	1784.0	0.848400556328	13.0	0.0
Reclinomonas	ACA	T	S	0.0	0.439084057215	0.25	0.0625	0.791666666667	0.666666666667	0.0416666666667	1784.0	0.811320754717	12.0	0.0
Drosophila	ACA	T	S	0.0	0.421446061741	0.125	0.0322580645161	0.870967741935	0.424657534247	0.0684931506849	1783.0	0.721164613662	12.0	0.0
Drosophila	ACT	T	S	0.0	0.421446061741	0.444444444444	0.102564102564	0.820512820513	0.534246575342	0.0684931506849	1783.0	1.0842945874	13.0	0.0
Jlibera	ACC	T	S	0.0	0.542675795427	0.142857142857	0.125	0.75	0.111111111111	0.0555555555556	1784.0	0.779220779221	15.0	0.0
Jlibera	ACT	T	S	0.0	0.542675795427	0.2	0.0545454545455	0.818181818182	0.763888888889	0.0555555555556	1784.0	0.835338822039	13.0	0.0
Myxine	ACC	T	S	0.0	0.656109117155	0.285714285714	0.0833333333333	0.708333333333	0.275862068966	0.0459770114943	1783.0	0.573888091822	15.0	0.0
Myxine	ACA	T	S	0.0	0.656109117155	0.1	0.0285714285714	0.628571428571	0.402298850575	0.0459770114943	1783.0	0.465139442231	12.0	0.0
Myxine	ACT	T	S	0.0	0.656109117155	0.111111111111	0.0384615384615	0.730769230769	0.298850574713	0.0459770114943	1783.0	0.962416107383	13.0	0.0
Ciona	ACA	T	S	0.0	0.903794285673	0.285714285714	0.0909090909091	0.681818181818	0.293333333333	0.0666666666667	1767.0	0.705974842767	12.0	0.0
Ciona	ACT	T	S	0.0	0.903794285673	0.272727272727	0.0666666666667	0.6	0.6	0.0666666666667	1767.0	0.714949651433	13.0	0.0
Epigonichthys	ACC	T	S	0.0	0.862494244077	0.166666666667	0.0714285714286	0.857142857143	0.168674698795	0.0722891566265	1783.0	0.895	15.0	0.0
Epigonichthys	ACA	T	S	0.0	0.862494244077	0.333333333333	0.107142857143	0.75	0.33734939759	0.0722891566265	1783.0	0.894218942189	12.0	0.0
Epigonichthys	ACT	T	S	0.0	0.862494244077	0.2	0.0769230769231	0.807692307692	0.313253012048	0.0722891566265	1783.0	0.712365591398	13.0	0.0
Daphnia	ACC	T	S	0.0	0.427419296368	0.125	0.0454545454545	0.909090909091	0.278481012658	0.0126582278481	1783.0	0.960998439938	15.0	0.0
Homo	ACC	T	S	1.0	0.447491448797	0.4	0.157894736842	0.552631578947	0.431818181818	0.102272727273	1782.0	0.669981916817	15.0	0.0
Homo	ACA	T	S	1.0	0.447491448797	0.333333333333	0.075	0.7	0.454545454545	0.102272727273	1782.0	0.866086956522	12.0	0.0
Blanceolatum	ACA	T	S	0.0	0.723544948427	0.333333333333	0.166666666667	0.75	0.363636363636	0.0606060606061	1083.0	1.09803921569	12.0	0.0
Saccoglossus	ACC	T	S	0.0	0.453391594735	0.111111111111	0.0625	0.8125	0.188235294118	0.0352941176471	1784.0	0.71948608137	15.0	0.0
Saccoglossus	ACT	T	S	0.0	0.453391594735	0.25	0.0625	0.75	0.376470588235	0.0352941176471	1784.0	0.587662337662	13.0	0.0

### Alignment improvement:
