### Random Forest prediction
genome	codon	ori_aa	rea_aa	fitch	Fisher_pval	Gene_frac	N._rea	N._used	Cod._count	Sub._count	G._len	codon_lik	id	prediction	probability
Aphrocallistes_vastus	GCA	A	F	0.0	0.736842014407	0.111111111111	0.025	0.725	0.512820512821	0.0128205128205	1349.0	-1.77392421323	44.0	0.0	0.0
Fasciola	GCT	A	F	0.0	0.637930909477	0.111111111111	0.025	0.5	0.78431372549	0.0196078431373	1332.0	-1.89679487179	45.0	0.0	0.0
Versteria_mustelae	GCT	A	F	0.0	0.364230746524	0.222222222222	0.0571428571429	0.485714285714	0.744680851064	0.063829787234	1328.0	-1.64835164835	45.0	0.0	0.0
Versteria_mustelae	GCG	A	F	0.0	0.364230746524	0.5	0.25	0.25	0.0851063829787	0.063829787234	1328.0	-0.850649350649	46.0	0.0	0.0
Haplorchis_taichui	GCT	A	F	0.0	0.429866503664	0.428571428571	0.129032258065	0.451612903226	0.563636363636	0.0727272727273	1320.0	-1.16115702479	45.0	0.0	0.0
Halocynthia	GCA	A	F	0.0	0.275510158283	0.111111111111	0.0625	0.75	0.253968253968	0.015873015873	1348.0	-1.72843450479	44.0	0.0	0.0
Echinococcus_equinus	GCG	A	F	1.0	0.0769230716115	0.5	0.285714285714	0.428571428571	0.148936170213	0.0425531914894	1331.0	-0.438405797101	46.0	0.0	0.002
Taenia_crassiceps	GCT	A	F	0.0	0.119565194875	0.125	0.0294117647059	0.5	0.790697674419	0.046511627907	1333.0	-1.69676448457	45.0	0.0	0.0
Taenia_crassiceps	GCG	A	F	0.0	0.119565194875	0.333333333333	0.333333333333	0.333333333333	0.0697674418605	0.046511627907	1333.0	0.533333333333	46.0	0.0	0.011
Axinella	GCA	A	F	1.0	0.265758044017	0.285714285714	0.0952380952381	0.761904761905	0.253012048193	0.0361445783133	1348.0	-1.32442284326	44.0	0.0	0.0
Axinella	GCT	A	F	1.0	0.265758044017	0.111111111111	0.0416666666667	0.833333333333	0.289156626506	0.0361445783133	1348.0	-1.73044397463	45.0	0.0	0.0
Suberites_domuncula	GCG	A	F	0.0	0.23134325524	0.125	0.0714285714286	0.714285714286	0.184210526316	0.0131578947368	1351.0	-1.6835443038	46.0	0.0	0.0
Geodia	GCA	A	F	1.0	0.893928657504	0.142857142857	0.0555555555556	0.777777777778	0.227848101266	0.0379746835443	1350.0	-1.86968838527	44.0	0.0	0.0
Geodia	GCT	A	F	1.0	0.893928657504	0.2	0.046511627907	0.860465116279	0.544303797468	0.0379746835443	1350.0	-1.55699940933	45.0	0.0	0.0
Amphimedon_queenslandica	GCG	A	F	1.0	0.332298118561	0.222222222222	0.0689655172414	0.724137931034	0.349397590361	0.0240963855422	1351.0	-1.51144366197	46.0	0.0	0.0
Tetrancistrum_nebulosi	GCA	A	F	0.0	0.739463580368	0.2	0.0909090909091	0.636363636364	0.189655172414	0.051724137931	1333.0	-0.929061784897	44.0	0.0	0.0
Tetrancistrum_nebulosi	GCT	A	F	0.0	0.739463580368	0.111111111111	0.0277777777778	0.361111111111	0.620689655172	0.051724137931	1333.0	-1.67948717949	45.0	0.0	0.0
Tetrancistrum_nebulosi	GCG	A	F	0.0	0.739463580368	0.25	0.2	0.6	0.0862068965517	0.051724137931	1333.0	-0.892857142857	46.0	0.0	0.0
Trichinella	GCA	A	F	0.0	0.378048734173	0.2	0.0526315789474	0.526315789474	0.306451612903	0.0161290322581	1343.0	-1.52120383037	44.0	0.0	0.0
Balanoglossus	GCC	A	F	7.0	0.811594137851	0.1	0.03125	0.78125	0.410256410256	0.0128205128205	1351.0	-1.61972951472	47.0	0.0	0.051
Benedenia_hoshinai	GCC	A	F	0.0	0.830687772232	0.166666666667	0.111111111111	0.777777777778	0.176470588235	0.0392156862745	1333.0	-1.1408045977	47.0	0.0	0.0
Benedenia_hoshinai	GCT	A	F	0.0	0.830687772232	0.142857142857	0.030303030303	0.454545454545	0.647058823529	0.0392156862745	1333.0	-1.82484567901	45.0	0.0	0.0
Strigamia_maritima	GCC	A	F	2.0	0.201612861461	0.125	0.0625	0.875	0.225352112676	0.0140845070423	1351.0	-1.5326953748	47.0	0.0	0.0
Caenorhabditis	GCT	A	F	0.0	0.814481965548	0.285714285714	0.0555555555556	0.694444444444	0.5625	0.03125	1346.0	-1.60141843972	45.0	0.0	0.0
Blanceolatum	GCT	A	F	0.0	0.777777701055	0.166666666667	0.0434782608696	0.826086956522	0.433962264151	0.0188679245283	775.0	-1.52832244009	45.0	0.0	0.061