### Random Forest prediction
genome	codon	ori_aa	rea_aa	fitch	Fisher pval	Gene frac	N. rea	N. used	Cod. count	Sub. count	G. len	codon_lik	id	prediction
Beta_vulgaris_vulgaris	CCG	P	L	0.0	0.0460988701037	0.333333333333	0.153846153846	0.846153846154	0.134020618557	0.0618556701031	1539.0	-2.06666666667	62.0	0.0
Beta_vulgaris_vulgaris	CCA	P	L	0.0	0.0460988701037	0.375	0.125	0.875	0.247422680412	0.0618556701031	1539.0	-2.1389114541	60.0	0.0
Beta_vulgaris_vulgaris	CCC	P	L	0.0	0.0460988701037	0.142857142857	0.0416666666667	0.958333333333	0.247422680412	0.0618556701031	1539.0	-2.46227164416	63.0	0.0
Malus_domestica	CCT	P	L	0.0	0.169183094098	0.111111111111	0.05	0.875	0.380952380952	0.0952380952381	1518.0	-2.40201729107	61.0	0.0
Malus_domestica	CCG	P	L	0.0	0.169183094098	0.5	0.222222222222	0.722222222222	0.171428571429	0.0952380952381	1518.0	-1.64519535375	62.0	0.0
Malus_domestica	CCA	P	L	0.0	0.169183094098	0.166666666667	0.0454545454545	0.954545454545	0.209523809524	0.0952380952381	1518.0	-2.55673758865	60.0	0.0
Malus_domestica	CCC	P	L	0.0	0.169183094098	0.5	0.12	0.84	0.238095238095	0.0952380952381	1518.0	-1.96679245283	63.0	0.0
Phoenix_dactylifera	CCT	P	L	0.0	0.170607471271	0.454545454545	0.172413793103	0.741379310345	0.397260273973	0.184931506849	1738.0	-1.65822357312	61.0	0.0
Phoenix_dactylifera	CCG	P	L	0.0	0.170607471271	0.555555555556	0.333333333333	0.625	0.164383561644	0.184931506849	1738.0	-1.00239425379	62.0	0.0
Phoenix_dactylifera	CCA	P	L	0.0	0.170607471271	0.625	0.189189189189	0.72972972973	0.253424657534	0.184931506849	1738.0	-1.7096092925	60.0	0.0
Phoenix_dactylifera	CCC	P	L	0.0	0.170607471271	0.222222222222	0.0740740740741	0.814814814815	0.184931506849	0.184931506849	1738.0	-2.18959372773	63.0	0.0
Caenorhabditis	CCT	P	L	0.0	0.368420998118	0.142857142857	0.05	0.85	0.322580645161	0.0161290322581	1865.0	-2.45019157088	61.0	0.0
Schistosoma	CCT	P	L	0.0	0.287330295652	0.125	0.0333333333333	0.866666666667	0.483870967742	0.0322580645161	1800.0	-2.64332036316	61.0	0.0
Schistosoma	CCC	P	L	0.0	0.287330295652	0.2	0.142857142857	0.714285714286	0.112903225806	0.0322580645161	1800.0	-1.61016949153	63.0	0.0
Fasciola	CCT	P	L	1.0	0.783459890171	0.25	0.0454545454545	0.840909090909	0.619718309859	0.0281690140845	1825.0	-2.44772827525	61.0	0.0
Dunaliella_salina	CCA	P	L	0.0	0.732394273805	0.166666666667	0.0238095238095	0.880952380952	0.552631578947	0.0131578947368	1392.0	-2.57480314961	60.0	0.0
Carica_papaya	CCT	P	L	0.0	0.116477098472	0.363636363636	0.105263157895	0.80701754386	0.413043478261	0.159420289855	1751.0	-2.05410062026	61.0	0.0
Carica_papaya	CCG	P	L	0.0	0.116477098472	0.6	0.333333333333	0.625	0.173913043478	0.159420289855	1751.0	-0.963170536429	62.0	0.0
Carica_papaya	CCA	P	L	0.0	0.116477098472	0.555555555556	0.161290322581	0.806451612903	0.224637681159	0.159420289855	1751.0	-1.84404837683	60.0	0.0
Carica_papaya	CCC	P	L	0.0	0.116477098472	0.333333333333	0.115384615385	0.807692307692	0.188405797101	0.159420289855	1751.0	-2.04807692308	63.0	0.0
Patiria	CCT	P	L	0.0	0.490196020889	0.111111111111	0.0285714285714	0.942857142857	0.3125	0.00892857142857	1926.0	-2.50141322781	61.0	0.0
Zea_mays_NB	CCT	P	L	0.0	0.703700447778	0.25	0.111111111111	0.861111111111	0.346153846154	0.125	1540.0	-2.08543793659	61.0	0.0
Zea_mays_NB	CCG	P	L	0.0	0.703700447778	0.2	0.142857142857	0.857142857143	0.134615384615	0.125	1540.0	-2.12719891746	62.0	0.0
Zea_mays_NB	CCA	P	L	0.0	0.703700447778	0.625	0.171428571429	0.828571428571	0.336538461538	0.125	1540.0	-1.88795986622	60.0	0.0
Zea_mays_NB	CCC	P	L	0.0	0.703700447778	0.142857142857	0.0526315789474	0.947368421053	0.182692307692	0.125	1540.0	-2.4871031746	63.0	0.0
Arabidopsis_thaliana	CCT	P	L	0.0	0.952609641635	0.444444444444	0.105263157895	0.859649122807	0.448818897638	0.0866141732283	1780.0	-2.10013860014	61.0	0.0
Arabidopsis_thaliana	CCG	P	L	0.0	0.952609641635	0.142857142857	0.0555555555556	0.888888888889	0.141732283465	0.0866141732283	1780.0	-2.4696485623	62.0	0.0
Arabidopsis_thaliana	CCA	P	L	0.0	0.952609641635	0.3	0.0967741935484	0.903225806452	0.244094488189	0.0866141732283	1780.0	-2.20296391753	60.0	0.0
Arabidopsis_thaliana	CCC	P	L	0.0	0.952609641635	0.125	0.047619047619	0.857142857143	0.165354330709	0.0866141732283	1780.0	-2.36025998143	63.0	0.0
Lumbricus	CCG	P	L	0.0	0.197203700774	0.142857142857	0.1	0.8	0.0917431192661	0.0366972477064	1920.0	-2.21739130435	62.0	0.0
Lumbricus	CCA	P	L	0.0	0.197203700774	0.0909090909091	0.0294117647059	0.705882352941	0.311926605505	0.0366972477064	1920.0	-2.17132867133	60.0	0.0
Lumbricus	CCC	P	L	0.0	0.197203700774	0.125	0.0666666666667	0.9	0.275229357798	0.0366972477064	1920.0	-2.46028645833	63.0	0.0
Bracteacoccus_aerius	CCC	P	L	0.0	0.239795888422	0.142857142857	0.0555555555556	0.888888888889	0.178217821782	0.00990099009901	1789.0	-2.35146898803	63.0	0.0
Oryza_sativa_I2	CCT	P	L	0.0	0.689103071886	0.25	0.0975609756098	0.878048780488	0.376146788991	0.100917431193	1693.0	-2.161121673	61.0	0.0
Oryza_sativa_I2	CCG	P	L	0.0	0.689103071886	0.166666666667	0.0714285714286	0.928571428571	0.128440366972	0.100917431193	1693.0	-2.43596730245	62.0	0.0
Oryza_sativa_I2	CCA	P	L	0.0	0.689103071886	0.555555555556	0.151515151515	0.848484848485	0.302752293578	0.100917431193	1693.0	-1.97575399172	60.0	0.0
Oryza_sativa_I2	CCC	P	L	0.0	0.689103071886	0.125	0.047619047619	0.952380952381	0.192660550459	0.100917431193	1693.0	-2.5	63.0	0.0
Oryza_sativa_J2	CCT	P	L	0.0	0.470194559657	0.25	0.0888888888889	0.844444444444	0.432692307692	0.115384615385	1446.0	-2.12295444494	61.0	0.0
Oryza_sativa_J2	CCG	P	L	0.0	0.470194559657	0.166666666667	0.1	0.9	0.0961538461538	0.115384615385	1446.0	-2.23032629559	62.0	0.0
Oryza_sativa_J2	CCA	P	L	0.0	0.470194559657	0.666666666667	0.2	0.8	0.288461538462	0.115384615385	1446.0	-1.67536813922	60.0	0.0
Oryza_sativa_J2	CCC	P	L	0.0	0.470194559657	0.125	0.0526315789474	0.894736842105	0.182692307692	0.115384615385	1446.0	-2.37909836066	63.0	0.0
Pycnococcus_provasolii	CCA	P	L	0.0	0.482905937167	0.125	0.03125	0.9375	0.264462809917	0.00826446280992	1930.0	-2.59434542102	60.0	0.0
Polytoma_uvella	CCG	P	L	0.0	0.778571352122	0.166666666667	0.0294117647059	0.882352941176	0.453333333333	0.0133333333333	1394.0	-2.4497716895	62.0	0.0
Terebratulina	CCT	P	L	0.0	0.500263337282	0.166666666667	0.0526315789474	0.842105263158	0.165217391304	0.0434782608696	1915.0	-2.43518518519	61.0	0.0
Terebratulina	CCG	P	L	0.0	0.500263337282	0.166666666667	0.125	0.875	0.0695652173913	0.0434782608696	1915.0	-2.14390243902	62.0	0.0
Terebratulina	CCA	P	L	0.0	0.500263337282	0.125	0.037037037037	0.888888888889	0.234782608696	0.0434782608696	1915.0	-2.40823699422	60.0	0.0
Terebratulina	CCC	P	L	0.0	0.500263337282	0.166666666667	0.0327868852459	0.852459016393	0.530434782609	0.0434782608696	1915.0	-2.54972103709	63.0	0.0
Beta_vulgaris_maritima	CCT	P	L	0.0	0.189549531222	0.111111111111	0.0243902439024	0.951219512195	0.394230769231	0.0673076923077	1604.0	-2.6180952381	61.0	0.0
Beta_vulgaris_maritima	CCG	P	L	0.0	0.189549531222	0.285714285714	0.142857142857	0.857142857143	0.134615384615	0.0673076923077	1604.0	-2.10583446404	62.0	0.0
Beta_vulgaris_maritima	CCA	P	L	0.0	0.189549531222	0.375	0.125	0.875	0.230769230769	0.0673076923077	1604.0	-2.1389114541	60.0	0.0
Beta_vulgaris_maritima	CCC	P	L	0.0	0.189549531222	0.125	0.04	0.96	0.240384615385	0.0673076923077	1604.0	-2.47932618683	63.0	0.0
Vitis_vinifera	CCT	P	L	0.0	0.141694533983	0.545454545455	0.204081632653	0.714285714286	0.411764705882	0.226890756303	1516.0	-1.49694002448	61.0	0.0
Vitis_vinifera	CCG	P	L	0.0	0.141694533983	0.666666666667	0.466666666667	0.533333333333	0.126050420168	0.226890756303	1516.0	-0.216216216216	62.0	0.0
Vitis_vinifera	CCA	P	L	0.0	0.141694533983	0.625	0.225806451613	0.709677419355	0.260504201681	0.226890756303	1516.0	-1.48730964467	60.0	0.0
Vitis_vinifera	CCC	P	L	0.0	0.141694533983	0.428571428571	0.125	0.833333333333	0.201680672269	0.226890756303	1516.0	-2.01123595506	63.0	0.0
Bfloridae	CCT	P	L	2.0	0.741935394773	0.125	0.030303030303	0.939393939394	0.52380952381	0.015873015873	1192.0	-2.56787196206	61.0	0.0
Katharina	CCT	P	L	0.0	0.681318571293	0.0909090909091	0.015625	0.890625	0.65306122449	0.0102040816327	1917.0	-2.56121509666	61.0	0.0
Lotus_japonicus	CCT	P	L	0.0	0.197271701333	0.3	0.0980392156863	0.823529411765	0.3984375	0.15625	1683.0	-2.09717987805	61.0	0.0
Lotus_japonicus	CCG	P	L	0.0	0.197271701333	0.666666666667	0.315789473684	0.684210526316	0.1484375	0.15625	1683.0	-1.17842741935	62.0	0.0
Lotus_japonicus	CCA	P	L	0.0	0.197271701333	0.625	0.1875	0.8125	0.25	0.15625	1683.0	-1.71358328211	60.0	0.0
Lotus_japonicus	CCC	P	L	0.0	0.197271701333	0.428571428571	0.115384615385	0.807692307692	0.203125	0.15625	1683.0	-2.03384841795	63.0	0.0
Chlamydomonas_reinhardtii	CCT	P	L	0.0	0.124999976024	0.25	0.0769230769231	0.692307692308	0.168831168831	0.012987012987	1389.0	-2.01331360947	61.0	0.0
Brassica_rapa_oleifera	CCT	P	L	0.0	0.982091498323	0.333333333333	0.0851063829787	0.851063829787	0.43119266055	0.0917431192661	1553.0	-2.14473144731	61.0	0.0
Brassica_rapa_oleifera	CCG	P	L	0.0	0.982091498323	0.2	0.0666666666667	0.866666666667	0.137614678899	0.0917431192661	1553.0	-2.4395465995	62.0	0.0
Brassica_rapa_oleifera	CCA	P	L	0.0	0.982091498323	0.375	0.115384615385	0.884615384615	0.238532110092	0.0917431192661	1553.0	-2.15494011976	60.0	0.0
Brassica_rapa_oleifera	CCC	P	L	0.0	0.982091498323	0.285714285714	0.0952380952381	0.809523809524	0.192660550459	0.0917431192661	1553.0	-2.1825613079	63.0	0.0
Glycine_max	CCT	P	L	0.0	0.768714922998	0.444444444444	0.120689655172	0.827586206897	0.467741935484	0.137096774194	1641.0	-2.0	61.0	0.0
Glycine_max	CCG	P	L	0.0	0.768714922998	0.444444444444	0.222222222222	0.777777777778	0.145161290323	0.137096774194	1641.0	-1.69764957265	62.0	0.0
Glycine_max	CCA	P	L	0.0	0.768714922998	0.285714285714	0.130434782609	0.869565217391	0.185483870968	0.137096774194	1641.0	-2.00516795866	60.0	0.0
Glycine_max	CCC	P	L	0.0	0.768714922998	0.428571428571	0.12	0.84	0.201612903226	0.137096774194	1641.0	-2.03146584804	63.0	0.0
Trichinella	CCA	P	L	0.0	0.273239416196	0.111111111111	0.0192307692308	0.788461538462	0.604651162791	0.0232558139535	1883.0	-2.57023220404	60.0	0.0
Trichinella	CCC	P	L	0.0	0.273239416196	0.166666666667	0.111111111111	0.666666666667	0.104651162791	0.0232558139535	1883.0	-2.13555555556	63.0	0.0
Bracteacoccus_minor	CCT	P	L	1.0	0.799186969204	0.125	0.0243902439024	0.853658536585	0.440860215054	0.0322580645161	1686.0	-2.31764146457	61.0	0.0
Bracteacoccus_minor	CCG	P	L	1.0	0.799186969204	0.125	0.0555555555556	0.888888888889	0.193548387097	0.0322580645161	1686.0	-2.47826086957	62.0	0.0
Bracteacoccus_minor	CCA	P	L	1.0	0.799186969204	0.125	0.047619047619	0.857142857143	0.225806451613	0.0322580645161	1686.0	-2.25660377358	60.0	0.0
Chromochloris_zofingiensis	CCA	P	L	2.0	0.051366114936	0.111111111111	0.0322580645161	0.870967741935	0.442857142857	0.0285714285714	1522.0	-2.42433998712	60.0	0.0
Chromochloris_zofingiensis	CCC	P	L	2.0	0.051366114936	0.5	0.333333333333	0.333333333333	0.0428571428571	0.0285714285714	1522.0	-1.02631578947	63.0	0.0
Drosophila	CCT	P	L	0.0	0.680850953642	0.1	0.015873015873	0.936507936508	0.623762376238	0.00990099009901	1919.0	-2.70286433743	61.0	0.0
Sorghum_bicolor	CCT	P	L	0.0	0.694245724332	0.285714285714	0.142857142857	0.821428571429	0.345679012346	0.148148148148	1275.0	-1.9343575419	61.0	0.0
Sorghum_bicolor	CCG	P	L	0.0	0.694245724332	0.25	0.222222222222	0.777777777778	0.111111111111	0.148148148148	1275.0	-1.73628691983	62.0	0.0
Sorghum_bicolor	CCA	P	L	0.0	0.694245724332	0.571428571429	0.178571428571	0.821428571429	0.345679012346	0.148148148148	1275.0	-1.85211267606	60.0	0.0
Sorghum_bicolor	CCC	P	L	0.0	0.694245724332	0.166666666667	0.0625	0.9375	0.197530864198	0.148148148148	1275.0	-2.42739079103	63.0	0.0
Myxine	CCT	P	L	0.0	0.826732613446	0.0909090909091	0.0232558139535	0.790697674419	0.370689655172	0.00862068965517	1919.0	-2.43428831287	61.0	0.0
Epigonichthys	CCA	P	L	0.0	0.387254849496	0.0909090909091	0.03125	0.9375	0.299065420561	0.00934579439252	1918.0	-2.58262454435	60.0	0.0
Zea_mays_s	CCT	P	L	0.0	0.673117344402	0.333333333333	0.121951219512	0.853658536585	0.369369369369	0.126126126126	1605.0	-2.01145584726	61.0	0.0
Zea_mays_s	CCG	P	L	0.0	0.673117344402	0.166666666667	0.133333333333	0.866666666667	0.135135135135	0.126126126126	1605.0	-2.16030534351	62.0	0.0
Zea_mays_s	CCA	P	L	0.0	0.673117344402	0.625	0.171428571429	0.828571428571	0.315315315315	0.126126126126	1605.0	-1.88795986622	60.0	0.0
Zea_mays_s	CCC	P	L	0.0	0.673117344402	0.125	0.05	0.95	0.18018018018	0.126126126126	1605.0	-2.50710900474	63.0	0.0
Saccoglossus	CCT	P	L	0.0	0.639824827281	0.0909090909091	0.0212765957447	0.914893617021	0.423423423423	0.018018018018	1924.0	-2.594639866	61.0	0.0
Saccoglossus	CCC	P	L	0.0	0.639824827281	0.1	0.0357142857143	0.821428571429	0.252252252252	0.018018018018	1924.0	-2.44326990839	63.0	0.0

### Alignment improvement:
